Date,Close
1994-04-06,4.369612216949463
1994-04-07,4.324409484863281
1994-04-08,4.369612216949463
1994-04-11,4.369612216949463
1994-04-12,4.369612216949463
1994-04-13,4.369612216949463
1994-04-14,4.218937397003174
1994-04-15,4.249072551727295
1994-04-18,4.369612216949463
1994-04-19,4.369612216949463
1994-04-20,4.294275283813477
1994-04-21,4.279207229614258
1994-04-22,4.369612216949463
1994-04-25,4.369612216949463
1994-04-26,4.260372161865234
1994-04-28,4.339478969573975
1994-04-29,4.339478969573975
1994-05-02,4.369612216949463
1994-05-03,4.369612216949463
1994-05-04,4.369612216949463
1994-05-05,4.369612216949463
1994-05-06,4.248234748840332
1994-05-09,4.430303573608398
1994-05-10,4.369614124298096
1994-05-11,4.278580188751221
1994-05-12,4.369614124298096
1994-05-13,4.278580188751221
1994-05-16,4.430303573608398
1994-05-17,4.430303573608398
1994-05-18,4.415131092071533
1994-05-19,4.278580188751221
1994-05-20,4.278580188751221
1994-05-23,4.278580188751221
1994-05-24,4.399957180023193
1994-05-25,4.399957180023193
1994-05-26,4.399957180023193
1994-05-27,4.399957180023193
1994-05-31,4.399957180023193
1994-06-01,4.369614124298096
1994-06-02,4.278580188751221
1994-06-03,4.278580188751221
1994-06-06,4.339269161224365
1994-06-07,4.339269161224365
1994-06-08,4.339269161224365
1994-06-09,4.339269161224365
1994-06-10,4.339269161224365
1994-06-13,4.339269161224365
1994-06-14,4.369614124298096
1994-06-15,4.399957180023193
1994-06-16,4.399957180023193
1994-06-17,4.399957180023193
1994-06-20,4.399957180023193
1994-06-21,4.399957180023193
1994-06-22,4.369614124298096
1994-06-23,4.369614124298096
1994-06-24,4.278580188751221
1994-06-27,4.278580188751221
1994-06-28,4.339269161224365
1994-06-29,4.339269161224365
1994-06-30,4.339269161224365
1994-07-01,4.339269161224365
1994-07-05,4.339269161224365
1994-07-06,4.278580188751221
1994-07-07,4.278580188751221
1994-07-08,4.278580188751221
1994-07-11,4.278580188751221
1994-07-12,4.278580188751221
1994-07-13,4.399957180023193
1994-07-14,4.399957180023193
1994-07-15,4.399957180023193
1994-07-18,4.399957180023193
1994-07-19,4.399957180023193
1994-07-20,4.399957180023193
1994-07-21,4.399957180023193
1994-07-22,4.399957180023193
1994-07-25,4.278580188751221
1994-07-26,4.278580188751221
1994-07-27,4.278580188751221
1994-07-28,4.278580188751221
1994-07-29,4.324097156524658
1994-08-01,4.324097156524658
1994-08-02,4.324097156524658
1994-08-03,4.324097156524658
1994-08-04,4.324097156524658
1994-08-05,4.278580188751221
1994-08-08,4.278580188751221
1994-08-09,4.339269161224365
1994-08-10,4.399957180023193
1994-08-11,4.399957180023193
1994-08-12,4.399957180023193
1994-08-15,4.399957180023193
1994-08-16,4.399957180023193
1994-08-17,4.369614124298096
1994-08-18,4.308923721313477
1994-08-19,4.308923721313477
1994-08-22,4.460648536682129
1994-08-23,4.460648536682129
1994-08-24,4.460648536682129
1994-08-25,4.460648536682129
1994-08-26,4.369614124298096
1994-08-29,4.369614124298096
1994-08-30,4.369614124298096
1994-08-31,4.3847856521606445
1994-09-01,4.3847856521606445
1994-09-02,4.3847856521606445
1994-09-06,4.3847856521606445
1994-09-07,4.369614124298096
1994-09-08,4.369614124298096
1994-09-09,4.369614124298096
1994-09-12,4.430303573608398
1994-09-13,4.430303573608398
1994-09-14,4.430303573608398
1994-09-15,4.430303573608398
1994-09-16,4.369614124298096
1994-09-19,4.369614124298096
1994-09-20,4.369614124298096
1994-09-21,4.369614124298096
1994-09-22,4.369614124298096
1994-09-23,4.369614124298096
1994-09-26,4.369614124298096
1994-09-27,4.369614124298096
1994-09-28,4.460648536682129
1994-09-29,4.460648536682129
1994-09-30,4.430303573608398
1994-10-03,4.430303573608398
1994-10-04,4.430303573608398
1994-10-05,4.430303573608398
1994-10-06,4.460648536682129
1994-10-07,4.369614124298096
1994-10-10,4.399957180023193
1994-10-11,4.460648536682129
1994-10-12,4.460648536682129
1994-10-13,4.460648536682129
1994-10-14,4.460648536682129
1994-10-17,4.460648536682129
1994-10-18,4.460648536682129
1994-10-19,4.460648536682129
1994-10-20,4.460648536682129
1994-10-21,4.460648536682129
1994-10-24,4.490990161895752
1994-10-25,4.430303573608398
1994-10-26,4.460648536682129
1994-10-27,4.5516791343688965
1994-10-28,4.5516791343688965
1994-10-31,4.536407470703125
1994-11-01,4.536407470703125
1994-11-02,4.536407470703125
1994-11-03,4.536407470703125
1994-11-04,4.536407470703125
1994-11-07,4.536407470703125
1994-11-08,4.536407470703125
1994-11-09,4.536407470703125
1994-11-10,4.582228183746338
1994-11-11,4.582228183746338
1994-11-14,4.4600348472595215
1994-11-15,4.582228183746338
1994-11-16,4.582228183746338
1994-11-17,4.490584850311279
1994-11-18,4.5516791343688965
1994-11-21,4.505856513977051
1994-11-22,4.505856513977051
1994-11-23,4.505856513977051
1994-11-25,4.505856513977051
1994-11-28,4.505856513977051
1994-11-29,4.521131992340088
1994-11-30,4.521131992340088
1994-12-01,4.528770446777344
1994-12-02,4.528770446777344
1994-12-05,4.528770446777344
1994-12-06,4.15455436706543
1994-12-07,4.15455436706543
1994-12-08,4.15455436706543
1994-12-09,4.15455436706543
1994-12-12,4.15455436706543
1994-12-13,4.15455436706543
1994-12-14,4.21565055847168
1994-12-15,4.032360076904297
1994-12-16,4.032360076904297
1994-12-19,4.093456268310547
1994-12-20,4.185103416442871
1994-12-21,4.185103416442871
1994-12-22,4.185103416442871
1994-12-23,4.185103416442871
1994-12-27,4.15455436706543
1994-12-28,4.185103416442871
1994-12-29,4.185103416442871
1994-12-30,4.078183650970459
1995-01-03,4.116367816925049
1995-01-04,4.062910556793213
1995-01-05,4.062910556793213
1995-01-06,4.21565055847168
1995-01-09,4.21565055847168
1995-01-10,4.21565055847168
1995-01-11,4.185103416442871
1995-01-12,4.15455436706543
1995-01-13,4.185103416442871
1995-01-16,4.1240057945251465
1995-01-17,4.185103416442871
1995-01-18,4.15455436706543
1995-01-19,4.185103416442871
1995-01-20,4.185103416442871
1995-01-23,4.1240057945251465
1995-01-24,4.185103416442871
1995-01-25,4.185103416442871
1995-01-26,4.21565055847168
1995-01-27,4.21565055847168
1995-01-30,4.21565055847168
1995-01-31,4.185103416442871
1995-02-01,4.1240057945251465
1995-02-02,4.1240057945251465
1995-02-03,4.1240057945251465
1995-02-06,4.21565055847168
1995-02-07,4.1240057945251465
1995-02-08,4.15455436706543
1995-02-09,4.15455436706543
1995-02-10,4.185103416442871
1995-02-13,4.15455436706543
1995-02-14,4.15455436706543
1995-02-15,4.21565055847168
1995-02-16,4.21565055847168
1995-02-17,4.200376033782959
1995-02-21,4.200376033782959
1995-02-22,4.200376033782959
1995-02-23,4.200376033782959
1995-02-24,4.200376033782959
1995-02-27,4.200376033782959
1995-02-28,4.200376033782959
1995-03-01,4.21565055847168
1995-03-02,4.21565055847168
1995-03-03,4.21565055847168
1995-03-06,4.200376033782959
1995-03-07,4.200376033782959
1995-03-08,4.200376033782959
1995-03-09,4.21565055847168
1995-03-10,4.15455436706543
1995-03-13,4.208014488220215
1995-03-14,4.238558769226074
1995-03-15,4.15455436706543
1995-03-16,4.238558769226074
1995-03-17,4.238558769226074
1995-03-20,4.246201038360596
1995-03-21,4.16982889175415
1995-03-22,4.16982889175415
1995-03-23,4.16982889175415
1995-03-24,4.21565055847168
1995-03-27,4.21565055847168
1995-03-28,4.185103416442871
1995-03-29,4.246201038360596
1995-03-30,4.276747703552246
1995-03-31,4.185103416442871
1995-04-03,4.185103416442871
1995-04-04,4.276747703552246
1995-04-05,4.246201038360596
1995-04-06,4.246201038360596
1995-04-07,4.276747703552246
1995-04-10,4.246201038360596
1995-04-11,4.200376033782959
1995-04-12,4.185103416442871
1995-04-13,4.276747703552246
1995-04-17,4.276747703552246
1995-04-18,4.21565055847168
1995-04-19,4.276747703552246
1995-04-20,4.276747703552246
1995-04-21,4.276747703552246
1995-04-24,4.185103416442871
1995-04-25,4.185103416442871
1995-04-26,4.276747703552246
1995-04-27,4.276747703552246
1995-04-28,4.185103416442871
1995-05-01,4.185103416442871
1995-05-02,4.185103416442871
1995-05-03,4.185103416442871
1995-05-04,4.185103416442871
1995-05-05,4.307292938232422
1995-05-08,4.339299201965332
1995-05-09,4.308525562286377
1995-05-10,4.339299201965332
1995-05-11,4.277751445770264
1995-05-12,4.277751445770264
1995-05-15,4.216200351715088
1995-05-16,4.277751445770264
1995-05-17,4.277751445770264
1995-05-18,4.277751445770264
1995-05-19,4.277751445770264
1995-05-22,4.277751445770264
1995-05-23,4.216200351715088
1995-05-24,4.216200351715088
1995-05-25,4.339299201965332
1995-05-26,4.339299201965332
1995-05-30,4.339299201965332
1995-05-31,4.216200351715088
1995-06-01,4.277751445770264
1995-06-02,4.339299201965332
1995-06-05,4.277751445770264
1995-06-06,4.277751445770264
1995-06-07,4.308525562286377
1995-06-08,4.246975421905518
1995-06-09,4.277751445770264
1995-06-12,4.339299201965332
1995-06-13,4.339299201965332
1995-06-14,4.308525562286377
1995-06-15,4.308525562286377
1995-06-16,4.308525562286377
1995-06-19,4.308525562286377
1995-06-20,4.308525562286377
1995-06-21,4.308525562286377
1995-06-22,4.308525562286377
1995-06-23,4.308525562286377
1995-06-26,4.308525562286377
1995-06-27,4.308525562286377
1995-06-28,4.308525562286377
1995-06-29,4.308525562286377
1995-06-30,4.308525562286377
1995-07-03,4.308525562286377
1995-07-05,4.308525562286377
1995-07-06,4.308525562286377
1995-07-07,4.246975421905518
1995-07-10,4.246975421905518
1995-07-11,4.246975421905518
1995-07-12,4.246975421905518
1995-07-13,4.246975421905518
1995-07-14,4.246975421905518
1995-07-17,4.246975421905518
1995-07-18,4.339299201965332
1995-07-19,4.339299201965332
1995-07-20,4.339299201965332
1995-07-21,4.339299201965332
1995-07-24,4.339299201965332
1995-07-25,4.339299201965332
1995-07-26,4.246975421905518
1995-07-27,4.246975421905518
1995-07-28,4.246975421905518
1995-07-31,4.277751445770264
1995-08-01,4.339299201965332
1995-08-02,4.3700761795043945
1995-08-03,4.32391357421875
1995-08-04,4.32391357421875
1995-08-07,4.32391357421875
1995-08-08,4.246975421905518
1995-08-09,4.359292030334473
1995-08-10,4.359292030334473
1995-08-11,4.359292030334473
1995-08-14,4.405834197998047
1995-08-15,4.359292030334473
1995-08-16,4.312754154205322
1995-08-17,4.390321254730225
1995-08-18,4.343778610229492
1995-08-21,4.312754154205322
1995-08-22,4.312754154205322
1995-08-23,4.43686056137085
1995-08-24,4.343778610229492
1995-08-25,4.390321254730225
1995-08-28,4.43686056137085
1995-08-29,4.374806880950928
1995-08-30,4.374806880950928
1995-08-31,4.4523749351501465
1995-09-01,4.4523749351501465
1995-09-05,4.4523749351501465
1995-09-06,4.4523749351501465
1995-09-07,4.4523749351501465
1995-09-08,4.4989166259765625
1995-09-11,4.405834197998047
1995-09-12,4.4989166259765625
1995-09-13,4.4989166259765625
1995-09-14,4.4989166259765625
1995-09-15,4.4989166259765625
1995-09-18,4.4989166259765625
1995-09-19,4.4989166259765625
1995-09-20,4.4989166259765625
1995-09-21,4.4989166259765625
1995-09-22,4.4989166259765625
1995-09-25,4.467887878417969
1995-09-26,4.405834197998047
1995-09-27,4.529942035675049
1995-09-28,4.405834197998047
1995-09-29,4.529942035675049
1995-10-02,4.529942035675049
1995-10-03,4.529942035675049
1995-10-04,4.529942035675049
1995-10-05,4.43686056137085
1995-10-06,4.4989166259765625
1995-10-09,4.529942035675049
1995-10-10,4.529942035675049
1995-10-11,4.529942035675049
1995-10-12,4.529942035675049
1995-10-13,4.545453071594238
1995-10-16,4.545453071594238
1995-10-17,4.545453071594238
1995-10-18,4.545453071594238
1995-10-19,4.545453071594238
1995-10-20,4.545453071594238
1995-10-23,4.623021602630615
1995-10-24,4.545453071594238
1995-10-25,4.545453071594238
1995-10-26,4.545453071594238
1995-10-27,4.545453071594238
1995-10-30,4.545453071594238
1995-10-31,4.545453071594238
1995-11-01,4.545453071594238
1995-11-02,4.545453071594238
1995-11-03,4.545453071594238
1995-11-06,4.545453071594238
1995-11-07,4.545453071594238
1995-11-08,4.658637046813965
1995-11-09,4.9400315284729
1995-11-10,4.9400315284729
1995-11-13,4.9400315284729
1995-11-14,4.9400315284729
1995-11-15,4.9400315284729
1995-11-16,4.752436637878418
1995-11-17,5.065095901489258
1995-11-20,4.971299171447754
1995-11-21,5.158896446228027
1995-11-22,5.158896446228027
1995-11-24,4.908766746520996
1995-11-27,5.002565860748291
1995-11-28,5.065095901489258
1995-11-29,5.002565860748291
1995-11-30,5.158896446228027
1995-12-01,5.158896446228027
1995-12-04,5.096362113952637
1995-12-05,5.096362113952637
1995-12-06,5.096362113952637
1995-12-07,5.3152265548706055
1995-12-08,5.3152265548706055
1995-12-11,5.3152265548706055
1995-12-12,4.9400315284729
1995-12-13,4.9400315284729
1995-12-14,5.127631664276123
1995-12-15,5.127631664276123
1995-12-18,5.127631664276123
1995-12-19,5.127631664276123
1995-12-20,5.127631664276123
1995-12-21,4.9400315284729
1995-12-22,4.9400315284729
1995-12-26,4.9400315284729
1995-12-27,4.9400315284729
1995-12-28,4.9400315284729
1995-12-29,4.9400315284729
1996-01-02,7.410053730010986
1996-01-03,4.930262088775635
1996-01-04,5.111995697021484
1996-01-05,5.346491813659668
1996-01-08,5.346491813659668
1996-01-09,5.346491813659668
1996-01-10,5.252693176269531
1996-01-11,5.252693176269531
1996-01-12,5.252693176269531
1996-01-15,5.252693176269531
1996-01-16,5.205795764923096
1996-01-17,5.205795764923096
1996-01-18,5.393391132354736
1996-01-19,5.393391132354736
1996-01-22,5.393391132354736
1996-01-23,5.393391132354736
1996-01-24,5.393391132354736
1996-01-25,5.2995924949646
1996-01-26,5.205795764923096
1996-01-29,5.393391132354736
1996-01-30,5.393391132354736
1996-01-31,5.393391132354736
1996-02-01,5.393391132354736
1996-02-02,5.393391132354736
1996-02-05,5.393391132354736
1996-02-06,5.205795764923096
1996-02-07,5.205795764923096
1996-02-08,5.205795764923096
1996-02-09,5.205795764923096
1996-02-12,5.205795764923096
1996-02-13,5.241684436798096
1996-02-14,5.241684436798096
1996-02-15,5.241684436798096
1996-02-16,5.241684436798096
1996-02-20,5.194461822509766
1996-02-21,5.265293598175049
1996-02-22,5.336127281188965
1996-02-23,5.288906574249268
1996-02-26,5.288906574249268
1996-02-27,5.336127281188965
1996-02-28,5.525016784667969
1996-02-29,5.525016784667969
1996-03-01,5.525016784667969
1996-03-04,5.40696382522583
1996-03-05,5.713903427124023
1996-03-06,5.40696382522583
1996-03-07,5.40696382522583
1996-03-08,5.40696382522583
1996-03-11,5.572240352630615
1996-03-12,5.7611308097839355
1996-03-13,5.7611308097839355
1996-03-14,5.7611308097839355
1996-03-15,5.7611308097839355
1996-03-18,5.7611308097839355
1996-03-19,5.7611308097839355
1996-03-20,5.7611308097839355
1996-03-21,5.7611308097839355
1996-03-22,5.7611308097839355
1996-03-25,5.572240352630615
1996-03-26,5.572240352630615
1996-03-27,5.572240352630615
1996-03-28,5.572240352630615
1996-03-29,5.619462013244629
1996-04-01,5.572240352630615
1996-04-02,5.7611308097839355
1996-04-03,5.7611308097839355
1996-04-04,5.7611308097839355
1996-04-08,5.7611308097839355
1996-04-09,5.7611308097839355
1996-04-10,5.666682720184326
1996-04-11,5.666682720184326
1996-04-12,5.525016784667969
1996-04-15,5.855572700500488
1996-04-16,5.950017929077148
1996-04-17,5.950017929077148
1996-04-18,5.950017929077148
1996-04-19,5.950017929077148
1996-04-22,5.950017929077148
1996-04-23,5.950017929077148
1996-04-24,5.666682720184326
1996-04-25,5.855572700500488
1996-04-26,5.855572700500488
1996-04-29,5.855572700500488
1996-04-30,5.855572700500488
1996-05-01,5.666682720184326
1996-05-02,5.808351039886475
1996-05-03,5.808351039886475
1996-05-06,5.808351039886475
1996-05-07,5.808351039886475
1996-05-08,5.844461441040039
1996-05-09,5.654399394989014
1996-05-10,5.654399394989014
1996-05-13,5.701916694641113
1996-05-14,5.8919758796691895
1996-05-15,5.8919758796691895
1996-05-16,5.701916694641113
1996-05-17,5.654399394989014
1996-05-20,5.8919758796691895
1996-05-21,5.701916694641113
1996-05-22,5.701916694641113
1996-05-23,5.8919758796691895
1996-05-24,5.8919758796691895
1996-05-28,5.701916694641113
1996-05-29,5.844461441040039
1996-05-30,5.844461441040039
1996-05-31,5.844461441040039
1996-06-03,5.701916694641113
1996-06-04,5.701916694641113
1996-06-05,5.987010955810547
1996-06-06,5.817734718322754
1996-06-07,5.770218372344971
1996-06-10,5.770218372344971
1996-06-11,5.701916694641113
1996-06-12,5.701916694641113
1996-06-13,5.817734718322754
1996-06-14,5.817734718322754
1996-06-17,5.817734718322754
1996-06-18,5.701916694641113
1996-06-19,5.701916694641113
1996-06-20,5.701916694641113
1996-06-21,5.701916694641113
1996-06-24,5.701916694641113
1996-06-25,5.701916694641113
1996-06-26,5.701916694641113
1996-06-27,5.701916694641113
1996-06-28,5.701916694641113
1996-07-01,5.749429225921631
1996-07-02,5.722702980041504
1996-07-03,5.987010955810547
1996-07-05,5.749429225921631
1996-07-08,5.987010955810547
1996-07-09,5.749429225921631
1996-07-10,5.749429225921631
1996-07-11,5.749429225921631
1996-07-12,5.93949556350708
1996-07-15,5.701916694641113
1996-07-16,5.93949556350708
1996-07-17,5.93949556350708
1996-07-18,5.749429225921631
1996-07-19,5.749429225921631
1996-07-22,5.93949556350708
1996-07-23,5.93949556350708
1996-07-24,5.93949556350708
1996-07-25,5.749429225921631
1996-07-26,5.93949556350708
1996-07-29,5.93949556350708
1996-07-30,5.749429225921631
1996-07-31,5.987010955810547
1996-08-01,5.987010955810547
1996-08-02,5.987010955810547
1996-08-05,5.796947002410889
1996-08-06,5.796947002410889
1996-08-07,5.796947002410889
1996-08-08,5.796947002410889
1996-08-09,5.796947002410889
1996-08-12,5.796947002410889
1996-08-13,5.796947002410889
1996-08-14,5.796947002410889
1996-08-15,5.844461441040039
1996-08-16,5.817734718322754
1996-08-19,5.844461441040039
1996-08-20,5.844461441040039
1996-08-21,5.987010955810547
1996-08-22,5.796947002410889
1996-08-23,5.796947002410889
1996-08-26,5.796947002410889
1996-08-27,5.796947002410889
1996-08-28,5.796947002410889
1996-08-29,5.796947002410889
1996-08-30,5.796947002410889
1996-09-03,5.796947002410889
1996-09-04,5.796947002410889
1996-09-05,5.796947002410889
1996-09-06,5.796947002410889
1996-09-09,5.796947002410889
1996-09-10,5.817734718322754
1996-09-11,5.796947002410889
1996-09-12,5.844461441040039
1996-09-13,5.844461441040039
1996-09-16,5.844461441040039
1996-09-17,5.8919758796691895
1996-09-18,5.8919758796691895
1996-09-19,5.93949556350708
1996-09-20,5.93949556350708
1996-09-23,5.8919758796691895
1996-09-24,5.8919758796691895
1996-09-25,5.8919758796691895
1996-09-26,6.082045555114746
1996-09-27,5.93949556350708
1996-09-30,5.93949556350708
1996-10-01,5.93949556350708
1996-10-02,5.93949556350708
1996-10-03,5.93949556350708
1996-10-04,5.93949556350708
1996-10-07,6.129560470581055
1996-10-08,6.129560470581055
1996-10-09,6.129560470581055
1996-10-10,6.129560470581055
1996-10-11,6.129560470581055
1996-10-14,6.129560470581055
1996-10-15,6.129560470581055
1996-10-16,6.129560470581055
1996-10-17,5.93949556350708
1996-10-18,5.93949556350708
1996-10-21,5.93949556350708
1996-10-22,5.93949556350708
1996-10-23,5.93949556350708
1996-10-24,5.93949556350708
1996-10-25,5.93949556350708
1996-10-28,5.93949556350708
1996-10-29,5.93949556350708
1996-10-30,5.93949556350708
1996-10-31,6.129560470581055
1996-11-01,6.129560470581055
1996-11-04,6.129560470581055
1996-11-05,6.272107124328613
1996-11-06,6.1770782470703125
1996-11-07,6.082045555114746
1996-11-08,6.082045555114746
1996-11-11,6.082045555114746
1996-11-12,6.082045555114746
1996-11-13,5.987010955810547
1996-11-14,5.987010955810547
1996-11-15,6.1770782470703125
1996-11-18,6.1770782470703125
1996-11-19,6.1770782470703125
1996-11-20,5.987010955810547
1996-11-21,5.987010955810547
1996-11-22,6.1770782470703125
1996-11-25,6.1770782470703125
1996-11-26,6.1770782470703125
1996-11-27,6.1770782470703125
1996-11-29,6.1770782470703125
1996-12-02,6.1770782470703125
1996-12-03,6.1770782470703125
1996-12-04,6.1770782470703125
1996-12-05,6.1770782470703125
1996-12-06,6.1770782470703125
1996-12-09,6.129560470581055
1996-12-10,6.129560470581055
1996-12-11,6.129560470581055
1996-12-12,5.987010955810547
1996-12-13,5.987010955810547
1996-12-16,5.987010955810547
1996-12-17,5.987010955810547
1996-12-18,5.93949556350708
1996-12-19,6.082045555114746
1996-12-20,6.272107124328613
1996-12-23,5.987010955810547
1996-12-24,5.987010955810547
1996-12-26,6.1770782470703125
1996-12-27,6.1770782470703125
1996-12-30,6.1770782470703125
1996-12-31,6.1770782470703125
1997-01-02,6.1770782470703125
1997-01-03,6.1770782470703125
1997-01-06,6.1770782470703125
1997-01-07,6.272107124328613
1997-01-08,6.272107124328613
1997-01-09,6.272107124328613
1997-01-10,6.272107124328613
1997-01-13,5.93949556350708
1997-01-14,6.082045555114746
1997-01-15,6.129560470581055
1997-01-16,6.129560470581055
1997-01-17,6.082045555114746
1997-01-20,6.082045555114746
1997-01-21,5.987010955810547
1997-01-22,6.272107124328613
1997-01-23,6.129560470581055
1997-01-24,6.1770782470703125
1997-01-27,6.1770782470703125
1997-01-28,5.93949556350708
1997-01-29,6.034524440765381
1997-01-30,6.082045555114746
1997-01-31,5.987010955810547
1997-02-03,6.129560470581055
1997-02-04,6.272107124328613
1997-02-05,6.272107124328613
1997-02-06,6.272107124328613
1997-02-07,6.272107124328613
1997-02-10,6.082045555114746
1997-02-11,6.082045555114746
1997-02-12,6.082045555114746
1997-02-13,6.129560470581055
1997-02-14,6.034524440765381
1997-02-18,6.034524440765381
1997-02-19,6.1770782470703125
1997-02-20,6.082045555114746
1997-02-21,6.082045555114746
1997-02-24,6.082045555114746
1997-02-25,5.987010955810547
1997-02-26,5.987010955810547
1997-02-27,6.129560470581055
1997-02-28,6.129560470581055
1997-03-03,6.4621686935424805
1997-03-04,6.1770782470703125
1997-03-05,6.272107124328613
1997-03-06,6.4621686935424805
1997-03-07,6.4621686935424805
1997-03-10,6.4621686935424805
1997-03-11,6.4621686935424805
1997-03-12,6.4621686935424805
1997-03-13,6.557200908660889
1997-03-14,6.319623947143555
1997-03-17,6.224589824676514
1997-03-18,6.4621686935424805
1997-03-19,6.4621686935424805
1997-03-20,6.6225361824035645
1997-03-21,6.319623947143555
1997-03-24,6.414653301239014
1997-03-25,6.414653301239014
1997-03-26,6.414653301239014
1997-03-27,6.367137908935547
1997-03-31,6.5096893310546875
1997-04-01,6.6225361824035645
1997-04-02,6.367137908935547
1997-04-03,6.272107124328613
1997-04-04,6.4621686935424805
1997-04-07,6.4621686935424805
1997-04-08,6.272107124328613
1997-04-09,6.272107124328613
1997-04-10,6.272107124328613
1997-04-11,6.367137908935547
1997-04-14,6.367137908935547
1997-04-15,6.367137908935547
1997-04-16,6.367137908935547
1997-04-17,6.367137908935547
1997-04-18,6.604719638824463
1997-04-21,6.604719638824463
1997-04-22,6.272107124328613
1997-04-23,6.4621686935424805
1997-04-24,6.4621686935424805
1997-04-25,6.272107124328613
1997-04-28,6.272107124328613
1997-04-29,6.557200908660889
1997-04-30,6.4621686935424805
1997-05-01,6.4621686935424805
1997-05-02,6.4621686935424805
1997-05-05,6.4621686935424805
1997-05-06,6.319623947143555
1997-05-07,6.319623947143555
1997-05-08,6.319623947143555
1997-05-09,6.319623947143555
1997-05-12,6.319623947143555
1997-05-13,6.4621686935424805
1997-05-14,6.4621686935424805
1997-05-15,6.2928972244262695
1997-05-16,6.2928972244262695
1997-05-19,6.319623947143555
1997-05-20,6.4621686935424805
1997-05-21,6.414653301239014
1997-05-22,6.4621686935424805
1997-05-23,6.4621686935424805
1997-05-27,6.4621686935424805
1997-05-28,6.4621686935424805
1997-05-29,6.4621686935424805
1997-05-30,6.4621686935424805
1997-06-02,6.4621686935424805
1997-06-03,6.272107124328613
1997-06-04,6.319623947143555
1997-06-05,6.319623947143555
1997-06-06,6.65223503112793
1997-06-09,6.65223503112793
1997-06-10,6.65223503112793
1997-06-11,6.319623947143555
1997-06-12,6.319623947143555
1997-06-13,6.65223503112793
1997-06-16,6.65223503112793
1997-06-17,6.65223503112793
1997-06-18,6.65223503112793
1997-06-19,6.65223503112793
1997-06-20,6.65223503112793
1997-06-23,6.319623947143555
1997-06-24,6.4621686935424805
1997-06-25,6.4621686935424805
1997-06-26,6.4621686935424805
1997-06-27,6.4621686935424805
1997-06-30,6.432475566864014
1997-07-01,6.367137908935547
1997-07-02,6.367137908935547
1997-07-03,6.340411186218262
1997-07-07,6.340411186218262
1997-07-08,6.340411186218262
1997-07-09,6.340411186218262
1997-07-10,6.340411186218262
1997-07-11,6.65223503112793
1997-07-14,6.65223503112793
1997-07-15,6.272107124328613
1997-07-16,6.319623947143555
1997-07-17,6.5096893310546875
1997-07-18,6.5096893310546875
1997-07-21,6.319623947143555
1997-07-22,6.4621686935424805
1997-07-23,6.65223503112793
1997-07-24,6.65223503112793
1997-07-25,6.65223503112793
1997-07-28,6.65223503112793
1997-07-29,6.65223503112793
1997-07-30,6.65223503112793
1997-07-31,6.530477046966553
1997-08-01,6.367137908935547
1997-08-04,6.367137908935547
1997-08-05,6.367137908935547
1997-08-06,6.367137908935547
1997-08-07,6.367137908935547
1997-08-08,6.367137908935547
1997-08-11,6.367137908935547
1997-08-12,6.367137908935547
1997-08-13,6.367137908935547
1997-08-14,6.414653301239014
1997-08-15,6.4621686935424805
1997-08-18,6.557200908660889
1997-08-19,6.557200908660889
1997-08-20,6.4621686935424805
1997-08-21,6.414653301239014
1997-08-22,6.557200908660889
1997-08-25,6.557200908660889
1997-08-26,6.557200908660889
1997-08-27,6.604719638824463
1997-08-28,6.604719638824463
1997-08-29,6.79478120803833
1997-09-02,6.937331199645996
1997-09-03,6.8898162841796875
1997-09-04,6.8898162841796875
1997-09-05,6.747268199920654
1997-09-08,6.747268199920654
1997-09-09,6.842300891876221
1997-09-10,6.842300891876221
1997-09-11,6.842300891876221
1997-09-12,6.842300891876221
1997-09-15,6.8898162841796875
1997-09-16,6.937331199645996
1997-09-17,6.937331199645996
1997-09-18,6.937331199645996
1997-09-19,7.07987642288208
1997-09-22,7.07987642288208
1997-09-23,7.222424030303955
1997-09-24,7.222424030303955
1997-09-25,7.222424030303955
1997-09-26,7.222424030303955
1997-09-29,7.222424030303955
1997-09-30,7.195700168609619
1997-10-01,7.195700168609619
1997-10-02,7.4600114822387695
1997-10-03,7.127394199371338
1997-10-06,7.127394199371338
1997-10-07,7.174911022186279
1997-10-08,7.127394199371338
1997-10-09,7.127394199371338
1997-10-10,7.127394199371338
1997-10-13,7.127394199371338
1997-10-14,7.127394199371338
1997-10-15,7.127394199371338
1997-10-16,7.222424030303955
1997-10-17,7.5075249671936035
1997-10-20,7.222424030303955
1997-10-21,7.174911022186279
1997-10-22,7.5075249671936035
1997-10-23,7.5075249671936035
1997-10-24,7.5075249671936035
1997-10-27,7.269944667816162
1997-10-28,7.364975929260254
1997-10-29,7.41248893737793
1997-10-30,7.41248893737793
1997-10-31,7.41248893737793
1997-11-03,7.41248893737793
1997-11-04,7.41248893737793
1997-11-05,7.555037975311279
1997-11-06,7.555037975311279
1997-11-07,7.555037975311279
1997-11-10,7.41248893737793
1997-11-11,7.41248893737793
1997-11-12,7.555037975311279
1997-11-13,7.555037975311279
1997-11-14,7.555037975311279
1997-11-17,7.792616844177246
1997-11-18,8.172743797302246
1997-11-19,8.172743797302246
1997-11-20,8.172743797302246
1997-11-21,8.172743797302246
1997-11-24,8.172743797302246
1997-11-25,8.552872657775879
1997-11-26,8.552872657775879
1997-11-28,8.552872657775879
1997-12-01,8.695415496826172
1997-12-02,8.695415496826172
1997-12-03,8.837967872619629
1997-12-04,8.837967872619629
1997-12-05,9.598223686218262
1997-12-08,9.313130378723145
1997-12-09,9.455677032470703
1997-12-10,9.218104362487793
1997-12-11,9.218104362487793
1997-12-12,9.598223686218262
1997-12-15,9.693255424499512
1997-12-16,9.788289070129395
1997-12-17,9.788289070129395
1997-12-18,9.788289070129395
1997-12-19,9.788289070129395
1997-12-22,9.788289070129395
1997-12-23,10.02586841583252
1997-12-24,10.02586841583252
1997-12-26,10.02586841583252
1997-12-29,10.02586841583252
1997-12-30,10.02586841583252
1997-12-31,9.550704002380371
1998-01-02,9.550704002380371
1998-01-05,9.550704002380371
1998-01-06,9.550704002380371
1998-01-07,9.550704002380371
1998-01-08,9.455677032470703
1998-01-09,9.788289070129395
1998-01-12,9.645740509033203
1998-01-13,9.645740509033203
1998-01-14,9.645740509033203
1998-01-15,9.550704002380371
1998-01-16,9.550704002380371
1998-01-20,9.693255424499512
1998-01-21,9.693255424499512
1998-01-22,10.120895385742188
1998-01-23,10.120895385742188
1998-01-26,10.120895385742188
1998-01-27,9.455677032470703
1998-01-28,9.455677032470703
1998-01-29,9.455677032470703
1998-01-30,9.74077033996582
1998-02-02,9.74077033996582
1998-02-03,9.503192901611328
1998-02-04,10.120895385742188
1998-02-05,9.764531135559082
1998-02-06,10.508454322814941
1998-02-09,10.120895385742188
1998-02-10,10.120895385742188
1998-02-11,10.04962158203125
1998-02-12,10.04962158203125
1998-02-13,10.120895385742188
1998-02-17,10.04962158203125
1998-02-18,10.6198148727417
1998-02-19,10.192174911499023
1998-02-20,9.978355407714844
1998-02-23,10.192174911499023
1998-02-24,10.405996322631836
1998-02-25,10.120895385742188
1998-02-26,10.120895385742188
1998-02-27,10.365900993347168
1998-03-02,10.365900993347168
1998-03-03,10.192174911499023
1998-03-04,10.334723472595215
1998-03-05,10.192174911499023
1998-03-06,10.548548698425293
1998-03-09,10.192174911499023
1998-03-10,10.477269172668457
1998-03-11,10.6198148727417
1998-03-12,10.6198148727417
1998-03-13,10.334723472595215
1998-03-16,10.6198148727417
1998-03-17,10.548548698425293
1998-03-18,10.405996322631836
1998-03-19,10.6198148727417
1998-03-20,10.548548698425293
1998-03-23,10.334723472595215
1998-03-24,10.548548698425293
1998-03-25,10.548548698425293
1998-03-26,10.548548698425293
1998-03-27,10.548548698425293
1998-03-30,10.548548698425293
1998-03-31,10.6198148727417
1998-04-01,10.691092491149902
1998-04-02,10.477269172668457
1998-04-03,10.691092491149902
1998-04-06,10.762369155883789
1998-04-07,10.477269172668457
1998-04-08,10.477269172668457
1998-04-09,10.477269172668457
1998-04-13,10.405996322631836
1998-04-14,10.405996322631836
1998-04-15,10.691092491149902
1998-04-16,10.691092491149902
1998-04-17,10.833640098571777
1998-04-20,10.405996322631836
1998-04-21,10.691092491149902
1998-04-22,10.833640098571777
1998-04-23,10.691092491149902
1998-04-24,10.904913902282715
1998-04-27,10.904913902282715
1998-04-28,10.904913902282715
1998-04-29,10.864823341369629
1998-04-30,10.869275093078613
1998-05-01,10.762369155883789
1998-05-04,10.691092491149902
1998-05-05,10.691092491149902
1998-05-06,11.118739128112793
1998-05-07,10.97618579864502
1998-05-08,10.97618579864502
1998-05-11,10.691092491149902
1998-05-12,10.762369155883789
1998-05-13,10.762369155883789
1998-05-14,10.97618579864502
1998-05-15,11.118739128112793
1998-05-18,11.047456741333008
1998-05-19,10.904913902282715
1998-05-20,11.118739128112793
1998-05-21,10.833640098571777
1998-05-22,10.833640098571777
1998-05-26,10.833640098571777
1998-05-27,10.833640098571777
1998-05-28,10.833640098571777
1998-05-29,10.833640098571777
1998-06-01,10.833640098571777
1998-06-02,10.833640098571777
1998-06-03,10.833640098571777
1998-06-04,10.904913902282715
1998-06-05,10.762369155883789
1998-06-08,10.762369155883789
1998-06-09,10.762369155883789
1998-06-10,10.97618579864502
1998-06-11,10.97618579864502
1998-06-12,10.97618579864502
1998-06-15,10.97618579864502
1998-06-16,10.904913902282715
1998-06-17,10.762369155883789
1998-06-18,10.97618579864502
1998-06-19,10.655451774597168
1998-06-22,10.762369155883789
1998-06-23,10.833640098571777
1998-06-24,10.833640098571777
1998-06-25,10.833640098571777
1998-06-26,10.833640098571777
1998-06-29,10.762369155883789
1998-06-30,10.6198148727417
1998-07-01,10.833640098571777
1998-07-02,10.762369155883789
1998-07-06,10.6198148727417
1998-07-07,10.833640098571777
1998-07-08,10.833640098571777
1998-07-09,10.548548698425293
1998-07-10,10.548548698425293
1998-07-13,10.548548698425293
1998-07-14,10.548548698425293
1998-07-15,10.548548698425293
1998-07-16,10.58418083190918
1998-07-17,10.548548698425293
1998-07-20,10.548548698425293
1998-07-21,10.548548698425293
1998-07-22,10.548548698425293
1998-07-23,10.762369155883789
1998-07-24,10.548548698425293
1998-07-27,10.548548698425293
1998-07-28,10.691092491149902
1998-07-29,10.691092491149902
1998-07-30,10.691092491149902
1998-07-31,10.477269172668457
1998-08-03,10.477269172668457
1998-08-04,10.405996322631836
1998-08-05,10.405996322631836
1998-08-06,10.263448715209961
1998-08-07,10.263448715209961
1998-08-10,10.477269172668457
1998-08-11,10.263448715209961
1998-08-12,10.263448715209961
1998-08-13,10.263448715209961
1998-08-14,10.263448715209961
1998-08-17,10.04962158203125
1998-08-18,10.04962158203125
1998-08-19,10.04962158203125
1998-08-20,10.04962158203125
1998-08-21,9.978355407714844
1998-08-24,9.978355407714844
1998-08-25,9.978355407714844
1998-08-26,9.978355407714844
1998-08-27,9.978355407714844
1998-08-28,10.120895385742188
1998-08-31,9.835799217224121
1998-09-01,9.4794340133667
1998-09-02,9.408163070678711
1998-09-03,8.837967872619629
1998-09-04,8.695415496826172
1998-09-08,9.123067855834961
1998-09-09,9.26561164855957
1998-09-10,9.336889266967773
1998-09-11,8.695415496826172
1998-09-14,8.837967872619629
1998-09-15,9.051789283752441
1998-09-16,8.695415496826172
1998-09-17,8.695415496826172
1998-09-18,8.552872657775879
1998-09-21,8.552872657775879
1998-09-22,8.552872657775879
1998-09-23,8.552872657775879
1998-09-24,8.552872657775879
1998-09-25,9.051789283752441
1998-09-28,8.552872657775879
1998-09-29,8.552872657775879
1998-09-30,8.87360668182373
1998-10-01,8.87360668182373
1998-10-02,8.87360668182373
1998-10-05,8.552872657775879
1998-10-06,8.552872657775879
1998-10-07,8.552872657775879
1998-10-08,8.837967872619629
1998-10-09,9.26561164855957
1998-10-12,9.26561164855957
1998-10-13,9.26561164855957
1998-10-14,8.267778396606445
1998-10-15,8.267778396606445
1998-10-16,8.267778396606445
1998-10-19,8.3390531539917
1998-10-20,8.837967872619629
1998-10-21,8.410324096679688
1998-10-22,8.410324096679688
1998-10-23,8.766698837280273
1998-10-26,8.766698837280273
1998-10-27,8.410324096679688
1998-10-28,8.410324096679688
1998-10-29,8.481598854064941
1998-10-30,8.481598854064941
1998-11-02,8.766698837280273
1998-11-03,8.766698837280273
1998-11-04,8.552872657775879
1998-11-05,8.552872657775879
1998-11-06,8.766698837280273
1998-11-09,8.659786224365234
1998-11-10,8.980514526367188
1998-11-11,8.980514526367188
1998-11-12,8.980514526367188
1998-11-13,8.445960998535156
1998-11-16,8.837967872619629
1998-11-17,8.837967872619629
1998-11-18,8.837967872619629
1998-11-19,8.766698837280273
1998-11-20,8.766698837280273
1998-11-23,8.837967872619629
1998-11-24,8.410324096679688
1998-11-25,8.410324096679688
1998-11-27,8.410324096679688
1998-11-30,8.766698837280273
1998-12-01,8.481598854064941
1998-12-02,8.481598854064941
1998-12-03,8.410324096679688
1998-12-04,8.410324096679688
1998-12-07,8.410324096679688
1998-12-08,8.410324096679688
1998-12-09,8.695415496826172
1998-12-10,8.695415496826172
1998-12-11,8.410324096679688
1998-12-14,8.410324096679688
1998-12-15,8.410324096679688
1998-12-16,8.410324096679688
1998-12-17,8.552872657775879
1998-12-18,8.481598854064941
1998-12-21,8.481598854064941
1998-12-22,8.695415496826172
1998-12-23,8.410324096679688
1998-12-24,8.766698837280273
1998-12-28,8.766698837280273
1998-12-29,8.410324096679688
1998-12-30,8.410324096679688
1998-12-31,8.517234802246094
1999-01-04,8.481598854064941
1999-01-05,8.410324096679688
1999-01-06,8.624147415161133
1999-01-07,7.982677459716797
1999-01-08,8.481598854064941
1999-01-11,8.267778396606445
1999-01-12,8.410324096679688
1999-01-13,8.053958892822266
1999-01-14,8.125225067138672
1999-01-15,8.125225067138672
1999-01-19,8.125225067138672
1999-01-20,8.125225067138672
1999-01-21,8.410324096679688
1999-01-22,8.3390531539917
1999-01-25,8.3390531539917
1999-01-26,8.267778396606445
1999-01-27,8.410324096679688
1999-01-28,8.3390531539917
1999-01-29,8.3390531539917
1999-02-01,8.3390531539917
1999-02-02,8.3390531539917
1999-02-03,8.3390531539917
1999-02-04,8.3390531539917
1999-02-05,8.3390531539917
1999-02-08,8.3390531539917
1999-02-09,8.410324096679688
1999-02-10,8.410324096679688
1999-02-11,8.196507453918457
1999-02-12,8.267778396606445
1999-02-16,8.410324096679688
1999-02-17,8.196507453918457
1999-02-18,8.196507453918457
1999-02-19,8.196507453918457
1999-02-22,8.267778396606445
1999-02-23,8.232141494750977
1999-02-24,8.125225067138672
1999-02-25,8.125225067138672
1999-02-26,8.125225067138672
1999-03-01,8.125225067138672
1999-03-02,8.267778396606445
1999-03-03,8.196507453918457
1999-03-04,8.3390531539917
1999-03-05,8.196507453918457
1999-03-08,8.196507453918457
1999-03-09,8.196507453918457
1999-03-10,8.196507453918457
1999-03-11,8.267778396606445
1999-03-12,8.552872657775879
1999-03-15,8.837967872619629
1999-03-16,8.837967872619629
1999-03-17,8.837967872619629
1999-03-18,8.552872657775879
1999-03-19,8.552872657775879
1999-03-22,8.3390531539917
1999-03-23,8.410324096679688
1999-03-24,8.410324096679688
1999-03-25,8.481598854064941
1999-03-26,8.481598854064941
1999-03-29,8.481598854064941
1999-03-30,8.481598854064941
1999-03-31,8.552872657775879
1999-04-01,8.695415496826172
1999-04-05,8.695415496826172
1999-04-06,8.552872657775879
1999-04-07,8.695415496826172
1999-04-08,8.695415496826172
1999-04-09,8.695415496826172
1999-04-12,8.695415496826172
1999-04-13,8.695415496826172
1999-04-14,8.980514526367188
1999-04-15,9.194342613220215
1999-04-16,8.837967872619629
1999-04-19,9.123067855834961
1999-04-20,9.194342613220215
1999-04-21,9.194342613220215
1999-04-22,8.766698837280273
1999-04-23,8.766698837280273
1999-04-26,8.766698837280273
1999-04-27,8.766698837280273
1999-04-28,8.766698837280273
1999-04-29,8.980514526367188
1999-04-30,8.766698837280273
1999-05-03,8.980514526367188
1999-05-04,8.90924072265625
1999-05-05,8.90924072265625
1999-05-06,8.90924072265625
1999-05-07,9.051789283752441
1999-05-10,8.766698837280273
1999-05-11,9.051789283752441
1999-05-12,8.837967872619629
1999-05-13,8.766698837280273
1999-05-14,8.837967872619629
1999-05-17,8.837967872619629
1999-05-18,8.837967872619629
1999-05-19,8.837967872619629
1999-05-20,8.624147415161133
1999-05-21,8.624147415161133
1999-05-24,8.624147415161133
1999-05-25,8.624147415161133
1999-05-26,8.624147415161133
1999-05-27,8.766698837280273
1999-05-28,8.766698837280273
1999-06-01,8.766698837280273
1999-06-02,8.766698837280273
1999-06-03,8.766698837280273
1999-06-04,8.90924072265625
1999-06-07,8.837967872619629
1999-06-08,8.837967872619629
1999-06-09,8.837967872619629
1999-06-10,8.90924072265625
1999-06-11,8.90924072265625
1999-06-14,8.837967872619629
1999-06-15,8.90924072265625
1999-06-16,8.90924072265625
1999-06-17,8.837967872619629
1999-06-18,8.659786224365234
1999-06-21,8.624147415161133
1999-06-22,8.837967872619629
1999-06-23,8.552872657775879
1999-06-24,8.766698837280273
1999-06-25,8.766698837280273
1999-06-28,8.481598854064941
1999-06-29,8.481598854064941
1999-06-30,8.481598854064941
1999-07-01,8.659786224365234
1999-07-02,8.766698837280273
1999-07-06,8.766698837280273
1999-07-07,8.481598854064941
1999-07-08,8.481598854064941
1999-07-09,8.481598854064941
1999-07-12,8.410324096679688
1999-07-13,8.410324096679688
1999-07-14,8.552872657775879
1999-07-15,8.552872657775879
1999-07-16,8.481598854064941
1999-07-19,8.552872657775879
1999-07-20,8.267778396606445
1999-07-21,8.552872657775879
1999-07-22,8.303413391113281
1999-07-23,8.303413391113281
1999-07-26,8.303413391113281
1999-07-27,8.303413391113281
1999-07-28,8.303413391113281
1999-07-29,8.303413391113281
1999-07-30,8.125225067138672
1999-08-02,8.125225067138672
1999-08-03,8.125225067138672
1999-08-04,8.125225067138672
1999-08-05,8.160870552062988
1999-08-06,8.160870552062988
1999-08-09,8.160870552062988
1999-08-10,8.125225067138672
1999-08-11,8.125225067138672
1999-08-12,8.125225067138672
1999-08-13,8.053958892822266
1999-08-16,7.982677459716797
1999-08-17,7.982677459716797
1999-08-18,7.982677459716797
1999-08-19,7.8401360511779785
1999-08-20,7.8401360511779785
1999-08-23,7.8401360511779785
1999-08-24,8.125225067138672
1999-08-25,8.125225067138672
1999-08-26,7.697588920593262
1999-08-27,8.232141494750977
1999-08-30,7.697588920593262
1999-08-31,7.982677459716797
1999-09-01,7.982677459716797
1999-09-02,7.982677459716797
1999-09-03,7.982677459716797
1999-09-07,7.697588920593262
1999-09-08,7.697588920593262
1999-09-09,7.697588920593262
1999-09-10,7.697588920593262
1999-09-13,7.697588920593262
1999-09-14,7.911409378051758
1999-09-15,7.8401360511779785
1999-09-16,7.8401360511779785
1999-09-17,7.483763217926025
1999-09-20,7.911409378051758
1999-09-21,7.911409378051758
1999-09-22,7.911409378051758
1999-09-23,7.911409378051758
1999-09-24,7.41248893737793
1999-09-27,7.376853942871094
1999-09-28,7.697588920593262
1999-09-29,7.697588920593262
1999-09-30,6.699752330780029
1999-10-01,6.628477096557617
1999-10-04,6.450293064117432
1999-10-05,6.414653301239014
1999-10-06,6.236471176147461
1999-10-07,6.236471176147461
1999-10-08,6.236471176147461
1999-10-11,6.236471176147461
1999-10-12,6.842300891876221
1999-10-13,6.414653301239014
1999-10-14,6.842300891876221
1999-10-15,6.842300891876221
1999-10-18,6.842300891876221
1999-10-19,6.842300891876221
1999-10-20,6.842300891876221
1999-10-21,6.414653301239014
1999-10-22,6.414653301239014
1999-10-25,6.414653301239014
1999-10-26,6.842300891876221
1999-10-27,6.842300891876221
1999-10-28,6.842300891876221
1999-10-29,6.842300891876221
1999-11-01,6.735387802124023
1999-11-02,6.485928058624268
1999-11-03,6.557200908660889
1999-11-04,6.699752330780029
1999-11-05,6.699752330780029
1999-11-08,6.592838287353516
1999-11-09,6.592838287353516
1999-11-10,6.699752330780029
1999-11-11,6.664115905761719
1999-11-12,6.592838287353516
1999-11-15,6.592838287353516
1999-11-16,6.592838287353516
1999-11-17,6.699752330780029
1999-11-18,6.610660552978516
1999-11-19,6.592838287353516
1999-11-22,6.699752330780029
1999-11-23,6.485928058624268
1999-11-24,6.450293064117432
1999-11-26,6.450293064117432
1999-11-29,6.503748893737793
1999-11-30,6.218654155731201
1999-12-01,6.330018997192383
1999-12-02,6.272107124328613
1999-12-03,6.343379974365234
1999-12-06,6.129560470581055
1999-12-07,6.129560470581055
1999-12-08,6.129560470581055
1999-12-09,6.129560470581055
1999-12-10,5.844461441040039
1999-12-13,5.844461441040039
1999-12-14,5.844461441040039
1999-12-15,5.844461441040039
1999-12-16,5.844461441040039
1999-12-17,5.915734767913818
1999-12-20,5.987010955810547
1999-12-21,5.9513750076293945
1999-12-22,5.844461441040039
1999-12-23,5.844461441040039
1999-12-27,5.9513750076293945
1999-12-28,5.9513750076293945
1999-12-29,5.808826923370361
1999-12-30,5.808826923370361
1999-12-31,5.9513750076293945
2000-01-03,5.915734767913818
2000-01-04,5.915734767913818
2000-01-05,5.915734767913818
2000-01-06,5.773189544677734
2000-01-07,5.773189544677734
2000-01-10,5.844461441040039
2000-01-11,5.844461441040039
2000-01-12,5.844461441040039
2000-01-13,5.844461441040039
2000-01-14,5.844461441040039
2000-01-18,5.844461441040039
2000-01-19,5.844461441040039
2000-01-20,5.844461441040039
2000-01-21,5.844461441040039
2000-01-24,5.701916694641113
2000-01-25,5.701916694641113
2000-01-26,5.701916694641113
2000-01-27,5.701916694641113
2000-01-28,5.345546245574951
2000-01-31,5.483639717102051
2000-02-01,5.30990743637085
2000-02-02,5.5593695640563965
2000-02-03,5.48809289932251
2000-02-04,5.416820049285889
2000-02-07,5.30990743637085
2000-02-08,5.024810791015625
2000-02-09,4.9178996086120605
2000-02-10,5.1317243576049805
2000-02-11,5.1317243576049805
2000-02-14,5.1317243576049805
2000-02-15,4.846627712249756
2000-02-16,4.846627712249756
2000-02-17,4.846627712249756
2000-02-18,4.846627712249756
2000-02-22,4.73971700668335
2000-02-23,4.5615339279174805
2000-02-24,4.846627712249756
2000-02-25,4.846627712249756
2000-02-28,4.5615339279174805
2000-02-29,4.5615339279174805
2000-03-01,4.9178996086120605
2000-03-02,5.1317243576049805
2000-03-03,4.846627712249756
2000-03-06,5.2742743492126465
2000-03-07,5.2742743492126465
2000-03-08,4.846627712249756
2000-03-09,4.846627712249756
2000-03-10,4.9178996086120605
2000-03-13,4.9178996086120605
2000-03-14,4.846627712249756
2000-03-15,4.882265567779541
2000-03-16,4.846627712249756
2000-03-17,4.900083541870117
2000-03-20,4.900083541870117
2000-03-21,4.900083541870117
2000-03-22,4.7753520011901855
2000-03-23,4.828808784484863
2000-03-24,4.846627712249756
2000-03-27,4.846627712249756
2000-03-28,4.73971700668335
2000-03-29,4.73971700668335
2000-03-30,4.846627712249756
2000-03-31,4.73971700668335
2000-04-03,4.757535934448242
2000-04-04,4.846627712249756
2000-04-05,4.810993194580078
2000-04-06,4.7040815353393555
2000-04-07,4.57935094833374
2000-04-10,4.5615339279174805
2000-04-11,4.5615339279174805
2000-04-12,4.4189839363098145
2000-04-13,4.5615339279174805
2000-04-14,4.490257263183594
2000-04-17,4.490257263183594
2000-04-18,4.490257263183594
2000-04-19,4.490257263183594
2000-04-20,4.5615339279174805
2000-04-24,4.525894641876221
2000-04-25,4.632805824279785
2000-04-26,4.632805824279785
2000-04-27,4.632805824279785
2000-04-28,4.632805824279785
2000-05-01,4.5615339279174805
2000-05-02,4.5615339279174805
2000-05-03,4.5615339279174805
2000-05-04,4.632805824279785
2000-05-05,4.632805824279785
2000-05-08,4.632805824279785
2000-05-09,4.490257263183594
2000-05-10,4.490257263183594
2000-05-11,4.490257263183594
2000-05-12,4.5615339279174805
2000-05-15,4.5615339279174805
2000-05-16,4.5615339279174805
2000-05-17,4.632805824279785
2000-05-18,4.632805824279785
2000-05-19,4.7753520011901855
2000-05-22,4.632805824279785
2000-05-23,4.525894641876221
2000-05-24,4.686264514923096
2000-05-25,4.686264514923096
2000-05-26,4.525894641876221
2000-05-30,4.810993194580078
2000-05-31,4.668444633483887
2000-06-01,4.7753520011901855
2000-06-02,4.846627712249756
2000-06-05,4.846627712249756
2000-06-06,4.7040815353393555
2000-06-07,4.7040815353393555
2000-06-08,4.882265567779541
2000-06-09,4.989177703857422
2000-06-12,4.846627712249756
2000-06-13,4.73971700668335
2000-06-14,4.935719013214111
2000-06-15,4.7753520011901855
2000-06-16,4.846627712249756
2000-06-19,4.7040815353393555
2000-06-20,4.668444633483887
2000-06-21,4.668444633483887
2000-06-22,4.668444633483887
2000-06-23,4.846627712249756
2000-06-26,4.846627712249756
2000-06-27,4.846627712249756
2000-06-28,4.846627712249756
2000-06-29,4.846627712249756
2000-06-30,4.846627712249756
2000-07-03,4.846627712249756
2000-07-05,4.668444633483887
2000-07-06,4.810993194580078
2000-07-07,4.7040815353393555
2000-07-10,4.7040815353393555
2000-07-11,4.810993194580078
2000-07-12,4.7040815353393555
2000-07-13,4.7040815353393555
2000-07-14,4.668444633483887
2000-07-17,4.7040815353393555
2000-07-18,4.846627712249756
2000-07-19,4.73971700668335
2000-07-20,4.846627712249756
2000-07-21,4.846627712249756
2000-07-24,4.7753520011901855
2000-07-25,4.7753520011901855
2000-07-26,4.668444633483887
2000-07-27,4.668444633483887
2000-07-28,4.73971700668335
2000-07-31,4.846627712249756
2000-08-01,4.668444633483887
2000-08-02,4.7753520011901855
2000-08-03,4.7753520011901855
2000-08-04,4.7753520011901855
2000-08-07,4.846627712249756
2000-08-08,4.846627712249756
2000-08-09,4.846627712249756
2000-08-10,4.846627712249756
2000-08-11,4.810993194580078
2000-08-14,4.73971700668335
2000-08-15,4.73971700668335
2000-08-16,4.7040815353393555
2000-08-17,4.7040815353393555
2000-08-18,4.7040815353393555
2000-08-21,4.846627712249756
2000-08-22,4.7040815353393555
2000-08-23,4.668444633483887
2000-08-24,4.668444633483887
2000-08-25,4.668444633483887
2000-08-28,4.668444633483887
2000-08-29,4.73971700668335
2000-08-30,4.73971700668335
2000-08-31,4.668444633483887
2000-09-01,4.668444633483887
2000-09-05,4.668444633483887
2000-09-06,4.900083541870117
2000-09-07,4.810993194580078
2000-09-08,4.7040815353393555
2000-09-11,4.7040815353393555
2000-09-12,4.846627712249756
2000-09-13,4.846627712249756
2000-09-14,4.9178996086120605
2000-09-15,4.9178996086120605
2000-09-18,4.73971700668335
2000-09-19,4.73971700668335
2000-09-20,4.73971700668335
2000-09-21,4.882265567779541
2000-09-22,4.882265567779541
2000-09-25,4.882265567779541
2000-09-26,4.846627712249756
2000-09-27,4.7753520011901855
2000-09-28,4.7753520011901855
2000-09-29,4.7753520011901855
2000-10-02,4.882265567779541
2000-10-03,4.7753520011901855
2000-10-04,4.7753520011901855
2000-10-05,4.7753520011901855
2000-10-06,4.7753520011901855
2000-10-09,4.7753520011901855
2000-10-10,4.7040815353393555
2000-10-11,4.7040815353393555
2000-10-12,4.7753520011901855
2000-10-13,4.7040815353393555
2000-10-16,4.7040815353393555
2000-10-17,4.668444633483887
2000-10-18,4.686264514923096
2000-10-19,4.73971700668335
2000-10-20,4.7040815353393555
2000-10-23,4.810993194580078
2000-10-24,4.7040815353393555
2000-10-25,4.810993194580078
2000-10-26,4.686264514923096
2000-10-27,4.686264514923096
2000-10-30,4.846627712249756
2000-10-31,4.846627712249756
2000-11-01,4.846627712249756
2000-11-02,4.846627712249756
2000-11-03,4.846627712249756
2000-11-06,4.846627712249756
2000-11-07,4.7040815353393555
2000-11-08,4.7753520011901855
2000-11-09,4.7753520011901855
2000-11-10,4.7753520011901855
2000-11-13,4.73971700668335
2000-11-14,4.73971700668335
2000-11-15,4.73971700668335
2000-11-16,4.632805824279785
2000-11-17,4.490257263183594
2000-11-20,4.490257263183594
2000-11-21,4.454620361328125
2000-11-22,4.454620361328125
2000-11-24,4.454620361328125
2000-11-27,4.5615339279174805
2000-11-28,4.490257263183594
2000-11-29,4.490257263183594
2000-11-30,4.490257263183594
2000-12-01,4.7040815353393555
2000-12-04,4.7753520011901855
2000-12-05,4.846627712249756
2000-12-06,4.846627712249756
2000-12-07,4.5615339279174805
2000-12-08,4.810993194580078
2000-12-11,4.5615339279174805
2000-12-12,4.73971700668335
2000-12-13,4.5615339279174805
2000-12-14,4.5615339279174805
2000-12-15,4.5615339279174805
2000-12-18,4.5615339279174805
2000-12-19,4.5615339279174805
2000-12-20,4.490257263183594
2000-12-21,4.490257263183594
2000-12-22,4.490257263183594
2000-12-26,4.490257263183594
2000-12-27,4.4189839363098145
2000-12-28,4.4189839363098145
2000-12-29,4.632805824279785
2001-01-02,4.490257263183594
2001-01-03,4.490257263183594
2001-01-04,4.7040815353393555
2001-01-05,4.7040815353393555
2001-01-08,4.7040815353393555
2001-01-09,4.7040815353393555
2001-01-10,4.7040815353393555
2001-01-11,4.7040815353393555
2001-01-12,4.597171306610107
2001-01-16,4.597171306610107
2001-01-17,4.597171306610107
2001-01-18,4.632805824279785
2001-01-19,4.632805824279785
2001-01-22,4.597171306610107
2001-01-23,4.597171306610107
2001-01-24,4.810993194580078
2001-01-25,4.810993194580078
2001-01-26,4.810993194580078
2001-01-29,4.7040815353393555
2001-01-30,4.810993194580078
2001-01-31,4.597171306610107
2001-02-01,4.668444633483887
2001-02-02,4.810993194580078
2001-02-05,4.748626708984375
2001-02-06,4.632805824279785
2001-02-07,4.69053840637207
2001-02-08,4.907021999359131
2001-02-09,4.907021999359131
2001-02-12,4.798778533935547
2001-02-13,4.798778533935547
2001-02-14,4.798778533935547
2001-02-15,4.798778533935547
2001-02-16,4.907021999359131
2001-02-20,4.834862232208252
2001-02-21,4.762699604034424
2001-02-22,4.907021999359131
2001-02-23,4.907021999359131
2001-02-26,4.907021999359131
2001-02-27,4.834862232208252
2001-02-28,4.88898229598999
2001-03-01,4.85290002822876
2001-03-02,4.979182243347168
2001-03-05,4.979182243347168
2001-03-06,4.943102836608887
2001-03-07,5.123507976531982
2001-03-08,5.1595916748046875
2001-03-09,5.1595916748046875
2001-03-12,5.1595916748046875
2001-03-13,5.195672035217285
2001-03-14,5.195672035217285
2001-03-15,5.1595916748046875
2001-03-16,5.195672035217285
2001-03-19,5.195672035217285
2001-03-20,5.123507976531982
2001-03-21,5.123507976531982
2001-03-22,5.123507976531982
2001-03-23,5.087427616119385
2001-03-26,5.051344394683838
2001-03-27,4.834862232208252
2001-03-28,4.834862232208252
2001-03-29,4.979182243347168
2001-03-30,5.015264511108398
2001-04-02,5.015264511108398
2001-04-03,4.8709397315979
2001-04-04,5.015264511108398
2001-04-05,5.015264511108398
2001-04-06,5.015264511108398
2001-04-09,5.016709327697754
2001-04-10,5.016709327697754
2001-04-11,5.016709327697754
2001-04-12,5.051344394683838
2001-04-16,5.051344394683838
2001-04-17,5.051344394683838
2001-04-18,4.907021999359131
2001-04-19,5.123507976531982
2001-04-20,4.907021999359131
2001-04-23,5.123507976531982
2001-04-24,5.123507976531982
2001-04-25,5.051344394683838
2001-04-26,5.051344394683838
2001-04-27,5.051344394683838
2001-04-30,5.195672035217285
2001-05-01,5.137941837310791
2001-05-02,5.166805267333984
2001-05-03,5.181238651275635
2001-05-04,5.1408281326293945
2001-05-07,5.267834663391113
2001-05-08,5.267834663391113
2001-05-09,5.267834663391113
2001-05-10,5.267834663391113
2001-05-11,5.195672035217285
2001-05-14,5.195672035217285
2001-05-15,5.339994430541992
2001-05-16,5.339994430541992
2001-05-17,5.339994430541992
2001-05-18,5.339994430541992
2001-05-21,5.339994430541992
2001-05-22,5.4554524421691895
2001-05-23,5.484319686889648
2001-05-24,5.484319686889648
2001-05-25,5.484319686889648
2001-05-29,5.484319686889648
2001-05-30,5.484319686889648
2001-05-31,5.484319686889648
2001-06-01,5.484319686889648
2001-06-04,5.556480884552002
2001-06-05,5.556480884552002
2001-06-06,5.585345268249512
2001-06-07,5.700806140899658
2001-06-08,5.772968292236328
2001-06-11,5.772968292236328
2001-06-12,6.061615467071533
2001-06-13,6.061615467071533
2001-06-14,5.873995780944824
2001-06-15,6.061615467071533
2001-06-18,6.1337761878967285
2001-06-19,6.350261688232422
2001-06-20,6.350261688232422
2001-06-21,6.350261688232422
2001-06-22,6.566747188568115
2001-06-25,6.350261688232422
2001-06-26,6.350261688232422
2001-06-27,6.3791303634643555
2001-06-28,6.3791303634643555
2001-06-29,6.3791303634643555
2001-07-02,6.566747188568115
2001-07-03,6.566747188568115
2001-07-05,6.451286315917969
2001-07-06,6.451286315917969
2001-07-09,6.638913631439209
2001-07-10,6.638913631439209
2001-07-11,6.638913631439209
2001-07-12,6.638913631439209
2001-07-13,6.638913631439209
2001-07-16,6.638913631439209
2001-07-17,6.610047340393066
2001-07-18,6.480154514312744
2001-07-19,6.566747188568115
2001-07-20,6.566747188568115
2001-07-23,6.494588851928711
2001-07-24,6.494588851928711
2001-07-25,6.812102794647217
2001-07-26,6.846736907958984
2001-07-27,6.846736907958984
2001-07-30,6.783238887786865
2001-07-31,6.783238887786865
2001-08-01,6.638913631439209
2001-08-02,6.638913631439209
2001-08-03,6.913125038146973
2001-08-06,6.913125038146973
2001-08-07,6.71107292175293
2001-08-08,6.775182247161865
2001-08-09,6.868438243865967
2001-08-10,6.877176761627197
2001-08-13,7.008307933807373
2001-08-14,7.008307933807373
2001-08-15,6.88883113861084
2001-08-16,7.022881984710693
2001-08-17,7.139439582824707
2001-08-20,7.139439582824707
2001-08-21,7.066591739654541
2001-08-22,7.066591739654541
2001-08-23,7.139439582824707
2001-08-24,6.8480377197265625
2001-08-27,6.8480377197265625
2001-08-28,7.139439582824707
2001-08-29,7.139439582824707
2001-08-30,7.139439582824707
2001-08-31,7.139439582824707
2001-09-04,6.818892002105713
2001-09-05,6.84221076965332
2001-09-06,7.139439582824707
2001-09-07,7.12487268447876
2001-09-10,7.110300540924072
2001-09-17,6.877176761627197
2001-09-18,6.877176761627197
2001-09-19,6.877176761627197
2001-09-20,6.877176761627197
2001-09-21,6.877176761627197
2001-09-24,6.877176761627197
2001-09-25,6.955855369567871
2001-09-26,6.9208879470825195
2001-09-27,6.935458660125732
2001-09-28,7.022881984710693
2001-10-01,6.993738174438477
2001-10-02,6.993738174438477
2001-10-03,7.022881984710693
2001-10-04,7.212292671203613
2001-10-05,7.066591739654541
2001-10-08,7.066591739654541
2001-10-09,7.0520219802856445
2001-10-10,7.0520219802856445
2001-10-11,7.022881984710693
2001-10-12,7.022881984710693
2001-10-15,7.022881984710693
2001-10-16,7.022881984710693
2001-10-17,7.022881984710693
2001-10-18,7.197723865509033
2001-10-19,7.197723865509033
2001-10-22,7.197723865509033
2001-10-23,7.0520219802856445
2001-10-24,7.110300540924072
2001-10-25,7.110300540924072
2001-10-26,7.197723865509033
2001-10-29,7.037447452545166
2001-10-30,7.037447452545166
2001-10-31,7.037447452545166
2001-11-01,7.037447452545166
2001-11-02,7.168583393096924
2001-11-05,7.0520219802856445
2001-11-06,7.0520219802856445
2001-11-07,7.116718292236328
2001-11-08,7.116718292236328
2001-11-09,7.116718292236328
2001-11-12,7.116718292236328
2001-11-13,7.116718292236328
2001-11-14,7.204941749572754
2001-11-15,7.1314191818237305
2001-11-16,7.1314191818237305
2001-11-19,7.1314191818237305
2001-11-20,7.1314191818237305
2001-11-21,7.1314191818237305
2001-11-23,7.1314191818237305
2001-11-26,7.1314191818237305
2001-11-27,7.1314191818237305
2001-11-28,7.160828113555908
2001-11-29,7.1314191818237305
2001-11-30,7.204941749572754
2001-12-03,7.1314191818237305
2001-12-04,7.263761043548584
2001-12-05,7.328455924987793
2001-12-06,7.204941749572754
2001-12-07,7.363743305206299
2001-12-10,7.204941749572754
2001-12-11,7.396093368530273
2001-12-12,7.351979732513428
2001-12-13,7.351979732513428
2001-12-14,7.425501823425293
2001-12-17,7.351979732513428
2001-12-18,7.499019145965576
2001-12-19,7.454909324645996
2001-12-20,7.351979732513428
2001-12-21,7.351979732513428
2001-12-24,7.351979732513428
2001-12-26,7.351979732513428
2001-12-27,7.351979732513428
2001-12-28,7.278459072113037
2001-12-31,7.278459072113037
2002-01-02,7.278459072113037
2002-01-03,7.278459072113037
2002-01-04,7.278459072113037
2002-01-07,7.278459072113037
2002-01-08,7.278459072113037
2002-01-09,7.293164253234863
2002-01-10,7.337276458740234
2002-01-11,7.337276458740234
2002-01-14,7.337276458740234
2002-01-15,7.337276458740234
2002-01-16,7.278459072113037
2002-01-17,7.278459072113037
2002-01-18,7.278459072113037
2002-01-22,7.278459072113037
2002-01-23,7.278459072113037
2002-01-24,7.351979732513428
2002-01-25,7.278459072113037
2002-01-28,7.278459072113037
2002-01-29,7.278459072113037
2002-01-30,7.278459072113037
2002-01-31,7.278459072113037
2002-02-01,7.499019145965576
2002-02-04,7.38138484954834
2002-02-05,7.416985034942627
2002-02-06,7.416985034942627
2002-02-07,7.416985034942627
2002-02-08,7.37248420715332
2002-02-11,7.357653617858887
2002-02-12,7.402160167694092
2002-02-13,7.38138484954834
2002-02-14,7.38138484954834
2002-02-15,7.38138484954834
2002-02-19,7.402160167694092
2002-02-20,7.402160167694092
2002-02-21,7.402160167694092
2002-02-22,7.342819690704346
2002-02-25,7.342819690704346
2002-02-26,7.342819690704346
2002-02-27,7.342819690704346
2002-02-28,7.342819690704346
2002-03-01,7.37248420715332
2002-03-04,7.342819690704346
2002-03-05,7.419960021972656
2002-03-06,7.416985034942627
2002-03-07,7.342819690704346
2002-03-08,7.416985034942627
2002-03-11,7.402160167694092
2002-03-12,7.402160167694092
2002-03-13,7.402160167694092
2002-03-14,7.402160167694092
2002-03-15,7.402160167694092
2002-03-18,7.357653617858887
2002-03-19,7.357653617858887
2002-03-20,7.357653617858887
2002-03-21,7.491161346435547
2002-03-22,7.416985034942627
2002-03-25,7.357653617858887
2002-03-26,7.432579040527344
2002-03-27,7.432579040527344
2002-03-28,7.432579040527344
2002-04-01,7.477536201477051
2002-04-02,7.432579040527344
2002-04-03,7.432579040527344
2002-04-04,7.432579040527344
2002-04-05,7.462551593780518
2002-04-08,7.567446708679199
2002-04-09,7.567446708679199
2002-04-10,7.567446708679199
2002-04-11,7.567446708679199
2002-04-12,7.567446708679199
2002-04-15,7.567446708679199
2002-04-16,7.432579040527344
2002-04-17,7.432579040527344
2002-04-18,7.432579040527344
2002-04-19,7.552460193634033
2002-04-22,7.477536201477051
2002-04-23,7.477536201477051
2002-04-24,7.492516040802002
2002-04-25,7.432579040527344
2002-04-26,7.552460193634033
2002-04-29,7.462551593780518
2002-04-30,7.432579040527344
2002-05-01,7.432579040527344
2002-05-02,7.552460193634033
2002-05-03,7.432579040527344
2002-05-06,7.552460193634033
2002-05-07,7.552460193634033
2002-05-08,7.6250786781311035
2002-05-09,7.6250786781311035
2002-05-10,7.534305095672607
2002-05-13,7.564559459686279
2002-05-14,7.640211582183838
2002-05-15,7.640211582183838
2002-05-16,7.867146015167236
2002-05-17,7.867146015167236
2002-05-20,7.867146015167236
2002-05-21,7.867146015167236
2002-05-22,7.867146015167236
2002-05-23,7.867146015167236
2002-05-24,7.867146015167236
2002-05-28,7.791496276855469
2002-05-29,8.32101821899414
2002-05-30,8.28470516204834
2002-05-31,8.51769733428955
2002-06-03,8.51769733428955
2002-06-04,8.51769733428955
2002-06-05,8.094085693359375
2002-06-06,8.32101821899414
2002-06-07,8.245376586914062
2002-06-10,8.245376586914062
2002-06-11,8.124341011047363
2002-06-12,7.942789077758789
2002-06-13,7.942789077758789
2002-06-14,7.942789077758789
2002-06-17,7.942789077758789
2002-06-18,8.094085693359375
2002-06-19,8.018437385559082
2002-06-20,7.791496276855469
2002-06-21,7.791496276855469
2002-06-24,7.791496276855469
2002-06-25,7.791496276855469
2002-06-26,7.791496276855469
2002-06-27,8.018437385559082
2002-06-28,8.018437385559082
2002-07-01,7.912529945373535
2002-07-02,8.109212875366211
2002-07-03,7.791496276855469
2002-07-05,7.867146015167236
2002-07-08,7.821758270263672
2002-07-09,7.942789077758789
2002-07-10,7.806629180908203
2002-07-11,8.018437385559082
2002-07-12,8.018437385559082
2002-07-15,8.018437385559082
2002-07-16,8.048696517944336
2002-07-17,8.048696517944336
2002-07-18,8.048696517944336
2002-07-19,7.791496276855469
2002-07-22,7.791496276855469
2002-07-23,7.791496276855469
2002-07-24,8.063824653625488
2002-07-25,7.791496276855469
2002-07-26,7.791496276855469
2002-07-29,7.791496276855469
2002-07-30,7.791496276855469
2002-07-31,8.048696517944336
2002-08-01,8.048696517944336
2002-08-02,7.927658557891846
2002-08-05,7.927658557891846
2002-08-06,8.094085693359375
2002-08-07,7.907837390899658
2002-08-08,7.907837390899658
2002-08-09,7.907837390899658
2002-08-12,7.907837390899658
2002-08-13,7.907837390899658
2002-08-14,7.907837390899658
2002-08-15,7.907837390899658
2002-08-16,7.907837390899658
2002-08-19,8.167362213134766
2002-08-20,7.907837390899658
2002-08-21,7.907837390899658
2002-08-22,7.907837390899658
2002-08-23,7.907837390899658
2002-08-26,7.907837390899658
2002-08-27,7.907837390899658
2002-08-28,7.907837390899658
2002-08-29,7.907837390899658
2002-08-30,7.907837390899658
2002-09-03,8.167362213134766
2002-09-04,8.167362213134766
2002-09-05,8.167362213134766
2002-09-06,8.09103012084961
2002-09-09,8.09103012084961
2002-09-10,8.24368667602539
2002-09-11,8.09103012084961
2002-09-12,8.060495376586914
2002-09-13,8.060495376586914
2002-09-16,8.304757118225098
2002-09-17,8.09103012084961
2002-09-18,8.09103012084961
2002-09-19,8.060495376586914
2002-09-20,8.060495376586914
2002-09-23,8.060495376586914
2002-09-24,8.060495376586914
2002-09-25,8.121562957763672
2002-09-26,8.121562957763672
2002-09-27,8.289488792419434
2002-09-30,8.09103012084961
2002-10-01,8.167362213134766
2002-10-02,8.09103012084961
2002-10-03,8.167362213134766
2002-10-04,8.167362213134766
2002-10-07,8.09103012084961
2002-10-08,8.09103012084961
2002-10-09,8.167362213134766
2002-10-10,8.167362213134766
2002-10-11,8.167362213134766
2002-10-14,8.167362213134766
2002-10-15,8.167362213134766
2002-10-16,8.167362213134766
2002-10-17,8.167362213134766
2002-10-18,8.167362213134766
2002-10-21,8.121562957763672
2002-10-22,8.24368667602539
2002-10-23,8.09103012084961
2002-10-24,8.09103012084961
2002-10-25,8.09103012084961
2002-10-28,8.167362213134766
2002-10-29,8.167362213134766
2002-10-30,8.167362213134766
2002-10-31,8.24368667602539
2002-11-01,8.24368667602539
2002-11-04,8.24368667602539
2002-11-05,8.09103012084961
2002-11-06,8.164976119995117
2002-11-07,8.2420072555542
2002-11-08,8.164976119995117
2002-11-11,8.164976119995117
2002-11-12,8.164976119995117
2002-11-13,8.164976119995117
2002-11-14,8.164976119995117
2002-11-15,8.164976119995117
2002-11-18,8.232756614685059
2002-11-19,8.195788383483887
2002-11-20,8.195788383483887
2002-11-21,8.195788383483887
2002-11-22,8.195788383483887
2002-11-25,8.195788383483887
2002-11-26,8.195788383483887
2002-11-27,8.195788383483887
2002-11-29,8.195788383483887
2002-12-02,8.319029808044434
2002-12-03,8.195788383483887
2002-12-04,8.195788383483887
2002-12-05,8.319029808044434
2002-12-06,8.195788383483887
2002-12-09,8.319029808044434
2002-12-10,8.319029808044434
2002-12-11,8.319029808044434
2002-12-12,8.319029808044434
2002-12-13,8.319029808044434
2002-12-16,8.319029808044434
2002-12-17,8.2420072555542
2002-12-18,8.180380821228027
2002-12-19,8.180380821228027
2002-12-20,8.180380821228027
2002-12-23,8.2420072555542
2002-12-24,8.2420072555542
2002-12-26,8.180380821228027
2002-12-27,8.319029808044434
2002-12-30,8.319029808044434
2002-12-31,8.319029808044434
2003-01-02,8.319029808044434
2003-01-03,8.180380821228027
2003-01-06,8.180380821228027
2003-01-07,8.2420072555542
2003-01-08,8.14957046508789
2003-01-09,8.14957046508789
2003-01-10,8.14957046508789
2003-01-13,8.14957046508789
2003-01-14,8.211194038391113
2003-01-15,8.118759155273438
2003-01-16,8.272815704345703
2003-01-17,8.118759155273438
2003-01-21,8.118759155273438
2003-01-22,8.195788383483887
2003-01-23,8.118759155273438
2003-01-24,8.396061897277832
2003-01-27,8.303627014160156
2003-01-28,8.396061897277832
2003-01-29,8.134161949157715
2003-01-30,8.2420072555542
2003-01-31,8.2420072555542
2003-02-03,8.134161949157715
2003-02-04,8.134161949157715
2003-02-05,8.317621231079102
2003-02-06,8.23988151550293
2003-02-07,8.23988151550293
2003-02-10,8.23988151550293
2003-02-11,8.23988151550293
2003-02-12,8.23988151550293
2003-02-13,8.4264497756958
2003-02-14,8.4264497756958
2003-02-18,8.25543212890625
2003-02-19,8.25543212890625
2003-02-20,8.25543212890625
2003-02-21,8.25543212890625
2003-02-24,8.25543212890625
2003-02-25,8.25543212890625
2003-02-26,8.457547187805176
2003-02-27,8.457547187805176
2003-02-28,8.317621231079102
2003-03-03,8.457547187805176
2003-03-04,8.317621231079102
2003-03-05,8.25543212890625
2003-03-06,8.25543212890625
2003-03-07,8.317621231079102
2003-03-10,8.25543212890625
2003-03-11,8.395352363586426
2003-03-12,8.286524772644043
2003-03-13,8.286524772644043
2003-03-14,8.317621231079102
2003-03-17,8.317621231079102
2003-03-18,8.395352363586426
2003-03-19,8.317621231079102
2003-03-20,8.59745979309082
2003-03-21,8.4264497756958
2003-03-24,8.4264497756958
2003-03-25,8.395352363586426
2003-03-26,8.348712921142578
2003-03-27,8.4264497756958
2003-03-28,8.364258766174316
2003-03-31,8.59745979309082
2003-04-01,8.550823211669922
2003-04-02,8.379805564880371
2003-04-03,8.379805564880371
2003-04-04,8.59745979309082
2003-04-07,8.59745979309082
2003-04-08,8.50418472290039
2003-04-09,8.50418472290039
2003-04-10,8.50418472290039
2003-04-11,8.59745979309082
2003-04-14,8.395352363586426
2003-04-15,8.550823211669922
2003-04-16,8.550823211669922
2003-04-17,8.4264497756958
2003-04-21,8.4264497756958
2003-04-22,8.550823211669922
2003-04-23,8.64410400390625
2003-04-24,8.64410400390625
2003-04-25,8.64410400390625
2003-04-28,8.476195335388184
2003-04-29,8.64410400390625
2003-04-30,8.784029960632324
2003-05-01,8.908403396606445
2003-05-02,8.784029960632324
2003-05-05,8.784029960632324
2003-05-06,8.784029960632324
2003-05-07,8.677324295043945
2003-05-08,8.677324295043945
2003-05-09,8.787160873413086
2003-05-12,8.787160873413086
2003-05-13,8.69301986694336
2003-05-14,8.69301986694336
2003-05-15,8.787160873413086
2003-05-16,8.787160873413086
2003-05-19,8.787160873413086
2003-05-20,8.787160873413086
2003-05-21,8.787160873413086
2003-05-22,8.787160873413086
2003-05-23,8.787160873413086
2003-05-27,8.865625381469727
2003-05-28,8.755779266357422
2003-05-29,8.944076538085938
2003-05-30,8.944076538085938
2003-06-02,8.944076538085938
2003-06-03,9.100993156433105
2003-06-04,9.414823532104492
2003-06-05,9.414823532104492
2003-06-06,9.100993156433105
2003-06-09,8.91269302368164
2003-06-10,8.91269302368164
2003-06-11,9.022537231445312
2003-06-12,9.414823532104492
2003-06-13,9.038230895996094
2003-06-16,9.038230895996094
2003-06-17,9.038230895996094
2003-06-18,9.414823532104492
2003-06-19,9.650191307067871
2003-06-20,9.650191307067871
2003-06-23,9.13237190246582
2003-06-24,9.13237190246582
2003-06-25,9.13237190246582
2003-06-26,9.13237190246582
2003-06-27,10.011094093322754
2003-06-30,9.885557174682617
2003-07-01,10.042478561401367
2003-07-02,10.042478561401367
2003-07-03,9.728649139404297
2003-07-07,9.728649139404297
2003-07-08,9.728649139404297
2003-07-09,9.446200370788574
2003-07-10,9.446200370788574
2003-07-11,10.042478561401367
2003-07-14,9.932634353637695
2003-07-15,9.932634353637695
2003-07-16,9.932634353637695
2003-07-17,9.477585792541504
2003-07-18,9.446200370788574
2003-07-21,9.446200370788574
2003-07-22,9.885557174682617
2003-07-23,9.446200370788574
2003-07-24,9.885557174682617
2003-07-25,9.885557174682617
2003-07-28,9.650191307067871
2003-07-29,9.571733474731445
2003-07-30,9.571733474731445
2003-07-31,9.728649139404297
2003-08-01,9.791410446166992
2003-08-04,9.728649139404297
2003-08-05,9.791410446166992
2003-08-06,9.87369155883789
2003-08-07,9.87369155883789
2003-08-08,9.87369155883789
2003-08-11,9.778751373291016
2003-08-12,9.747108459472656
2003-08-13,9.747108459472656
2003-08-14,9.9686279296875
2003-08-15,9.9686279296875
2003-08-18,9.9686279296875
2003-08-19,9.9686279296875
2003-08-20,9.9686279296875
2003-08-21,9.9686279296875
2003-08-22,9.810402870178223
2003-08-25,9.936989784240723
2003-08-26,9.936989784240723
2003-08-27,9.810402870178223
2003-08-28,9.867362976074219
2003-08-29,9.810402870178223
2003-09-02,9.936989784240723
2003-09-03,9.921162605285645
2003-09-04,9.88951587677002
2003-09-05,9.88951587677002
2003-09-08,9.88951587677002
2003-09-09,9.88951587677002
2003-09-10,9.810402870178223
2003-09-11,9.810402870178223
2003-09-12,9.810402870178223
2003-09-15,9.88951587677002
2003-09-16,10.047748565673828
2003-09-17,10.443328857421875
2003-09-18,9.9686279296875
2003-09-19,9.9686279296875
2003-09-22,10.031926155090332
2003-09-23,10.031926155090332
2003-09-24,10.031926155090332
2003-09-25,10.031926155090332
2003-09-26,10.031926155090332
2003-09-29,10.126869201660156
2003-09-30,10.126869201660156
2003-10-01,10.016101837158203
2003-10-02,10.20598316192627
2003-10-03,10.20598316192627
2003-10-06,10.016101837158203
2003-10-07,10.000284194946289
2003-10-08,10.000284194946289
2003-10-09,10.126869201660156
2003-10-10,10.285099983215332
2003-10-13,10.285099983215332
2003-10-14,10.285099983215332
2003-10-15,10.364212036132812
2003-10-16,10.364212036132812
2003-10-17,10.047748565673828
2003-10-20,10.364212036132812
2003-10-21,10.20598316192627
2003-10-22,10.20598316192627
2003-10-23,10.20598316192627
2003-10-24,10.20598316192627
2003-10-27,10.20598316192627
2003-10-28,10.20598316192627
2003-10-29,10.364212036132812
2003-10-30,10.601558685302734
2003-10-31,10.601558685302734
2003-11-03,10.332566261291504
2003-11-04,10.332566261291504
2003-11-05,10.463360786437988
2003-11-06,10.415504455566406
2003-11-07,10.415504455566406
2003-11-10,10.415504455566406
2003-11-11,10.415504455566406
2003-11-12,10.415504455566406
2003-11-13,10.84616470336914
2003-11-14,10.84616470336914
2003-11-17,10.84616470336914
2003-11-18,10.84616470336914
2003-11-19,10.84616470336914
2003-11-20,10.559059143066406
2003-11-21,10.543113708496094
2003-11-24,10.559059143066406
2003-11-25,10.68665885925293
2003-11-26,10.68665885925293
2003-11-28,10.84616470336914
2003-12-01,10.84616470336914
2003-12-02,10.84616470336914
2003-12-03,10.622859954833984
2003-12-04,10.68665885925293
2003-12-05,11.117316246032715
2003-12-08,11.117316246032715
2003-12-09,11.117316246032715
2003-12-10,10.766411781311035
2003-12-11,10.84616470336914
2003-12-12,10.84616470336914
2003-12-15,10.84616470336914
2003-12-16,10.84616470336914
2003-12-17,10.925918579101562
2003-12-18,11.085420608520508
2003-12-19,10.925918579101562
2003-12-22,10.925918579101562
2003-12-23,10.925918579101562
2003-12-24,10.925918579101562
2003-12-26,10.925918579101562
2003-12-29,10.798317909240723
2003-12-30,10.68665885925293
2003-12-31,11.005666732788086
2004-01-02,11.085420608520508
2004-01-05,11.085420608520508
2004-01-06,11.085420608520508
2004-01-07,10.84616470336914
2004-01-08,10.84616470336914
2004-01-09,10.84616470336914
2004-01-12,10.718561172485352
2004-01-13,10.718561172485352
2004-01-14,10.750462532043457
2004-01-15,10.750462532043457
2004-01-16,11.085420608520508
2004-01-20,10.750462532043457
2004-01-21,11.005666732788086
2004-01-22,10.84616470336914
2004-01-23,11.005666732788086
2004-01-26,10.84616470336914
2004-01-27,10.84616470336914
2004-01-28,10.925918579101562
2004-01-29,10.925918579101562
2004-01-30,10.925918579101562
2004-02-02,10.925918579101562
2004-02-03,11.165168762207031
2004-02-04,11.16838550567627
2004-02-05,11.16838550567627
2004-02-06,10.95948314666748
2004-02-09,10.975550651550293
2004-02-10,10.975550651550293
2004-02-11,11.00768756866455
2004-02-12,11.00768756866455
2004-02-13,11.00768756866455
2004-02-17,11.00768756866455
2004-02-18,11.00768756866455
2004-02-19,11.088034629821777
2004-02-20,11.088034629821777
2004-02-23,11.200519561767578
2004-02-24,11.00768756866455
2004-02-25,11.00768756866455
2004-02-26,11.329083442687988
2004-02-27,11.043039321899414
2004-03-01,11.152311325073242
2004-03-02,11.00768756866455
2004-03-03,11.120173454284668
2004-03-04,11.00768756866455
2004-03-05,11.00768756866455
2004-03-08,11.00768756866455
2004-03-09,11.16838550567627
2004-03-10,11.16838550567627
2004-03-11,11.16838550567627
2004-03-12,11.16838550567627
2004-03-15,11.00768756866455
2004-03-16,11.00768756866455
2004-03-17,11.00768756866455
2004-03-18,11.088034629821777
2004-03-19,11.088034629821777
2004-03-22,11.039826393127441
2004-03-23,11.039826393127441
2004-03-24,11.039826393127441
2004-03-25,11.00768756866455
2004-03-26,11.088034629821777
2004-03-29,11.00768756866455
2004-03-30,11.00768756866455
2004-03-31,10.927339553833008
2004-04-01,10.927339553833008
2004-04-02,10.927339553833008
2004-04-05,11.088034629821777
2004-04-06,11.088034629821777
2004-04-07,11.00768756866455
2004-04-08,11.00768756866455
2004-04-12,11.088034629821777
2004-04-13,11.248734474182129
2004-04-14,11.088034629821777
2004-04-15,11.088034629821777
2004-04-16,11.088034629821777
2004-04-19,11.088034629821777
2004-04-20,11.088034629821777
2004-04-21,11.088034629821777
2004-04-22,11.088034629821777
2004-04-23,10.927339553833008
2004-04-26,11.088034629821777
2004-04-27,10.927339553833008
2004-04-28,11.152311325073242
2004-04-29,11.088034629821777
2004-04-30,11.088034629821777
2004-05-03,10.927339553833008
2004-05-04,10.927339553833008
2004-05-05,11.173480033874512
2004-05-06,11.173480033874512
2004-05-07,11.173480033874512
2004-05-10,11.173480033874512
2004-05-11,11.173480033874512
2004-05-12,11.173480033874512
2004-05-13,11.043936729431152
2004-05-14,11.157289505004883
2004-05-17,11.043936729431152
2004-05-18,11.043936729431152
2004-05-19,11.335416793823242
2004-05-20,11.335416793823242
2004-05-21,11.238252639770508
2004-05-24,11.335416793823242
2004-05-25,11.335416793823242
2004-05-26,11.173480033874512
2004-05-27,11.254448890686035
2004-05-28,11.043936729431152
2004-06-01,11.043936729431152
2004-06-02,11.043936729431152
2004-06-03,11.043936729431152
2004-06-04,11.173480033874512
2004-06-07,11.205864906311035
2004-06-08,11.335416793823242
2004-06-09,11.335416793823242
2004-06-10,11.092512130737305
2004-06-14,11.092512130737305
2004-06-15,11.335416793823242
2004-06-16,11.335416793823242
2004-06-17,11.335416793823242
2004-06-18,11.335416793823242
2004-06-21,11.335416793823242
2004-06-22,11.335416793823242
2004-06-23,11.335416793823242
2004-06-24,11.335416793823242
2004-06-25,11.335416793823242
2004-06-28,11.335416793823242
2004-06-29,11.092512130737305
2004-06-30,10.525744438171387
2004-07-01,10.525744438171387
2004-07-02,10.323322296142578
2004-07-06,10.222112655639648
2004-07-07,10.222112655639648
2004-07-08,10.323322296142578
2004-07-09,10.667437553405762
2004-07-12,10.222112655639648
2004-07-13,10.62695026397705
2004-07-14,10.62695026397705
2004-07-15,10.62695026397705
2004-07-16,10.42453384399414
2004-07-19,10.42453384399414
2004-07-20,10.42453384399414
2004-07-21,10.120906829833984
2004-07-22,9.716071128845215
2004-07-23,9.716071128845215
2004-07-26,9.716071128845215
2004-07-27,9.716071128845215
2004-07-28,9.918489456176758
2004-07-29,9.918489456176758
2004-07-30,9.918489456176758
2004-08-02,9.918489456176758
2004-08-03,9.918489456176758
2004-08-04,10.33941650390625
2004-08-05,10.318984985351562
2004-08-06,9.910313606262207
2004-08-09,9.910313606262207
2004-08-10,9.910313606262207
2004-08-11,10.094215393066406
2004-08-12,9.808147430419922
2004-08-13,9.603809356689453
2004-08-16,9.746848106384277
2004-08-17,9.726411819458008
2004-08-18,9.726411819458008
2004-08-19,9.726411819458008
2004-08-20,10.114643096923828
2004-08-23,10.114643096923828
2004-08-24,10.114643096923828
2004-08-25,9.522073745727539
2004-08-26,9.603809356689453
2004-08-27,10.114643096923828
2004-08-30,9.685542106628418
2004-08-31,9.685542106628418
2004-09-01,10.114643096923828
2004-09-02,10.114643096923828
2004-09-03,10.114643096923828
2004-09-07,9.84901237487793
2004-09-08,9.808147430419922
2004-09-09,10.216819763183594
2004-09-10,10.216819763183594
2004-09-13,10.257682800292969
2004-09-14,10.42115306854248
2004-09-15,10.42115306854248
2004-09-16,10.625494003295898
2004-09-17,11.034160614013672
2004-09-20,11.034160614013672
2004-09-21,11.034160614013672
2004-09-22,11.034160614013672
2004-09-23,10.13508415222168
2004-09-24,11.136334419250488
2004-09-27,11.034160614013672
2004-09-28,10.723570823669434
2004-09-29,10.723570823669434
2004-09-30,11.034160614013672
2004-10-01,10.15552043914795
2004-10-04,10.15552043914795
2004-10-05,11.034160614013672
2004-10-06,11.034160614013672
2004-10-07,10.829827308654785
2004-10-08,11.238499641418457
2004-10-11,10.829827308654785
2004-10-12,10.829827308654785
2004-10-13,10.829827308654785
2004-10-14,10.829827308654785
2004-10-15,10.482455253601074
2004-10-18,10.298553466796875
2004-10-19,10.298553466796875
2004-10-20,10.298553466796875
2004-10-21,10.523324012756348
2004-10-22,10.993297576904297
2004-10-25,10.993297576904297
2004-10-26,10.42115306854248
2004-10-27,10.33941650390625
2004-10-28,11.177196502685547
2004-10-29,11.177196502685547
2004-11-01,11.177196502685547
2004-11-02,11.177196502685547
2004-11-03,11.271987915039062
2004-11-04,11.271987915039062
2004-11-05,10.65378475189209
2004-11-08,11.16895580291748
2004-11-09,11.16895580291748
2004-11-10,11.16895580291748
2004-11-11,11.16895580291748
2004-11-12,11.16895580291748
2004-11-15,11.16895580291748
2004-11-16,11.127739906311035
2004-11-17,11.127739906311035
2004-11-18,11.127739906311035
2004-11-19,10.921672821044922
2004-11-22,10.921672821044922
2004-11-23,10.880460739135742
2004-11-24,10.880460739135742
2004-11-26,10.880460739135742
2004-11-29,11.127739906311035
2004-11-30,11.127739906311035
2004-12-01,10.715604782104492
2004-12-02,10.756815910339355
2004-12-03,10.756815910339355
2004-12-06,10.756815910339355
2004-12-07,10.756815910339355
2004-12-08,11.127739906311035
2004-12-09,11.127739906311035
2004-12-10,11.127739906311035
2004-12-13,11.18956184387207
2004-12-14,11.127739906311035
2004-12-15,11.230779647827148
2004-12-16,11.519275665283203
2004-12-17,11.375024795532227
2004-12-20,11.375024795532227
2004-12-21,11.4574556350708
2004-12-22,11.333812713623047
2004-12-23,11.375024795532227
2004-12-27,11.230779647827148
2004-12-28,11.230779647827148
2004-12-29,11.230779647827148
2004-12-30,11.230779647827148
2004-12-31,11.230779647827148
2005-01-03,11.230779647827148
2005-01-04,11.230779647827148
2005-01-05,11.230779647827148
2005-01-06,11.292597770690918
2005-01-07,11.375024795532227
2005-01-10,11.18956184387207
2005-01-11,11.127739906311035
2005-01-12,11.127739906311035
2005-01-13,11.127739906311035
2005-01-14,11.127739906311035
2005-01-18,11.127739906311035
2005-01-19,11.127739906311035
2005-01-20,11.127739906311035
2005-01-21,11.333812713623047
2005-01-24,11.601703643798828
2005-01-25,11.601703643798828
2005-01-26,11.601703643798828
2005-01-27,11.601703643798828
2005-01-28,11.53988265991211
2005-01-31,11.53988265991211
2005-02-01,11.53988265991211
2005-02-02,11.21990966796875
2005-02-03,11.42768383026123
2005-02-04,11.42768383026123
2005-02-07,11.261463165283203
2005-02-08,11.261463165283203
2005-02-09,11.261463165283203
2005-02-10,11.261463165283203
2005-02-11,11.261463165283203
2005-02-14,11.261463165283203
2005-02-15,11.510794639587402
2005-02-16,11.510794639587402
2005-02-17,11.510794639587402
2005-02-18,11.510794639587402
2005-02-22,11.510794639587402
2005-02-23,11.531572341918945
2005-02-24,11.531572341918945
2005-02-25,11.42768383026123
2005-02-28,11.32379150390625
2005-03-01,11.656234741210938
2005-03-02,11.656234741210938
2005-03-03,11.42768383026123
2005-03-04,11.42768383026123
2005-03-07,11.510794639587402
2005-03-08,11.42768383026123
2005-03-09,11.49001407623291
2005-03-10,11.49001407623291
2005-03-11,11.42768383026123
2005-03-14,11.42768383026123
2005-03-15,11.42768383026123
2005-03-16,11.42768383026123
2005-03-17,11.240680694580078
2005-03-18,11.32379150390625
2005-03-21,11.32379150390625
2005-03-22,11.32379150390625
2005-03-23,11.116023063659668
2005-03-24,11.21990966796875
2005-03-28,11.116023063659668
2005-03-29,10.949799537658691
2005-03-30,10.949799537658691
2005-03-31,10.949799537658691
2005-04-01,10.949799537658691
2005-04-04,10.908244132995605
2005-04-05,11.178350448608398
2005-04-06,11.178350448608398
2005-04-07,10.908244132995605
2005-04-08,10.908244132995605
2005-04-11,11.178350448608398
2005-04-12,10.908244132995605
2005-04-13,10.80435562133789
2005-04-14,11.178350448608398
2005-04-15,10.80435562133789
2005-04-18,10.80435562133789
2005-04-19,11.178350448608398
2005-04-20,11.178350448608398
2005-04-21,10.80435562133789
2005-04-22,10.80435562133789
2005-04-25,10.80435562133789
2005-04-26,10.80435562133789
2005-04-27,10.80435562133789
2005-04-28,10.80435562133789
2005-04-29,10.80435562133789
2005-05-02,10.80435562133789
2005-05-03,10.80435562133789
2005-05-04,10.905016899108887
2005-05-05,11.156665802001953
2005-05-06,11.114727973937988
2005-05-09,10.905016899108887
2005-05-10,10.905016899108887
2005-05-11,10.905016899108887
2005-05-12,10.905016899108887
2005-05-13,10.905016899108887
2005-05-16,11.114727973937988
2005-05-17,10.905016899108887
2005-05-18,10.905016899108887
2005-05-19,10.905016899108887
2005-05-20,10.905016899108887
2005-05-23,10.905016899108887
2005-05-24,10.905016899108887
2005-05-25,10.8421049118042
2005-05-26,11.07278823852539
2005-05-27,11.07278823852539
2005-05-31,11.009872436523438
2005-06-01,10.86307430267334
2005-06-02,10.8421049118042
2005-06-03,10.8421049118042
2005-06-06,10.8421049118042
2005-06-07,11.009872436523438
2005-06-08,11.009872436523438
2005-06-09,10.800161361694336
2005-06-10,10.590449333190918
2005-06-13,10.275880813598633
2005-06-14,10.590449333190918
2005-06-15,10.590449333190918
2005-06-16,10.590449333190918
2005-06-17,10.590449333190918
2005-06-20,10.275880813598633
2005-06-21,10.821135520935059
2005-06-22,10.611418724060059
2005-06-23,10.48559284210205
2005-06-24,10.48559284210205
2005-06-27,10.48559284210205
2005-06-28,10.48559284210205
2005-06-29,10.275880813598633
2005-06-30,10.275880813598633
2005-07-01,10.590449333190918
2005-07-05,10.590449333190918
2005-07-06,10.380732536315918
2005-07-07,10.317822456359863
2005-07-08,10.317822456359863
2005-07-11,10.275880813598633
2005-07-12,10.275880813598633
2005-07-13,10.087138175964355
2005-07-14,10.087138175964355
2005-07-15,10.087138175964355
2005-07-18,10.275880813598633
2005-07-19,10.087138175964355
2005-07-20,10.275880813598633
2005-07-21,10.191998481750488
2005-07-22,10.48559284210205
2005-07-25,10.275880813598633
2005-07-26,10.48559284210205
2005-07-27,10.48559284210205
2005-07-28,10.48559284210205
2005-07-29,10.69530200958252
2005-08-01,10.590449333190918
2005-08-02,10.590449333190918
2005-08-03,10.6920747756958
2005-08-04,10.6920747756958
2005-08-05,10.484585762023926
2005-08-08,10.289800643920898
2005-08-09,10.289800643920898
2005-08-10,10.374488830566406
2005-08-11,10.332145690917969
2005-08-12,10.374488830566406
2005-08-15,10.586213111877441
2005-08-16,10.374488830566406
2005-08-17,10.374488830566406
2005-08-18,10.374488830566406
2005-08-19,10.374488830566406
2005-08-22,10.6920747756958
2005-08-23,10.332145690917969
2005-08-24,10.332145690917969
2005-08-25,10.310976028442383
2005-08-26,10.374488830566406
2005-08-29,10.543868064880371
2005-08-30,10.374488830566406
2005-08-31,10.374488830566406
2005-09-01,10.480350494384766
2005-09-02,10.565042495727539
2005-09-06,10.522701263427734
2005-09-07,10.586213111877441
2005-09-08,10.967321395874023
2005-09-09,10.6920747756958
2005-09-12,10.6920747756958
2005-09-13,10.5015287399292
2005-09-14,10.586213111877441
2005-09-15,10.586213111877441
2005-09-16,10.39566421508789
2005-09-19,10.39566421508789
2005-09-20,10.374488830566406
2005-09-21,10.268628120422363
2005-09-22,10.268628120422363
2005-09-23,10.268628120422363
2005-09-26,10.268628120422363
2005-09-27,10.416833877563477
2005-09-28,10.416833877563477
2005-09-29,10.459176063537598
2005-09-30,10.5015287399292
2005-10-03,10.5015287399292
2005-10-04,10.5015287399292
2005-10-05,10.5015287399292
2005-10-06,10.5015287399292
2005-10-07,10.543868064880371
2005-10-10,10.543868064880371
2005-10-11,10.543868064880371
2005-10-12,10.543868064880371
2005-10-13,10.268628120422363
2005-10-14,10.268628120422363
2005-10-17,10.268628120422363
2005-10-18,10.289800643920898
2005-10-19,10.289800643920898
2005-10-20,10.416833877563477
2005-10-21,10.247456550598145
2005-10-24,10.247456550598145
2005-10-25,10.247456550598145
2005-10-26,10.247456550598145
2005-10-27,10.247456550598145
2005-10-28,10.438005447387695
2005-10-31,10.438005447387695
2005-11-01,10.438005447387695
2005-11-02,10.540633201599121
2005-11-03,10.562013626098633
2005-11-04,10.562013626098633
2005-11-07,10.41235065460205
2005-11-08,10.41235065460205
2005-11-09,10.41235065460205
2005-11-10,10.41235065460205
2005-11-11,10.455110549926758
2005-11-14,10.58339786529541
2005-11-15,10.690299034118652
2005-11-16,10.41235065460205
2005-11-17,10.58339786529541
2005-11-18,10.58339786529541
2005-11-21,10.690299034118652
2005-11-22,10.79720401763916
2005-11-23,10.79720401763916
2005-11-25,10.79720401763916
2005-11-28,10.79720401763916
2005-11-29,10.79720401763916
2005-11-30,10.58339786529541
2005-12-01,10.904105186462402
2005-12-02,10.690299034118652
2005-12-05,10.839962005615234
2005-12-06,10.839962005615234
2005-12-07,10.882719039916992
2005-12-08,10.882719039916992
2005-12-09,10.968244552612305
2005-12-12,11.117910385131836
2005-12-13,11.075146675109863
2005-12-14,11.075146675109863
2005-12-15,10.904105186462402
2005-12-16,11.224808692932129
2005-12-19,11.011011123657227
2005-12-20,10.904105186462402
2005-12-21,10.904105186462402
2005-12-22,11.203435897827148
2005-12-23,10.79720401763916
2005-12-27,10.733064651489258
2005-12-28,10.690299034118652
2005-12-29,10.690299034118652
2005-12-30,10.79720401763916
2006-01-03,10.604774475097656
2006-01-04,10.604774475097656
2006-01-05,10.587672233581543
2006-01-06,10.79720401763916
2006-01-09,10.690299034118652
2006-01-10,10.690299034118652
2006-01-11,11.075146675109863
2006-01-12,10.690299034118652
2006-01-13,10.904105186462402
2006-01-17,10.904105186462402
2006-01-18,10.904105186462402
2006-01-19,10.904105186462402
2006-01-20,10.904105186462402
2006-01-23,10.904105186462402
2006-01-24,10.904105186462402
2006-01-25,10.904105186462402
2006-01-26,10.904105186462402
2006-01-27,10.690299034118652
2006-01-30,10.690299034118652
2006-01-31,10.690299034118652
2006-02-01,10.79391860961914
2006-02-02,10.68598461151123
2006-02-03,10.79391860961914
2006-02-06,10.98820686340332
2006-02-07,10.68598461151123
2006-02-08,10.68598461151123
2006-02-09,10.68598461151123
2006-02-10,10.901859283447266
2006-02-13,10.923447608947754
2006-02-14,10.901859283447266
2006-02-15,10.923447608947754
2006-02-16,10.901859283447266
2006-02-17,10.79391860961914
2006-02-21,10.837096214294434
2006-02-22,10.850049018859863
2006-02-23,10.850049018859863
2006-02-24,10.850049018859863
2006-02-27,11.11773681640625
2006-02-28,11.225676536560059
2006-03-01,11.225676536560059
2006-03-02,11.225676536560059
2006-03-03,11.031387329101562
2006-03-06,11.247267723083496
2006-03-07,11.052972793579102
2006-03-08,11.225676536560059
2006-03-09,11.268853187561035
2006-03-10,11.268853187561035
2006-03-13,11.160914421081543
2006-03-14,10.79391860961914
2006-03-15,11.11773681640625
2006-03-16,11.225676536560059
2006-03-17,11.11773681640625
2006-03-20,11.11773681640625
2006-03-21,11.268853187561035
2006-03-22,10.901859283447266
2006-03-23,10.901859283447266
2006-03-24,11.009800910949707
2006-03-27,11.333614349365234
2006-03-28,11.441559791564941
2006-03-29,11.441559791564941
2006-03-30,11.11773681640625
2006-03-31,11.009800910949707
2006-04-03,11.052972793579102
2006-04-04,11.160914421081543
2006-04-05,11.160914421081543
2006-04-06,11.009800910949707
2006-04-07,11.052972793579102
2006-04-10,11.052972793579102
2006-04-11,11.225676536560059
2006-04-12,11.225676536560059
2006-04-13,11.225676536560059
2006-04-17,11.11773681640625
2006-04-18,11.225676536560059
2006-04-19,11.225676536560059
2006-04-20,10.923447608947754
2006-04-21,10.79391860961914
2006-04-24,11.009800910949707
2006-04-25,11.009800910949707
2006-04-26,10.98820686340332
2006-04-27,11.009800910949707
2006-04-28,11.11773681640625
2006-05-01,11.009800910949707
2006-05-02,11.009800910949707
2006-05-03,11.009800910949707
2006-05-04,11.009800910949707
2006-05-05,11.009800910949707
2006-05-08,10.922589302062988
2006-05-09,10.922589302062988
2006-05-10,11.009800910949707
2006-05-11,11.009800910949707
2006-05-12,11.009800910949707
2006-05-15,11.009800910949707
2006-05-16,10.966195106506348
2006-05-17,11.009800910949707
2006-05-18,11.009800910949707
2006-05-19,11.009800910949707
2006-05-22,11.009800910949707
2006-05-23,11.009800910949707
2006-05-24,11.118807792663574
2006-05-25,11.118807792663574
2006-05-26,11.118807792663574
2006-05-30,11.07520580291748
2006-05-31,11.07520580291748
2006-06-01,11.07520580291748
2006-06-02,11.336822509765625
2006-06-05,11.336822509765625
2006-06-06,11.336822509765625
2006-06-07,11.336822509765625
2006-06-08,11.336822509765625
2006-06-09,11.336822509765625
2006-06-12,11.227812767028809
2006-06-13,11.227812767028809
2006-06-14,11.227812767028809
2006-06-15,11.227812767028809
2006-06-16,11.140612602233887
2006-06-19,11.206011772155762
2006-06-20,11.206011772155762
2006-06-21,11.162409782409668
2006-06-22,11.140612602233887
2006-06-23,11.118807792663574
2006-06-26,11.118807792663574
2006-06-27,11.118807792663574
2006-06-28,11.118807792663574
2006-06-29,11.118807792663574
2006-06-30,11.118807792663574
2006-07-03,11.118807792663574
2006-07-05,11.118807792663574
2006-07-06,11.227812767028809
2006-07-07,11.118807792663574
2006-07-10,11.118807792663574
2006-07-11,11.118807792663574
2006-07-12,11.118807792663574
2006-07-13,11.118807792663574
2006-07-14,11.118807792663574
2006-07-17,11.293216705322266
2006-07-18,11.293216705322266
2006-07-19,11.227812767028809
2006-07-20,11.227812767028809
2006-07-21,11.293216705322266
2006-07-24,11.336822509765625
2006-07-25,11.140612602233887
2006-07-26,11.336822509765625
2006-07-27,11.332464218139648
2006-07-28,11.140612602233887
2006-07-31,11.140612602233887
2006-08-01,11.140612602233887
2006-08-02,11.492879867553711
2006-08-03,11.492879867553711
2006-08-04,11.228675842285156
2006-08-07,11.118593215942383
2006-08-08,11.118593215942383
2006-08-09,11.404810905456543
2006-08-10,11.05254077911377
2006-08-11,11.338761329650879
2006-08-14,11.228675842285156
2006-08-15,11.228675842285156
2006-08-16,11.228675842285156
2006-08-17,11.228675842285156
2006-08-18,11.228675842285156
2006-08-21,11.096576690673828
2006-08-22,11.096576690673828
2006-08-23,11.206656455993652
2006-08-24,11.206656455993652
2006-08-25,11.426830291748047
2006-08-28,11.338761329650879
2006-08-29,11.18464469909668
2006-08-30,11.448846817016602
2006-08-31,11.448846817016602
2006-09-01,11.38279914855957
2006-09-05,11.38279914855957
2006-09-06,11.338761329650879
2006-09-07,11.338761329650879
2006-09-08,11.448846817016602
2006-09-11,11.228675842285156
2006-09-12,11.228675842285156
2006-09-13,11.448846817016602
2006-09-14,11.514896392822266
2006-09-15,11.448846817016602
2006-09-18,11.338761329650879
2006-09-19,11.338761329650879
2006-09-20,11.558928489685059
2006-09-21,11.338761329650879
2006-09-22,11.338761329650879
2006-09-25,11.448846817016602
2006-09-26,11.558928489685059
2006-09-27,11.558928489685059
2006-09-28,11.558928489685059
2006-09-29,11.558928489685059
2006-10-02,11.558928489685059
2006-10-03,11.889187812805176
2006-10-04,11.889187812805176
2006-10-05,11.889187812805176
2006-10-06,11.933219909667969
2006-10-09,11.933219909667969
2006-10-10,11.889187812805176
2006-10-11,11.779101371765137
2006-10-12,11.999265670776367
2006-10-13,12.043305397033691
2006-10-16,11.977256774902344
2006-10-17,11.977256774902344
2006-10-18,11.889187812805176
2006-10-19,11.889187812805176
2006-10-20,11.889187812805176
2006-10-23,11.889187812805176
2006-10-24,11.889187812805176
2006-10-25,12.153388977050781
2006-10-26,12.087335586547852
2006-10-27,12.065319061279297
2006-10-30,11.801119804382324
2006-10-31,12.109357833862305
2006-11-01,12.064918518066406
2006-11-02,12.064918518066406
2006-11-03,12.064918518066406
2006-11-06,12.064918518066406
2006-11-07,12.064918518066406
2006-11-08,12.19823169708252
2006-11-09,12.087136268615723
2006-11-10,12.087136268615723
2006-11-13,12.087136268615723
2006-11-14,12.176009178161621
2006-11-15,12.176009178161621
2006-11-16,12.176009178161621
2006-11-17,12.176009178161621
2006-11-20,12.131574630737305
2006-11-21,12.04269790649414
2006-11-22,12.04269790649414
2006-11-24,12.04269790649414
2006-11-27,12.220450401306152
2006-11-28,12.109357833862305
2006-11-29,12.153791427612305
2006-11-30,12.264892578125
2006-12-01,12.331544876098633
2006-12-04,12.331544876098633
2006-12-05,12.331544876098633
2006-12-06,12.176009178161621
2006-12-07,12.176009178161621
2006-12-08,12.176009178161621
2006-12-11,12.176009178161621
2006-12-12,12.176009178161621
2006-12-13,12.176009178161621
2006-12-14,12.176009178161621
2006-12-15,12.220450401306152
2006-12-18,12.331544876098633
2006-12-19,12.331544876098633
2006-12-20,12.176009178161621
2006-12-21,12.19823169708252
2006-12-22,12.35376262664795
2006-12-26,12.35376262664795
2006-12-27,12.176009178161621
2006-12-28,12.35376262664795
2006-12-29,12.131574630737305
2007-01-03,12.153791427612305
2007-01-04,12.153791427612305
2007-01-05,12.153791427612305
2007-01-08,12.153791427612305
2007-01-09,12.153791427612305
2007-01-10,12.153791427612305
2007-01-11,12.153791427612305
2007-01-12,12.109357833862305
2007-01-16,12.109357833862305
2007-01-17,12.109357833862305
2007-01-18,12.109357833862305
2007-01-19,12.220450401306152
2007-01-22,12.220450401306152
2007-01-23,12.220450401306152
2007-01-24,12.220450401306152
2007-01-25,12.131574630737305
2007-01-26,12.220450401306152
2007-01-29,12.220450401306152
2007-01-30,12.131574630737305
2007-01-31,12.243698120117188
2007-02-01,12.243698120117188
2007-02-02,12.27060604095459
2007-02-05,12.243698120117188
2007-02-06,12.288546562194824
2007-02-07,12.288546562194824
2007-02-08,12.288546562194824
2007-02-09,12.243698120117188
2007-02-12,12.27060604095459
2007-02-13,12.243698120117188
2007-02-14,12.266119003295898
2007-02-15,12.243698120117188
2007-02-16,12.243698120117188
2007-02-20,12.266119003295898
2007-02-21,12.288546562194824
2007-02-22,12.288546562194824
2007-02-23,12.243698120117188
2007-02-26,12.288546562194824
2007-02-27,12.288546562194824
2007-02-28,12.243698120117188
2007-03-01,12.243698120117188
2007-03-02,12.243698120117188
2007-03-05,12.310968399047852
2007-03-06,12.243698120117188
2007-03-07,12.243698120117188
2007-03-08,12.266119003295898
2007-03-09,12.243698120117188
2007-03-12,12.310968399047852
2007-03-13,12.243698120117188
2007-03-14,12.243698120117188
2007-03-15,12.243698120117188
2007-03-16,12.248183250427246
2007-03-19,12.248183250427246
2007-03-20,12.198853492736816
2007-03-21,12.198853492736816
2007-03-22,12.198853492736816
2007-03-23,12.198853492736816
2007-03-26,12.243698120117188
2007-03-27,12.310968399047852
2007-03-28,12.310968399047852
2007-03-29,12.198853492736816
2007-03-30,12.198853492736816
2007-04-02,12.221274375915527
2007-04-03,12.221274375915527
2007-04-04,12.198853492736816
2007-04-05,12.221274375915527
2007-04-09,12.221274375915527
2007-04-10,12.221274375915527
2007-04-11,12.221274375915527
2007-04-12,12.185392379760742
2007-04-13,12.185392379760742
2007-04-16,12.189881324768066
2007-04-17,12.11363410949707
2007-04-18,12.221274375915527
2007-04-19,12.171945571899414
2007-04-20,12.154003143310547
2007-04-23,12.154003143310547
2007-04-24,12.154003143310547
2007-04-25,12.266119003295898
2007-04-26,12.266119003295898
2007-04-27,12.288546562194824
2007-04-30,12.333396911621094
2007-05-01,12.333396911621094
2007-05-02,12.405839920043945
2007-05-03,12.383195877075195
2007-05-04,12.383195877075195
2007-05-07,12.451117515563965
2007-05-08,12.451117515563965
2007-05-09,12.315288543701172
2007-05-10,12.33792495727539
2007-05-11,12.451117515563965
2007-05-14,12.451117515563965
2007-05-15,12.451117515563965
2007-05-16,12.451117515563965
2007-05-17,12.33792495727539
2007-05-18,12.33792495727539
2007-05-21,12.33792495727539
2007-05-22,12.36056137084961
2007-05-23,12.33792495727539
2007-05-24,12.33792495727539
2007-05-25,12.33792495727539
2007-05-29,12.405839920043945
2007-05-30,12.36056137084961
2007-05-31,12.405839920043945
2007-06-01,12.428473472595215
2007-06-04,12.401311874389648
2007-06-05,12.401311874389648
2007-06-06,12.315288543701172
2007-06-07,12.33792495727539
2007-06-08,12.33792495727539
2007-06-11,12.33792495727539
2007-06-12,12.33792495727539
2007-06-13,12.33792495727539
2007-06-14,12.33792495727539
2007-06-15,12.401311874389648
2007-06-18,12.33792495727539
2007-06-19,12.401311874389648
2007-06-20,12.401311874389648
2007-06-21,12.33792495727539
2007-06-22,12.33792495727539
2007-06-25,12.33792495727539
2007-06-26,12.33792495727539
2007-06-27,12.33792495727539
2007-06-28,12.33792495727539
2007-06-29,12.33792495727539
2007-07-02,12.33792495727539
2007-07-03,12.33792495727539
2007-07-05,12.292649269104004
2007-07-06,12.315288543701172
2007-07-09,12.297172546386719
2007-07-10,12.297172546386719
2007-07-11,11.907790184020996
2007-07-12,11.889679908752441
2007-07-13,11.907790184020996
2007-07-16,11.771965026855469
2007-07-17,11.771965026855469
2007-07-18,11.771965026855469
2007-07-19,11.971181869506836
2007-07-20,11.993820190429688
2007-07-23,11.930427551269531
2007-07-24,11.930427551269531
2007-07-25,11.930427551269531
2007-07-26,12.1024808883667
2007-07-27,12.1024808883667
2007-07-30,11.862519264221191
2007-07-31,11.862519264221191
2007-08-01,11.817239761352539
2007-08-02,11.953068733215332
2007-08-03,11.953068733215332
2007-08-06,11.771965026855469
2007-08-07,11.771965026855469
2007-08-08,11.776535987854004
2007-08-09,11.776535987854004
2007-08-10,11.776535987854004
2007-08-13,11.776535987854004
2007-08-14,11.662201881408691
2007-08-15,11.662201881408691
2007-08-16,11.662201881408691
2007-08-17,11.730803489685059
2007-08-20,11.730803489685059
2007-08-21,12.005202293395996
2007-08-22,12.005202293395996
2007-08-23,11.730803489685059
2007-08-24,11.616463661193848
2007-08-27,11.616463661193848
2007-08-28,11.616463661193848
2007-08-29,11.616463661193848
2007-08-30,11.547867774963379
2007-08-31,11.547867774963379
2007-09-04,11.547867774963379
2007-09-05,11.547867774963379
2007-09-06,11.662201881408691
2007-09-07,11.319194793701172
2007-09-10,11.319194793701172
2007-09-11,11.319194793701172
2007-09-12,11.34206485748291
2007-09-13,11.34206485748291
2007-09-14,11.34206485748291
2007-09-17,11.319194793701172
2007-09-18,11.570734024047852
2007-09-19,11.570734024047852
2007-09-20,11.364934921264648
2007-09-21,11.273459434509277
2007-09-24,11.273459434509277
2007-09-25,11.250589370727539
2007-09-26,11.250589370727539
2007-09-27,11.273459434509277
2007-09-28,11.570734024047852
2007-10-01,11.570734024047852
2007-10-02,11.662201881408691
2007-10-03,11.616463661193848
2007-10-04,11.616463661193848
2007-10-05,11.685065269470215
2007-10-08,11.685065269470215
2007-10-09,11.753668785095215
2007-10-10,11.753668785095215
2007-10-11,11.753668785095215
2007-10-12,11.753668785095215
2007-10-15,11.753668785095215
2007-10-16,11.776535987854004
2007-10-17,11.707935333251953
2007-10-18,11.79940128326416
2007-10-19,11.707935333251953
2007-10-22,11.707935333251953
2007-10-23,11.593599319458008
2007-10-24,11.593599319458008
2007-10-25,11.319194793701172
2007-10-26,11.319194793701172
2007-10-29,11.319194793701172
2007-10-30,11.319194793701172
2007-10-31,11.593599319458008
2007-11-01,11.593599319458008
2007-11-02,11.433533668518066
2007-11-05,11.20486068725586
2007-11-06,11.433533668518066
2007-11-07,11.322615623474121
2007-11-08,11.322615623474121
2007-11-09,11.322615623474121
2007-11-12,11.5305814743042
2007-11-13,11.5305814743042
2007-11-14,11.5305814743042
2007-11-15,11.5305814743042
2007-11-16,11.253286361694336
2007-11-19,11.553689002990723
2007-11-20,11.553689002990723
2007-11-21,11.553689002990723
2007-11-23,11.553689002990723
2007-11-26,11.438151359558105
2007-11-27,11.23018741607666
2007-11-28,11.23018741607666
2007-11-29,11.29951000213623
2007-11-30,11.438151359558105
2007-12-03,11.5305814743042
2007-12-04,11.322615623474121
2007-12-05,11.23018741607666
2007-12-06,11.23018741607666
2007-12-07,11.322615623474121
2007-12-10,11.23018741607666
2007-12-11,11.207077026367188
2007-12-12,11.322615623474121
2007-12-13,11.207077026367188
2007-12-14,11.207077026367188
2007-12-17,11.207077026367188
2007-12-18,11.322615623474121
2007-12-19,11.322615623474121
2007-12-20,11.207077026367188
2007-12-21,11.207077026367188
2007-12-24,11.207077026367188
2007-12-26,11.207077026367188
2007-12-27,11.23018741607666
2007-12-28,11.322615623474121
2007-12-31,11.5305814743042
2008-01-02,11.553689002990723
2008-01-03,11.553689002990723
2008-01-04,11.553689002990723
2008-01-07,11.553689002990723
2008-01-08,11.091541290283203
2008-01-09,11.114648818969727
2008-01-10,11.438151359558105
2008-01-11,11.022216796875
2008-01-14,11.091541290283203
2008-01-15,11.022216796875
2008-01-16,11.022216796875
2008-01-17,11.022216796875
2008-01-18,11.022216796875
2008-01-22,11.022216796875
2008-01-23,11.207077026367188
2008-01-24,10.952895164489746
2008-01-25,10.97600269317627
2008-01-28,11.322615623474121
2008-01-29,11.207077026367188
2008-01-30,11.114648818969727
2008-01-31,11.137751579284668
2008-02-01,11.091541290283203
2008-02-04,11.207077026367188
2008-02-05,11.022216796875
2008-02-06,11.16706371307373
2008-02-07,11.16706371307373
2008-02-08,11.16706371307373
2008-02-11,11.16706371307373
2008-02-12,11.16706371307373
2008-02-13,11.16706371307373
2008-02-14,11.16706371307373
2008-02-15,11.16706371307373
2008-02-19,11.237149238586426
2008-02-20,11.073613166809082
2008-02-21,11.050252914428711
2008-02-22,11.050252914428711
2008-02-25,11.16706371307373
2008-02-26,11.16706371307373
2008-02-27,11.16706371307373
2008-02-28,11.050252914428711
2008-02-29,11.050252914428711
2008-03-03,11.190424919128418
2008-03-04,10.9801607131958
2008-03-05,11.213787078857422
2008-03-06,10.9801607131958
2008-03-07,10.9801607131958
2008-03-10,10.91008186340332
2008-03-11,10.933444023132324
2008-03-12,10.9801607131958
2008-03-13,11.190424919128418
2008-03-14,10.9801607131958
2008-03-17,10.863354682922363
2008-03-18,10.88672161102295
2008-03-19,10.88672161102295
2008-03-20,11.190424919128418
2008-03-24,10.88672161102295
2008-03-25,10.9801607131958
2008-03-26,10.9801607131958
2008-03-27,10.9801607131958
2008-03-28,11.096975326538086
2008-03-31,11.16706371307373
2008-04-01,11.16706371307373
2008-04-02,11.307238578796387
2008-04-03,11.307238578796387
2008-04-04,11.16706371307373
2008-04-07,11.16706371307373
2008-04-08,11.16706371307373
2008-04-09,10.9801607131958
2008-04-10,11.16706371307373
2008-04-11,11.073613166809082
2008-04-14,11.003530502319336
2008-04-15,11.050252914428711
2008-04-16,11.050252914428711
2008-04-17,11.050252914428711
2008-04-18,11.190424919128418
2008-04-21,11.073613166809082
2008-04-22,11.050252914428711
2008-04-23,10.9801607131958
2008-04-24,11.050252914428711
2008-04-25,11.190424919128418
2008-04-28,11.003530502319336
2008-04-29,11.190424919128418
2008-04-30,11.120338439941406
2008-05-01,11.073613166809082
2008-05-02,11.143699645996094
2008-05-05,11.447408676147461
2008-05-06,11.213787078857422
2008-05-07,11.246870040893555
2008-05-08,11.223236083984375
2008-05-09,11.223236083984375
2008-05-12,11.223236083984375
2008-05-13,11.246870040893555
2008-05-14,11.223236083984375
2008-05-15,11.246870040893555
2008-05-16,11.19961166381836
2008-05-19,11.19961166381836
2008-05-20,11.223236083984375
2008-05-21,11.435883522033691
2008-05-22,11.435883522033691
2008-05-23,11.341374397277832
2008-05-27,11.459513664245605
2008-05-28,11.341374397277832
2008-05-29,11.341374397277832
2008-05-30,11.246870040893555
2008-06-02,11.294120788574219
2008-06-03,11.175984382629395
2008-06-04,11.175984382629395
2008-06-05,11.294120788574219
2008-06-06,11.175984382629395
2008-06-09,11.175984382629395
2008-06-10,11.175984382629395
2008-06-11,11.090920448303223
2008-06-12,11.090920448303223
2008-06-13,10.977510452270508
2008-06-16,10.939704895019531
2008-06-17,11.105095863342285
2008-06-18,10.98696517944336
2008-06-19,10.98696517944336
2008-06-20,10.939704895019531
2008-06-23,11.105095863342285
2008-06-24,10.963335990905762
2008-06-25,10.963335990905762
2008-06-26,10.963335990905762
2008-06-27,11.057844161987305
2008-06-30,10.868819236755371
2008-07-01,10.39626407623291
2008-07-02,10.39626407623291
2008-07-03,10.278125762939453
2008-07-07,9.99459171295166
2008-07-08,9.99459171295166
2008-07-09,10.159984588623047
2008-07-10,10.041848182678223
2008-07-11,10.018214225769043
2008-07-14,10.1127347946167
2008-07-15,9.9237060546875
2008-07-16,10.159984588623047
2008-07-17,10.159984588623047
2008-07-18,9.9237060546875
2008-07-21,10.159984588623047
2008-07-22,10.159984588623047
2008-07-23,10.159984588623047
2008-07-24,10.490777015686035
2008-07-25,10.67979621887207
2008-07-28,10.514400482177734
2008-07-29,10.63254165649414
2008-07-30,10.63254165649414
2008-07-31,10.63254165649414
2008-08-01,10.98696517944336
2008-08-04,10.98696517944336
2008-08-05,10.39626407623291
2008-08-06,10.764653205871582
2008-08-07,10.405832290649414
2008-08-08,10.501523971557617
2008-08-11,10.482378959655762
2008-08-12,11.123477935791016
2008-08-13,11.123477935791016
2008-08-14,10.764653205871582
2008-08-15,10.764653205871582
2008-08-18,10.764653205871582
2008-08-19,10.764653205871582
2008-08-20,10.764653205871582
2008-08-21,10.62112808227539
2008-08-22,10.62112808227539
2008-08-25,10.62112808227539
2008-08-26,10.64504337310791
2008-08-27,10.692890167236328
2008-08-28,10.78857421875
2008-08-29,10.78857421875
2008-09-02,10.716814041137695
2008-09-03,10.597206115722656
2008-09-04,10.597206115722656
2008-09-05,10.597206115722656
2008-09-08,10.597206115722656
2008-09-09,10.597206115722656
2008-09-10,10.597206115722656
2008-09-11,10.482378959655762
2008-09-12,10.482378959655762
2008-09-15,10.405832290649414
2008-09-16,10.405832290649414
2008-09-17,10.573280334472656
2008-09-18,10.166620254516602
2008-09-19,10.64504337310791
2008-09-22,10.07093334197998
2008-09-23,10.07093334197998
2008-09-24,10.07093334197998
2008-09-25,10.051793098449707
2008-09-26,10.051793098449707
2008-09-29,10.051793098449707
2008-09-30,10.166620254516602
2008-10-01,10.166620254516602
2008-10-02,10.310144424438477
2008-10-03,10.214459419250488
2008-10-06,10.166620254516602
2008-10-07,10.047008514404297
2008-10-08,9.32936954498291
2008-10-09,9.0901517868042
2008-10-10,7.989765167236328
2008-10-13,7.989765167236328
2008-10-14,8.386859893798828
2008-10-15,9.066226959228516
2008-10-16,10.166620254516602
2008-10-17,10.166620254516602
2008-10-20,10.166620254516602
2008-10-21,9.568580627441406
2008-10-22,9.185836791992188
2008-10-23,9.185836791992188
2008-10-24,9.544660568237305
2008-10-27,9.32936954498291
2008-10-28,9.30544662475586
2008-10-29,9.30544662475586
2008-10-30,9.30544662475586
2008-10-31,9.448974609375
2008-11-03,9.448974609375
2008-11-04,9.448974609375
2008-11-05,10.065000534057617
2008-11-06,10.065000534057617
2008-11-07,10.065000534057617
2008-11-10,10.065000534057617
2008-11-11,9.701205253601074
2008-11-12,9.701205253601074
2008-11-13,10.307533264160156
2008-11-14,10.307533264160156
2008-11-17,9.943735122680664
2008-11-18,9.943735122680664
2008-11-19,10.186264038085938
2008-11-20,9.79821491241455
2008-11-21,9.691503524780273
2008-11-24,9.43442440032959
2008-11-25,9.16763973236084
2008-11-26,9.16763973236084
2008-11-28,8.367288589477539
2008-12-01,9.332557678222656
2008-12-02,9.332557678222656
2008-12-03,9.332557678222656
2008-12-04,8.488555908203125
2008-12-05,8.731083869934082
2008-12-08,8.609818458557129
2008-12-09,9.337409973144531
2008-12-10,9.337409973144531
2008-12-11,9.337409973144531
2008-12-12,9.094880104064941
2008-12-15,9.094880104064941
2008-12-16,8.609818458557129
2008-12-17,8.973612785339355
2008-12-18,8.973612785339355
2008-12-19,8.973612785339355
2008-12-22,8.77958869934082
2008-12-23,9.216144561767578
2008-12-24,9.216144561767578
2008-12-26,9.216144561767578
2008-12-29,9.216144561767578
2008-12-30,8.731083869934082
2008-12-31,8.852349281311035
2009-01-02,9.216144561767578
2009-01-05,9.216144561767578
2009-01-06,8.828097343444824
2009-01-07,8.828097343444824
2009-01-08,8.731083869934082
2009-01-09,8.731083869934082
2009-01-12,9.216144561767578
2009-01-13,9.216144561767578
2009-01-14,9.216144561767578
2009-01-15,9.216144561767578
2009-01-16,9.216144561767578
2009-01-20,8.731083869934082
2009-01-21,8.77958869934082
2009-01-22,8.609818458557129
2009-01-23,8.609818458557129
2009-01-26,8.609818458557129
2009-01-27,8.973612785339355
2009-01-28,9.216144561767578
2009-01-29,9.216144561767578
2009-01-30,9.216144561767578
2009-02-02,9.216144561767578
2009-02-03,9.216144561767578
2009-02-04,8.438702583312988
2009-02-05,8.438702583312988
2009-02-06,8.315690040588379
2009-02-09,8.36489200592041
2009-02-10,8.610921859741211
2009-02-11,8.36489200592041
2009-02-12,8.36489200592041
2009-02-13,8.315690040588379
2009-02-17,8.315690040588379
2009-02-18,8.315690040588379
2009-02-19,8.36489200592041
2009-02-20,8.192675590515137
2009-02-23,7.872840404510498
2009-02-24,7.429994106292725
2009-02-25,7.134757995605469
2009-02-26,7.011753082275391
2009-02-27,7.011753082275391
2009-03-02,7.011753082275391
2009-03-03,7.011753082275391
2009-03-04,6.913341045379639
2009-03-05,6.918257236480713
2009-03-06,6.918257236480713
2009-03-09,6.913341045379639
2009-03-10,6.96254301071167
2009-03-11,7.011753082275391
2009-03-12,7.011753082275391
2009-03-13,7.282378673553467
2009-03-16,7.306980609893799
2009-03-17,7.331582546234131
2009-03-18,7.134757995605469
2009-03-19,7.134757995605469
2009-03-20,7.380789279937744
2009-03-23,7.429994106292725
2009-03-24,7.380789279937744
2009-03-25,7.380789279937744
2009-03-26,7.331582546234131
2009-03-27,7.429994106292725
2009-03-30,7.380789279937744
2009-03-31,7.380789279937744
2009-04-01,7.380789279937744
2009-04-02,7.479198932647705
2009-04-03,7.380789279937744
2009-04-06,7.380789279937744
2009-04-07,7.380789279937744
2009-04-08,7.380789279937744
2009-04-09,7.380789279937744
2009-04-13,7.380789279937744
2009-04-14,7.380789279937744
2009-04-15,7.454597473144531
2009-04-16,7.454597473144531
2009-04-17,7.503800868988037
2009-04-20,7.971254348754883
2009-04-21,7.503800868988037
2009-04-22,7.454597473144531
2009-04-23,7.454597473144531
2009-04-24,7.454597473144531
2009-04-27,7.454597473144531
2009-04-28,8.610921859741211
2009-04-29,8.610921859741211
2009-04-30,8.610921859741211
2009-05-01,8.610921859741211
2009-05-04,8.610921859741211
2009-05-05,8.586315155029297
2009-05-06,8.546334266662598
2009-05-07,8.546334266662598
2009-05-08,8.746248245239258
2009-05-11,8.64629077911377
2009-05-12,8.296442985534668
2009-05-13,8.296442985534668
2009-05-14,8.446377754211426
2009-05-15,8.446377754211426
2009-05-18,8.446377754211426
2009-05-19,8.321426391601562
2009-05-20,8.296442985534668
2009-05-21,8.196486473083496
2009-05-22,8.196486473083496
2009-05-26,7.996573448181152
2009-05-27,8.446377754211426
2009-05-28,8.121516227722168
2009-05-29,8.121516227722168
2009-06-01,8.446377754211426
2009-06-02,8.496355056762695
2009-06-03,8.621302604675293
2009-06-04,8.621302604675293
2009-06-05,8.621302604675293
2009-06-08,8.621302604675293
2009-06-09,8.621302604675293
2009-06-10,8.996142387390137
2009-06-11,8.946165084838867
2009-06-12,8.79622745513916
2009-06-15,8.621302604675293
2009-06-16,8.621302604675293
2009-06-17,8.621302604675293
2009-06-18,8.621302604675293
2009-06-19,8.621302604675293
2009-06-22,8.621302604675293
2009-06-23,8.746248245239258
2009-06-24,8.746248245239258
2009-06-25,8.621302604675293
2009-06-26,8.621302604675293
2009-06-29,8.321426391601562
2009-06-30,8.496355056762695
2009-07-01,8.79622745513916
2009-07-02,8.79622745513916
2009-07-06,8.496355056762695
2009-07-07,8.246461868286133
2009-07-08,8.121516227722168
2009-07-09,8.121516227722168
2009-07-10,8.121516227722168
2009-07-13,8.121516227722168
2009-07-14,8.246461868286133
2009-07-15,8.246461868286133
2009-07-16,8.246461868286133
2009-07-17,8.246461868286133
2009-07-20,8.246461868286133
2009-07-21,8.121516227722168
2009-07-22,8.121516227722168
2009-07-23,8.246461868286133
2009-07-24,8.196486473083496
2009-07-27,8.171497344970703
2009-07-28,8.241466522216797
2009-07-29,8.171497344970703
2009-07-30,8.151503562927246
2009-07-31,8.246461868286133
2009-08-03,8.246461868286133
2009-08-04,8.246461868286133
2009-08-05,8.332839012145996
2009-08-06,8.332839012145996
2009-08-07,8.307432174682617
2009-08-10,8.383648872375488
2009-08-11,8.358245849609375
2009-08-12,8.332839012145996
2009-08-13,8.332839012145996
2009-08-14,8.287109375
2009-08-17,8.282029151916504
2009-08-18,8.282029151916504
2009-08-19,8.332839012145996
2009-08-20,8.383648872375488
2009-08-21,8.368403434753418
2009-08-24,8.368403434753418
2009-08-25,8.368403434753418
2009-08-26,8.383648872375488
2009-08-27,8.383648872375488
2009-08-28,8.383648872375488
2009-08-31,8.332839012145996
2009-09-01,8.332839012145996
2009-09-02,8.332839012145996
2009-09-03,8.485271453857422
2009-09-04,8.586889266967773
2009-09-08,8.485271453857422
2009-09-09,8.383648872375488
2009-09-10,8.383648872375488
2009-09-11,8.383648872375488
2009-09-14,8.383648872375488
2009-09-15,8.383648872375488
2009-09-16,8.510673522949219
2009-09-17,8.510673522949219
2009-09-18,8.282029151916504
2009-09-21,8.434460639953613
2009-09-22,8.434460639953613
2009-09-23,8.586889266967773
2009-09-24,8.586889266967773
2009-09-25,8.307432174682617
2009-09-28,8.383648872375488
2009-09-29,8.383648872375488
2009-09-30,8.510673522949219
2009-10-01,8.510673522949219
2009-10-02,9.145800590515137
2009-10-05,9.145800590515137
2009-10-06,8.764724731445312
2009-10-07,9.094991683959961
2009-10-08,9.145800590515137
2009-10-09,9.01877498626709
2009-10-12,8.764724731445312
2009-10-13,9.526876449584961
2009-10-14,10.416051864624023
2009-10-15,10.797123908996582
2009-10-16,10.034975051879883
2009-10-19,9.653903007507324
2009-10-20,9.653903007507324
2009-10-21,9.780925750732422
2009-10-22,9.39985179901123
2009-10-23,9.653903007507324
2009-10-26,9.653903007507324
2009-10-27,9.653903007507324
2009-10-28,9.115313529968262
2009-10-29,9.115313529968262
2009-10-30,9.044179916381836
2009-11-02,8.434460639953613
2009-11-03,8.38873291015625
2009-11-04,8.652168273925781
2009-11-05,8.85879135131836
2009-11-06,8.677998542785645
2009-11-09,8.523032188415527
2009-11-10,8.85879135131836
2009-11-11,9.168718338012695
2009-11-12,9.163553237915039
2009-11-13,9.039581298828125
2009-11-16,8.85879135131836
2009-11-17,8.910443305969238
2009-11-18,8.910443305969238
2009-11-19,8.910443305969238
2009-11-20,8.7813081741333
2009-11-23,8.548857688903809
2009-11-24,8.729653358459473
2009-11-25,8.7813081741333
2009-11-27,8.523032188415527
2009-11-30,8.910443305969238
2009-12-01,8.652168273925781
2009-12-02,8.652168273925781
2009-12-03,8.523032188415527
2009-12-04,8.523032188415527
2009-12-07,8.652168273925781
2009-12-08,8.523032188415527
2009-12-09,8.523032188415527
2009-12-10,8.523032188415527
2009-12-11,8.523032188415527
2009-12-14,8.523032188415527
2009-12-15,8.05814266204834
2009-12-16,8.05814266204834
2009-12-17,8.213104248046875
2009-12-18,8.213104248046875
2009-12-21,8.213104248046875
2009-12-22,8.213104248046875
2009-12-23,8.523032188415527
2009-12-24,8.523032188415527
2009-12-28,8.135623931884766
2009-12-29,8.135623931884766
2009-12-30,8.264758110046387
2009-12-31,8.435220718383789
2010-01-04,8.7813081741333
2010-01-05,8.393899917602539
2010-01-06,8.393899917602539
2010-01-07,8.652168273925781
2010-01-08,8.393899917602539
2010-01-11,8.264758110046387
2010-01-12,8.264758110046387
2010-01-13,8.264758110046387
2010-01-14,8.264758110046387
2010-01-15,8.523032188415527
2010-01-19,8.523032188415527
2010-01-20,8.523032188415527
2010-01-21,8.523032188415527
2010-01-22,8.471378326416016
2010-01-25,8.264758110046387
2010-01-26,8.7813081741333
2010-01-27,8.7813081741333
2010-01-28,8.7813081741333
2010-01-29,8.393899917602539
2010-02-01,8.393899917602539
2010-02-02,8.393899917602539
2010-02-03,8.535720825195312
2010-02-04,8.588248252868652
2010-02-05,8.404403686523438
2010-02-08,8.404403686523438
2010-02-09,8.588248252868652
2010-02-10,8.588248252868652
2010-02-11,8.588248252868652
2010-02-12,8.588248252868652
2010-02-16,8.66703987121582
2010-02-17,8.66703987121582
2010-02-18,8.299348831176758
2010-02-19,8.299348831176758
2010-02-22,8.194290161132812
2010-02-23,8.194290161132812
2010-02-24,8.194290161132812
2010-02-25,8.194290161132812
2010-02-26,8.404403686523438
2010-03-01,8.4306640625
2010-03-02,8.4306640625
2010-03-03,8.4306640625
2010-03-04,8.089232444763184
2010-03-05,8.141766548156738
2010-03-08,8.036709785461426
2010-03-09,8.141766548156738
2010-03-10,8.404403686523438
2010-03-11,8.32561206817627
2010-03-12,8.32561206817627
2010-03-15,8.273083686828613
2010-03-16,8.66703987121582
2010-03-17,8.404403686523438
2010-03-18,8.66703987121582
2010-03-19,8.929677963256836
2010-03-22,9.060995101928711
2010-03-23,8.561984062194824
2010-03-24,8.798357963562012
2010-03-25,9.454949378967285
2010-03-26,9.454949378967285
2010-03-29,9.454949378967285
2010-03-30,9.192317008972168
2010-03-31,8.798357963562012
2010-04-01,8.798357963562012
2010-04-05,8.877153396606445
2010-04-06,10.111543655395508
2010-04-07,9.454949378967285
2010-04-08,9.192317008972168
2010-04-09,9.318379402160645
2010-04-12,9.060995101928711
2010-04-13,9.066250801086426
2010-04-14,9.113524436950684
2010-04-15,9.323636054992676
2010-04-16,9.323636054992676
2010-04-19,9.323636054992676
2010-04-20,9.060995101928711
2010-04-21,9.297371864318848
2010-04-22,9.717586517333984
2010-04-23,9.717586517333984
2010-04-26,9.454949378967285
2010-04-27,9.20281982421875
2010-04-28,9.20281982421875
2010-04-29,9.717586517333984
2010-04-30,9.717586517333984
2010-05-03,9.717586517333984
2010-05-04,9.376163482666016
2010-05-05,9.520163536071777
2010-05-06,9.520163536071777
2010-05-07,9.493496894836426
2010-05-10,9.386825561523438
2010-05-11,9.600162506103516
2010-05-12,10.133509635925293
2010-05-13,10.133509635925293
2010-05-14,9.344160079956055
2010-05-17,9.344160079956055
2010-05-18,9.360158920288086
2010-05-19,9.360158920288086
2010-05-20,9.360158920288086
2010-05-21,9.866830825805664
2010-05-24,9.866830825805664
2010-05-25,9.493496894836426
2010-05-26,9.493496894836426
2010-05-27,9.600162506103516
2010-05-28,9.600162506103516
2010-06-01,9.733498573303223
2010-06-02,9.866830825805664
2010-06-03,9.973505020141602
2010-06-04,9.973505020141602
2010-06-07,9.973505020141602
2010-06-08,9.70683479309082
2010-06-09,9.70683479309082
2010-06-10,9.626830101013184
2010-06-11,9.626830101013184
2010-06-14,9.973505020141602
2010-06-15,9.973505020141602
2010-06-16,9.866830825805664
2010-06-17,9.600162506103516
2010-06-18,9.600162506103516
2010-06-21,9.600162506103516
2010-06-22,9.600162506103516
2010-06-23,9.466832160949707
2010-06-24,9.466832160949707
2010-06-25,9.466832160949707
2010-06-28,9.322822570800781
2010-06-29,9.06682300567627
2010-06-30,9.440164566040039
2010-07-01,9.440164566040039
2010-07-02,9.440164566040039
2010-07-06,9.440164566040039
2010-07-07,9.440164566040039
2010-07-08,9.466832160949707
2010-07-09,9.466832160949707
2010-07-12,9.20015811920166
2010-07-13,9.333497047424316
2010-07-14,9.06682300567627
2010-07-15,9.040156364440918
2010-07-16,8.800149917602539
2010-07-19,8.800149917602539
2010-07-20,9.040156364440918
2010-07-21,9.040156364440918
2010-07-22,8.800149917602539
2010-07-23,8.810818672180176
2010-07-26,8.810818672180176
2010-07-27,8.82681655883789
2010-07-28,8.82681655883789
2010-07-29,9.06682300567627
2010-07-30,8.933483123779297
2010-08-02,8.933483123779297
2010-08-03,8.933483123779297
2010-08-04,9.215368270874023
2010-08-05,9.215368270874023
2010-08-06,9.079846382141113
2010-08-09,9.079846382141113
2010-08-10,9.215368270874023
2010-08-11,9.215368270874023
2010-08-12,9.161163330078125
2010-08-13,9.215368270874023
2010-08-16,9.161163330078125
2010-08-17,9.161163330078125
2010-08-18,9.161163330078125
2010-08-19,9.215368270874023
2010-08-20,9.215368270874023
2010-08-23,9.161163330078125
2010-08-24,9.161163330078125
2010-08-25,9.56772232055664
2010-08-26,9.56772232055664
2010-08-27,9.215368270874023
2010-08-30,9.18826675415039
2010-08-31,9.48641300201416
2010-09-01,9.48641300201416
2010-09-02,9.161163330078125
2010-09-03,9.052743911743164
2010-09-07,9.052743911743164
2010-09-08,9.052743911743164
2010-09-09,9.052743911743164
2010-09-10,9.269576072692871
2010-09-13,9.161163330078125
2010-09-14,9.161163330078125
2010-09-15,9.269576072692871
2010-09-16,9.079846382141113
2010-09-17,9.003957748413086
2010-09-20,9.003957748413086
2010-09-21,9.003957748413086
2010-09-22,8.944326400756836
2010-09-23,9.215368270874023
2010-09-24,9.215368270874023
2010-09-27,9.215368270874023
2010-09-28,9.215368270874023
2010-09-29,8.971430778503418
2010-09-30,8.971430778503418
2010-10-01,9.161163330078125
2010-10-04,8.971430778503418
2010-10-05,8.971430778503418
2010-10-06,9.079846382141113
2010-10-07,9.215368270874023
2010-10-08,9.215368270874023
2010-10-11,9.079846382141113
2010-10-12,9.199105262756348
2010-10-13,9.199105262756348
2010-10-14,9.215368270874023
2010-10-15,9.215368270874023
2010-10-18,9.215368270874023
2010-10-19,9.052743911743164
2010-10-20,9.052743911743164
2010-10-21,9.052743911743164
2010-10-22,9.052743911743164
2010-10-25,9.052743911743164
2010-10-26,9.215368270874023
2010-10-27,9.350889205932617
2010-10-28,9.345466613769531
2010-10-29,9.345466613769531
2010-11-01,9.296682357788086
2010-11-02,9.079846382141113
2010-11-03,9.28370475769043
2010-11-04,9.338802337646484
2010-11-05,9.338802337646484
2010-11-08,9.256155967712402
2010-11-09,9.28370475769043
2010-11-10,9.28370475769043
2010-11-11,9.366344451904297
2010-11-12,9.28370475769043
2010-11-15,9.366344451904297
2010-11-16,9.448993682861328
2010-11-17,9.448993682861328
2010-11-18,9.448993682861328
2010-11-19,9.448993682861328
2010-11-22,9.504088401794434
2010-11-23,9.504088401794434
2010-11-24,9.504088401794434
2010-11-26,9.504088401794434
2010-11-29,9.476542472839355
2010-11-30,9.366344451904297
2010-12-01,9.476542472839355
2010-12-02,9.476542472839355
2010-12-03,9.421445846557617
2010-12-06,9.393896102905273
2010-12-07,9.393896102905273
2010-12-08,9.504088401794434
2010-12-09,9.448993682861328
2010-12-10,9.448993682861328
2010-12-13,9.448993682861328
2010-12-14,9.448993682861328
2010-12-15,9.696922302246094
2010-12-16,9.917309761047363
2010-12-17,9.917309761047363
2010-12-20,9.917309761047363
2010-12-21,10.19278621673584
2010-12-22,10.110148429870605
2010-12-23,10.110148429870605
2010-12-27,10.055047988891602
2010-12-28,10.055047988891602
2010-12-29,10.055047988891602
2010-12-30,10.055047988891602
2010-12-31,10.055047988891602
2011-01-03,10.275435447692871
2011-01-04,10.275435447692871
2011-01-05,10.275435447692871
2011-01-06,10.468274116516113
2011-01-07,10.30298137664795
2011-01-10,10.31400203704834
2011-01-11,10.30298137664795
2011-01-12,10.881492614746094
2011-01-13,10.606010437011719
2011-01-14,11.019233703613281
2011-01-18,11.377359390258789
2011-01-19,11.019233703613281
2011-01-20,11.046782493591309
2011-01-21,11.046782493591309
2011-01-24,11.57019329071045
2011-01-25,11.019233703613281
2011-01-26,11.57019329071045
2011-01-27,11.57019329071045
2011-01-28,11.156976699829102
2011-01-31,11.845675468444824
2011-02-01,11.845675468444824
2011-02-02,11.148212432861328
2011-02-03,11.148212432861328
2011-02-04,11.019881248474121
2011-02-07,10.880389213562012
2011-02-08,10.880389213562012
2011-02-09,10.880389213562012
2011-02-10,10.908291816711426
2011-02-11,10.908291816711426
2011-02-14,11.019881248474121
2011-02-15,11.019881248474121
2011-02-16,11.019881248474121
2011-02-17,10.813430786132812
2011-02-18,10.7966947555542
2011-02-22,10.7966947555542
2011-02-23,10.7966947555542
2011-02-24,11.019881248474121
2011-02-25,10.824589729309082
2011-02-28,10.880389213562012
2011-03-01,10.852493286132812
2011-03-02,11.031042098999023
2011-03-03,10.7966947555542
2011-03-04,10.657206535339355
2011-03-07,10.601410865783691
2011-03-08,10.601410865783691
2011-03-09,10.601410865783691
2011-03-10,10.601410865783691
2011-03-11,10.601410865783691
2011-03-14,10.601410865783691
2011-03-15,10.601410865783691
2011-03-16,10.489811897277832
2011-03-17,10.489811897277832
2011-03-18,10.489811897277832
2011-03-21,10.350318908691406
2011-03-22,10.350318908691406
2011-03-23,10.350318908691406
2011-03-24,10.350318908691406
2011-03-25,10.350318908691406
2011-03-28,10.043435096740723
2011-03-29,9.76445484161377
2011-03-30,9.876047134399414
2011-03-31,9.876047134399414
2011-04-01,10.015542030334473
2011-04-04,9.820247650146484
2011-04-05,10.043435096740723
2011-04-06,10.043435096740723
2011-04-07,10.043435096740723
2011-04-08,10.155029296875
2011-04-11,9.820247650146484
2011-04-12,10.322419166564941
2011-04-13,10.182927131652832
2011-04-14,10.461913108825684
2011-04-15,10.182927131652832
2011-04-18,10.322419166564941
2011-04-19,10.316841125488281
2011-04-20,10.238725662231445
2011-04-21,10.238725662231445
2011-04-25,9.959742546081543
2011-04-26,9.79234790802002
2011-04-27,9.79234790802002
2011-04-28,10.043435096740723
2011-04-29,9.931846618652344
2011-05-02,9.876047134399414
2011-05-03,10.155029296875
2011-05-04,10.307950019836426
2011-05-05,10.307950019836426
2011-05-06,10.307950019836426
2011-05-09,10.39290714263916
2011-05-10,10.19467544555664
2011-05-11,10.27963638305664
2011-05-12,10.39290714263916
2011-05-13,10.39290714263916
2011-05-16,10.39290714263916
2011-05-17,10.222991943359375
2011-05-18,10.251317024230957
2011-05-19,10.251317024230957
2011-05-20,10.251317024230957
2011-05-23,10.251317024230957
2011-05-24,10.222991943359375
2011-05-25,10.27963638305664
2011-05-26,10.336268424987793
2011-05-27,10.222991943359375
2011-05-31,10.19467544555664
2011-06-01,10.336268424987793
2011-06-02,10.336268424987793
2011-06-03,10.27963638305664
2011-06-06,10.19467544555664
2011-06-07,10.109722137451172
2011-06-08,10.053085327148438
2011-06-09,10.053085327148438
2011-06-10,10.109722137451172
2011-06-13,9.911493301391602
2011-06-14,9.96812629699707
2011-06-15,9.996442794799805
2011-06-16,9.996442794799805
2011-06-17,9.996442794799805
2011-06-20,9.996442794799805
2011-06-21,10.024765968322754
2011-06-22,10.053085327148438
2011-06-23,9.911493301391602
2011-06-24,9.911493301391602
2011-06-27,9.93980598449707
2011-06-28,9.93980598449707
2011-06-29,9.93980598449707
2011-06-30,10.081405639648438
2011-07-01,10.138041496276855
2011-07-05,10.18901252746582
2011-07-06,9.854852676391602
2011-07-07,9.911493301391602
2011-07-08,9.911493301391602
2011-07-11,9.911493301391602
2011-07-12,9.769898414611816
2011-07-13,10.053085327148438
2011-07-14,10.053085327148438
2011-07-15,9.883173942565918
2011-07-18,9.883173942565918
2011-07-19,9.854852676391602
2011-07-20,9.854852676391602
2011-07-21,9.79821491241455
2011-07-22,9.79821491241455
2011-07-25,9.911493301391602
2011-07-26,9.769898414611816
2011-07-27,9.826536178588867
2011-07-28,9.826536178588867
2011-07-29,9.769898414611816
2011-08-01,9.713265419006348
2011-08-02,9.718924522399902
2011-08-03,9.321883201599121
2011-08-04,9.206799507141113
2011-08-05,9.206799507141113
2011-08-08,8.775229454040527
2011-08-09,8.861541748046875
2011-08-10,8.861541748046875
2011-08-11,9.062942504882812
2011-08-12,9.005398750305176
2011-08-15,9.149255752563477
2011-08-16,8.919087409973145
2011-08-17,8.919087409973145
2011-08-18,8.976624488830566
2011-08-19,8.919087409973145
2011-08-22,8.919087409973145
2011-08-23,8.919087409973145
2011-08-24,9.436966896057129
2011-08-25,9.436966896057129
2011-08-26,8.919087409973145
2011-08-29,9.6383638381958
2011-08-30,9.488753318786621
2011-08-31,9.488753318786621
2011-09-01,9.488753318786621
2011-09-02,9.2643404006958
2011-09-06,9.212553024291992
2011-09-07,9.270094871520996
2011-09-08,8.976624488830566
2011-09-09,8.976624488830566
2011-09-12,8.976624488830566
2011-09-13,8.832770347595215
2011-09-14,9.057188034057617
2011-09-15,9.057188034057617
2011-09-16,8.746456146240234
2011-09-19,9.062942504882812
2011-09-20,9.062942504882812
2011-09-21,9.062942504882812
2011-09-22,8.976624488830566
2011-09-23,8.976624488830566
2011-09-26,8.976624488830566
2011-09-27,8.919087409973145
2011-09-28,8.919087409973145
2011-09-29,8.803999900817871
2011-09-30,8.803999900817871
2011-10-03,8.803999900817871
2011-10-04,8.803999900817871
2011-10-05,8.976624488830566
2011-10-06,8.752212524414062
2011-10-07,8.832770347595215
2011-10-10,8.832770347595215
2011-10-11,8.976624488830566
2011-10-12,8.976624488830566
2011-10-13,8.976624488830566
2011-10-14,8.976624488830566
2011-10-17,8.752212524414062
2011-10-18,9.005398750305176
2011-10-19,8.775229454040527
2011-10-20,9.005398750305176
2011-10-21,9.005398750305176
2011-10-24,9.005398750305176
2011-10-25,9.005398750305176
2011-10-26,9.005398750305176
2011-10-27,8.832770347595215
2011-10-28,8.775229454040527
2011-10-31,8.752212524414062
2011-11-01,8.861541748046875
2011-11-02,9.019678115844727
2011-11-03,8.785402297973633
2011-11-04,8.785402297973633
2011-11-07,8.744401931762695
2011-11-08,8.744401931762695
2011-11-09,8.744401931762695
2011-11-10,8.697548866271973
2011-11-11,8.697548866271973
2011-11-14,8.697548866271973
2011-11-15,8.66826057434082
2011-11-16,8.697548866271973
2011-11-17,8.697548866271973
2011-11-18,8.66826057434082
2011-11-21,8.6448392868042
2011-11-22,8.925968170166016
2011-11-23,8.539413452148438
2011-11-25,8.785402297973633
2011-11-28,8.77954387664795
2011-11-29,8.66826057434082
2011-11-30,8.685830116271973
2011-12-01,8.756118774414062
2011-12-02,8.58041000366211
2011-12-05,8.609696388244629
2011-12-06,8.492554664611816
2011-12-07,8.404703140258789
2011-12-08,8.492554664611816
2011-12-09,8.28756332397461
2011-12-12,7.906862735748291
2011-12-13,7.438305854797363
2011-12-14,7.584729194641113
2011-12-15,7.578876972198486
2011-12-16,7.409022808074951
2011-12-19,7.204030513763428
2011-12-20,7.3797383308410645
2011-12-21,7.3797383308410645
2011-12-22,7.3797383308410645
2011-12-23,7.321168899536133
2011-12-27,7.321168899536133
2011-12-28,7.233312606811523
2011-12-29,7.409022808074951
2011-12-30,7.233312606811523
2012-01-03,7.233312606811523
2012-01-04,7.315311431884766
2012-01-05,7.3797383308410645
2012-01-06,7.584729194641113
2012-01-09,7.467594146728516
2012-01-10,7.5613017082214355
2012-01-11,7.701868057250977
2012-01-12,8.199708938598633
2012-01-13,8.199708938598633
2012-01-17,8.492554664611816
2012-01-18,8.521841049194336
2012-01-19,8.521841049194336
2012-01-20,8.66826057434082
2012-01-23,8.66826057434082
2012-01-24,8.785402297973633
2012-01-25,9.078248023986816
2012-01-26,8.609696388244629
2012-01-27,8.843973159790039
2012-01-30,8.726831436157227
2012-01-31,8.66826057434082
2012-02-01,8.769680976867676
2012-02-02,8.769680976867676
2012-02-03,8.829339981079102
2012-02-06,8.865133285522461
2012-02-07,8.769680976867676
2012-02-08,8.7100248336792
2012-02-09,8.7100248336792
2012-02-10,8.7100248336792
2012-02-13,8.650362968444824
2012-02-14,8.566844940185547
2012-02-15,9.097798347473145
2012-02-16,9.205183029174805
2012-02-17,8.948652267456055
2012-02-21,8.948652267456055
2012-02-22,8.829339981079102
2012-02-23,8.829339981079102
2012-02-24,8.50122356414795
2012-02-27,8.381909370422363
2012-02-28,8.352078437805176
2012-02-29,8.202933311462402
2012-03-01,8.471395492553711
2012-03-02,8.352078437805176
2012-03-05,8.381909370422363
2012-03-06,8.322248458862305
2012-03-07,8.352078437805176
2012-03-08,8.465428352355957
2012-03-09,8.441563606262207
2012-03-12,8.42366886138916
2012-03-13,8.471395492553711
2012-03-14,9.246943473815918
2012-03-15,9.246943473815918
2012-03-16,8.948652267456055
2012-03-19,8.918828010559082
2012-03-20,9.008312225341797
2012-03-21,9.246943473815918
2012-03-22,9.187285423278809
2012-03-23,9.187285423278809
2012-03-26,9.515403747558594
2012-03-27,9.515403747558594
2012-03-28,9.396086692810059
2012-03-29,9.425911903381348
2012-03-30,9.425911903381348
2012-04-02,9.425911903381348
2012-04-03,9.306600570678711
2012-04-04,9.306600570678711
2012-04-05,9.485574722290039
2012-04-09,9.396086692810059
2012-04-10,9.485574722290039
2012-04-11,9.306600570678711
2012-04-12,9.21711254119873
2012-04-13,9.36626148223877
2012-04-16,9.36626148223877
2012-04-17,9.36626148223877
2012-04-18,9.246943473815918
2012-04-19,9.246943473815918
2012-04-20,9.425911903381348
2012-04-23,9.425911903381348
2012-04-24,9.21711254119873
2012-04-25,8.620535850524902
2012-04-26,8.590709686279297
2012-04-27,8.799513816833496
2012-04-30,8.50122356414795
2012-05-01,8.328214645385742
2012-05-02,8.411735534667969
2012-05-03,8.411735534667969
2012-05-04,8.411735534667969
2012-05-07,8.352078437805176
2012-05-08,8.605721473693848
2012-05-09,8.152788162231445
2012-05-10,8.056163787841797
2012-05-11,8.001809120178223
2012-05-14,8.001809120178223
2012-05-15,7.850836277008057
2012-05-16,7.790441036224365
2012-05-17,7.850836277008057
2012-05-18,7.850836277008057
2012-05-21,7.905183792114258
2012-05-22,8.303765296936035
2012-05-23,8.388313293457031
2012-05-24,8.303765296936035
2012-05-25,8.152788162231445
2012-05-29,8.001809120178223
2012-05-30,8.001809120178223
2012-05-31,8.001809120178223
2012-06-01,8.001809120178223
2012-06-04,8.152788162231445
2012-06-05,7.881028652191162
2012-06-06,7.881028652191162
2012-06-07,7.881028652191162
2012-06-08,7.881028652191162
2012-06-11,8.001809120178223
2012-06-12,8.001809120178223
2012-06-13,8.001809120178223
2012-06-14,8.062204360961914
2012-06-15,8.062204360961914
2012-06-18,8.062204360961914
2012-06-19,8.001809120178223
2012-06-20,7.881028652191162
2012-06-21,7.881028652191162
2012-06-22,7.881028652191162
2012-06-25,8.152788162231445
2012-06-26,8.152788162231445
2012-06-27,8.152788162231445
2012-06-28,8.152788162231445
2012-06-29,7.92330265045166
2012-07-02,7.92330265045166
2012-07-03,7.92330265045166
2012-07-05,7.941417217254639
2012-07-06,7.941417217254639
2012-07-09,8.001809120178223
2012-07-10,8.442667007446289
2012-07-11,8.092398643493652
2012-07-12,8.092398643493652
2012-07-13,8.092398643493652
2012-07-16,8.092398643493652
2012-07-17,8.092398643493652
2012-07-18,8.092398643493652
2012-07-19,8.430587768554688
2012-07-20,8.430587768554688
2012-07-23,7.941417217254639
2012-07-24,8.545328140258789
2012-07-25,8.12259292602539
2012-07-26,8.605721473693848
2012-07-27,8.454741477966309
2012-07-30,8.454741477966309
2012-07-31,8.213180541992188
2012-08-01,8.213180541992188
2012-08-02,8.33396053314209
2012-08-03,8.12259292602539
2012-08-06,8.001809120178223
2012-08-07,8.098433494567871
2012-08-08,8.318635940551758
2012-08-09,8.379800796508789
2012-08-10,8.379800796508789
2012-08-13,8.379800796508789
2012-08-14,8.5021333694458
2012-08-15,8.257468223571777
2012-08-16,8.349220275878906
2012-08-17,8.349220275878906
2012-08-20,8.5021333694458
2012-08-21,8.5021333694458
2012-08-22,8.257468223571777
2012-08-23,8.410387992858887
2012-08-24,8.379800796508789
2012-08-27,8.379800796508789
2012-08-28,8.410387992858887
2012-08-29,8.5021333694458
2012-08-30,8.746801376342773
2012-08-31,8.618353843688965
2012-09-04,8.593887329101562
2012-09-05,8.593887329101562
2012-09-06,8.563300132751465
2012-09-07,8.716216087341309
2012-09-10,8.593887329101562
2012-09-11,8.624467849731445
2012-09-12,8.624467849731445
2012-09-13,8.624467849731445
2012-09-14,8.624467849731445
2012-09-17,8.716216087341309
2012-09-18,8.68563461303711
2012-09-19,8.68563461303711
2012-09-20,8.68563461303711
2012-09-21,8.716216087341309
2012-09-24,8.655050277709961
2012-09-25,8.716216087341309
2012-09-26,8.789618492126465
2012-09-27,8.789618492126465
2012-09-28,8.789618492126465
2012-10-01,8.80797004699707
2012-10-02,8.80797004699707
2012-10-03,8.869134902954102
2012-10-04,8.856901168823242
2012-10-05,8.838547706604004
2012-10-08,8.838547706604004
2012-10-09,8.838547706604004
2012-10-10,8.68563461303711
2012-10-11,8.661165237426758
2012-10-12,8.661165237426758
2012-10-15,8.655050277709961
2012-10-16,8.691753387451172
2012-10-17,8.691753387451172
2012-10-18,8.691753387451172
2012-10-19,9.022049903869629
2012-10-22,9.022049903869629
2012-10-23,8.869134902954102
2012-10-24,8.869134902954102
2012-10-25,8.80797004699707
2012-10-26,8.80797004699707
2012-10-31,9.083216667175293
2012-11-01,8.869134902954102
2012-11-02,9.022049903869629
2012-11-05,9.022049903869629
2012-11-06,9.022049903869629
2012-11-07,8.359938621520996
2012-11-08,8.539386749267578
2012-11-09,8.663147926330566
2012-11-12,8.663147926330566
2012-11-13,8.539386749267578
2012-11-14,8.539386749267578
2012-11-15,8.539386749267578
2012-11-16,8.663147926330566
2012-11-19,8.663147926330566
2012-11-20,8.743593215942383
2012-11-21,8.44657039642334
2012-11-23,8.44657039642334
2012-11-26,8.44657039642334
2012-11-27,8.44657039642334
2012-11-28,8.570327758789062
2012-11-29,8.663147926330566
2012-11-30,8.725028991699219
2012-12-03,8.508450508117676
2012-12-04,8.477507591247559
2012-12-05,8.663147926330566
2012-12-06,8.539386749267578
2012-12-07,8.539386749267578
2012-12-10,8.601269721984863
2012-12-11,8.663147926330566
2012-12-12,8.663147926330566
2012-12-13,8.663147926330566
2012-12-14,8.601269721984863
2012-12-17,8.601269721984863
2012-12-18,8.601269721984863
2012-12-19,8.601269721984863
2012-12-20,8.601269721984863
2012-12-21,8.539386749267578
2012-12-24,8.539386749267578
2012-12-26,8.663147926330566
2012-12-27,8.570327758789062
2012-12-28,8.601269721984863
2012-12-31,8.663147926330566
2013-01-02,8.663147926330566
2013-01-03,8.663147926330566
2013-01-04,8.663147926330566
2013-01-07,8.632207870483398
2013-01-08,8.595080375671387
2013-01-09,8.663147926330566
2013-01-10,8.626020431518555
2013-01-11,8.694091796875
2013-01-14,8.725028991699219
2013-01-15,8.725028991699219
2013-01-16,8.725028991699219
2013-01-17,8.725028991699219
2013-01-18,9.127246856689453
2013-01-22,8.706462860107422
2013-01-23,8.817848205566406
2013-01-24,8.972549438476562
2013-01-25,8.972549438476562
2013-01-28,9.096303939819336
2013-01-29,9.096303939819336
2013-01-30,9.096303939819336
2013-01-31,8.972549438476562
2013-02-01,8.972549438476562
2013-02-04,8.879727363586426
2013-02-05,8.879727363586426
2013-02-06,8.879727363586426
2013-02-07,9.080116271972656
2013-02-08,9.080116271972656
2013-02-11,9.048803329467773
2013-02-12,9.142735481262207
2013-02-13,9.080116271972656
2013-02-14,9.080116271972656
2013-02-15,9.080116271972656
2013-02-19,9.111425399780273
2013-02-20,9.399489402770996
2013-02-21,9.455842971801758
2013-02-22,9.675017356872559
2013-02-25,9.8378324508667
2013-02-26,9.988125801086426
2013-02-27,10.332547187805176
2013-02-28,10.144676208496094
2013-03-01,10.23861026763916
2013-03-04,10.26992130279541
2013-03-05,10.457785606384277
2013-03-06,10.6519136428833
2013-03-07,10.676961898803711
2013-03-08,10.489097595214844
2013-03-11,10.676961898803711
2013-03-12,10.770896911621094
2013-03-13,10.770896911621094
2013-03-14,10.583032608032227
2013-03-15,10.489097595214844
2013-03-18,10.708274841308594
2013-03-19,10.770896911621094
2013-03-20,11.021377563476562
2013-03-21,11.021377563476562
2013-03-22,10.520408630371094
2013-03-25,10.645651817321777
2013-03-26,10.645651817321777
2013-03-27,10.645651817321777
2013-03-28,10.0256986618042
2013-04-01,10.0256986618042
2013-04-02,10.019438743591309
2013-04-03,10.019438743591309
2013-04-04,10.019438743591309
2013-04-05,10.019438743591309
2013-04-08,10.019438743591309
2013-04-09,10.019438743591309
2013-04-10,10.332547187805176
2013-04-11,10.332547187805176
2013-04-12,10.175990104675293
2013-04-15,10.019438743591309
2013-04-16,10.175990104675293
2013-04-17,10.05074691772461
2013-04-18,10.019438743591309
2013-04-19,10.019438743591309
2013-04-22,10.019438743591309
2013-04-23,9.95681381225586
2013-04-24,9.95681381225586
2013-04-25,9.95681381225586
2013-04-26,10.019438743591309
2013-04-29,10.019438743591309
2013-04-30,10.019438743591309
2013-05-01,10.019438743591309
2013-05-02,10.019438743591309
2013-05-03,10.019438743591309
2013-05-06,10.019438743591309
2013-05-07,10.958758354187012
2013-05-08,11.066261291503906
2013-05-09,10.4339017868042
2013-05-10,10.4339017868042
2013-05-13,10.4339017868042
2013-05-14,10.4339017868042
2013-05-15,10.4339017868042
2013-05-16,10.155665397644043
2013-05-17,10.2758150100708
2013-05-20,10.2758150100708
2013-05-21,10.2758150100708
2013-05-22,10.490816116333008
2013-05-23,10.59199047088623
2013-05-24,10.180959701538086
2013-05-28,10.307429313659668
2013-05-29,10.11772346496582
2013-05-30,10.11772346496582
2013-05-31,10.11772346496582
2013-06-03,10.307429313659668
2013-06-04,10.307429313659668
2013-06-05,10.2758150100708
2013-06-06,10.12405014038086
2013-06-07,10.180959701538086
2013-06-10,10.180959701538086
2013-06-11,10.21257495880127
2013-06-12,10.12405014038086
2013-06-13,10.11772346496582
2013-06-14,10.11772346496582
2013-06-17,10.11772346496582
2013-06-18,10.11772346496582
2013-06-19,10.11772346496582
2013-06-20,10.060811042785645
2013-06-21,10.11772346496582
2013-06-24,10.11772346496582
2013-06-25,10.11772346496582
2013-06-26,10.11772346496582
2013-06-27,10.060811042785645
2013-06-28,10.11772346496582
2013-07-01,10.11772346496582
2013-07-02,10.11772346496582
2013-07-03,10.11772346496582
2013-07-05,10.370665550231934
2013-07-08,10.59199047088623
2013-07-09,10.655227661132812
2013-07-10,10.655227661132812
2013-07-11,10.060811042785645
2013-07-12,10.21257495880127
2013-07-15,10.2758150100708
2013-07-16,10.2758150100708
2013-07-17,10.421256065368652
2013-07-18,10.421256065368652
2013-07-19,10.2758150100708
2013-07-22,10.11772346496582
2013-07-23,10.11772346496582
2013-07-24,10.11772346496582
2013-07-25,10.11772346496582
2013-07-26,10.11772346496582
2013-07-29,10.067137718200684
2013-07-30,10.11772346496582
2013-07-31,10.11772346496582
2013-08-01,10.11772346496582
2013-08-02,10.11772346496582
2013-08-05,10.11772346496582
2013-08-06,10.11772346496582
2013-08-07,10.162461280822754
2013-08-08,10.226378440856934
2013-08-09,10.162461280822754
2013-08-12,10.162461280822754
2013-08-13,10.162461280822754
2013-08-14,10.226378440856934
2013-08-15,10.226378440856934
2013-08-16,10.226378440856934
2013-08-19,10.162461280822754
2013-08-20,10.162461280822754
2013-08-21,10.162461280822754
2013-08-22,10.162461280822754
2013-08-23,10.162461280822754
2013-08-26,10.226378440856934
2013-08-27,10.162461280822754
2013-08-28,10.162461280822754
2013-08-29,10.226378440856934
2013-08-30,10.162461280822754
2013-09-03,10.162461280822754
2013-09-04,10.290294647216797
2013-09-05,10.162461280822754
2013-09-06,10.290294647216797
2013-09-09,10.290294647216797
2013-09-10,10.290294647216797
2013-09-11,10.194421768188477
2013-09-12,10.226378440856934
2013-09-13,10.226378440856934
2013-09-16,10.226378440856934
2013-09-17,10.226378440856934
2013-09-18,10.226378440856934
2013-09-19,10.226378440856934
2013-09-20,10.226378440856934
2013-09-23,10.226378440856934
2013-09-24,10.226378440856934
2013-09-25,10.194421768188477
2013-09-26,10.194421768188477
2013-09-27,10.283905029296875
2013-09-30,10.194421768188477
2013-10-01,10.226378440856934
2013-10-02,10.194421768188477
2013-10-03,10.226378440856934
2013-10-04,10.226378440856934
2013-10-07,10.226378440856934
2013-10-08,10.226378440856934
2013-10-09,10.226378440856934
2013-10-10,10.226378440856934
2013-10-11,10.226378440856934
2013-10-14,10.226378440856934
2013-10-15,10.226378440856934
2013-10-16,10.226378440856934
2013-10-17,10.226378440856934
2013-10-18,10.354207992553711
2013-10-21,10.354207992553711
2013-10-22,10.290294647216797
2013-10-23,10.226378440856934
2013-10-24,10.226378440856934
2013-10-25,10.245555877685547
2013-10-28,10.354207992553711
2013-10-29,10.232771873474121
2013-10-30,10.366992950439453
2013-10-31,10.322248458862305
2013-11-01,10.322248458862305
2013-11-04,10.3861665725708
2013-11-05,10.424515724182129
2013-11-06,10.657032012939453
2013-11-07,10.657032012939453
2013-11-08,10.657032012939453
2013-11-11,10.430971145629883
2013-11-12,10.430971145629883
2013-11-13,10.657032012939453
2013-11-14,10.71515941619873
2013-11-15,10.71515941619873
2013-11-18,11.361039161682129
2013-11-19,10.657032012939453
2013-11-20,10.97996997833252
2013-11-21,10.97996997833252
2013-11-22,11.173733711242676
2013-11-25,11.199570655822754
2013-11-26,11.173733711242676
2013-11-27,10.97996997833252
2013-11-29,11.173733711242676
2013-12-02,10.753914833068848
2013-12-03,10.97996997833252
2013-12-04,11.264159202575684
2013-12-05,10.786208152770996
2013-12-06,10.97996997833252
2013-12-09,10.97996997833252
2013-12-10,11.302912712097168
2013-12-11,11.302912712097168
2013-12-12,10.915383338928223
2013-12-13,10.915383338928223
2013-12-16,10.97996997833252
2013-12-17,10.915383338928223
2013-12-18,10.915383338928223
2013-12-19,10.915383338928223
2013-12-20,10.915383338928223
2013-12-23,10.915383338928223
2013-12-24,10.915383338928223
2013-12-26,11.270621299743652
2013-12-27,10.97996997833252
2013-12-30,10.97996997833252
2013-12-31,11.044560432434082
2014-01-02,10.97996997833252
2014-01-03,10.97996997833252
2014-01-06,11.302912712097168
2014-01-07,10.97996997833252
2014-01-08,10.97996997833252
2014-01-09,11.173733711242676
2014-01-10,11.173733711242676
2014-01-13,11.173733711242676
2014-01-14,11.057478904724121
2014-01-15,11.238325119018555
2014-01-16,11.238325119018555
2014-01-17,11.141441345214844
2014-01-21,11.264159202575684
2014-01-22,11.109151840209961
2014-01-23,11.115607261657715
2014-01-24,11.109151840209961
2014-01-27,11.206029891967773
2014-01-28,11.044560432434082
2014-01-29,11.238325119018555
2014-01-30,11.238325119018555
2014-01-31,11.238325119018555
2014-02-03,11.044560432434082
2014-02-04,11.044560432434082
2014-02-05,11.220701217651367
2014-02-06,11.41640853881836
2014-02-07,11.220701217651367
2014-02-10,11.220701217651367
2014-02-11,11.220701217651367
2014-02-12,11.220701217651367
2014-02-13,11.220701217651367
2014-02-14,11.285932540893555
2014-02-18,11.285932540893555
2014-02-19,11.285932540893555
2014-02-20,11.40988540649414
2014-02-21,11.41640853881836
2014-02-24,11.41640853881836
2014-02-25,11.253315925598145
2014-02-26,11.35117244720459
2014-02-27,11.546883583068848
2014-02-28,11.31855297088623
2014-03-03,11.383793830871582
2014-03-04,11.35117244720459
2014-03-05,11.41640853881836
2014-03-06,11.422931671142578
2014-03-07,11.481645584106445
2014-03-10,11.514263153076172
2014-03-11,11.586027145385742
2014-03-12,11.586027145385742
2014-03-13,11.586027145385742
2014-03-14,11.514263153076172
2014-03-17,11.6121187210083
2014-03-18,11.6121187210083
2014-03-19,11.6121187210083
2014-03-20,11.64473819732666
2014-03-21,11.742591857910156
2014-03-24,11.677358627319336
2014-03-25,11.677358627319336
2014-03-26,11.873065948486328
2014-03-27,11.749113082885742
2014-03-28,11.749113082885742
2014-03-31,11.99049186706543
2014-04-01,11.99049186706543
2014-04-02,11.99049186706543
2014-04-03,11.99049186706543
2014-04-04,11.75564193725586
2014-04-07,11.75564193725586
2014-04-08,11.99049186706543
2014-04-09,11.905684471130371
2014-04-10,11.873065948486328
2014-04-11,12.0035400390625
2014-04-14,12.0035400390625
2014-04-15,12.0035400390625
2014-04-16,11.742591857910156
2014-04-17,12.068778038024902
2014-04-21,12.068778038024902
2014-04-22,12.225342750549316
2014-04-23,12.075299263000488
2014-04-24,12.231867790222168
2014-04-25,12.068778038024902
2014-04-28,11.905684471130371
2014-04-29,12.068778038024902
2014-04-30,12.231867790222168
2014-05-01,12.264482498168945
2014-05-02,12.264482498168945
2014-05-05,12.264482498168945
2014-05-06,12.068778038024902
2014-05-07,12.180707931518555
2014-05-08,12.687686920166016
2014-05-09,12.34531021118164
2014-05-12,12.022686004638672
2014-05-13,12.022686004638672
2014-05-14,12.509915351867676
2014-05-15,12.509915351867676
2014-05-16,12.34531021118164
2014-05-19,12.378226280212402
2014-05-20,12.378226280212402
2014-05-21,12.378226280212402
2014-05-22,12.509915351867676
2014-05-23,12.509915351867676
2014-05-27,12.509915351867676
2014-05-28,12.509915351867676
2014-05-29,12.687686920166016
2014-05-30,12.687686920166016
2014-06-02,12.885211944580078
2014-06-03,12.885211944580078
2014-06-04,13.003727912902832
2014-06-05,12.34531021118164
2014-06-06,12.904962539672852
2014-06-09,12.904962539672852
2014-06-10,12.74035930633545
2014-06-11,12.83912467956543
2014-06-12,12.83912467956543
2014-06-13,12.970806121826172
2014-06-16,12.970806121826172
2014-06-17,13.003727912902832
2014-06-18,13.168333053588867
2014-06-19,13.168333053588867
2014-06-20,13.168333053588867
2014-06-23,13.168333053588867
2014-06-24,13.069570541381836
2014-06-25,13.069570541381836
2014-06-26,13.069570541381836
2014-06-27,13.016892433166504
2014-06-30,13.102485656738281
2014-07-01,13.102485656738281
2014-07-02,13.069570541381836
2014-07-03,13.069570541381836
2014-07-07,13.135407447814941
2014-07-08,13.135407447814941
2014-07-09,13.135407447814941
2014-07-10,13.168333053588867
2014-07-11,13.141992568969727
2014-07-14,13.141992568969727
2014-07-15,13.201251029968262
2014-07-16,13.201251029968262
2014-07-17,13.201251029968262
2014-07-18,13.168333053588867
2014-07-21,13.234173774719238
2014-07-22,13.234173774719238
2014-07-23,13.234173774719238
2014-07-24,12.68110179901123
2014-07-25,12.74035930633545
2014-07-28,13.003727912902832
2014-07-29,13.109075546264648
2014-07-30,13.016892433166504
2014-07-31,13.036646842956543
2014-08-01,13.102485656738281
2014-08-04,13.102485656738281
2014-08-05,13.036646842956543
2014-08-06,13.14954662322998
2014-08-07,13.14954662322998
2014-08-08,13.215959548950195
2014-08-11,13.215959548950195
2014-08-12,13.049927711486816
2014-08-13,13.215959548950195
2014-08-14,13.11634349822998
2014-08-15,13.215959548950195
2014-08-18,13.14954662322998
2014-08-19,13.18274974822998
2014-08-20,13.18274974822998
2014-08-21,13.18274974822998
2014-08-22,13.18274974822998
2014-08-25,13.18274974822998
2014-08-26,13.18274974822998
2014-08-27,13.18274974822998
2014-08-28,13.18274974822998
2014-08-29,13.18274974822998
2014-09-02,13.18274974822998
2014-09-03,13.215959548950195
2014-09-04,13.381988525390625
2014-09-05,13.415191650390625
2014-09-08,13.415191650390625
2014-09-09,13.415191650390625
2014-09-10,13.415191650390625
2014-09-11,13.415191650390625
2014-09-12,13.428483009338379
2014-09-15,13.428483009338379
2014-09-16,13.481606483459473
2014-09-17,13.481606483459473
2014-09-18,13.614428520202637
2014-09-19,13.614428520202637
2014-09-22,13.614428520202637
2014-09-23,13.780458450317383
2014-09-24,13.780458450317383
2014-09-25,14.444571495056152
2014-09-26,13.946494102478027
2014-09-29,13.946494102478027
2014-09-30,13.946494102478027
2014-10-01,13.946494102478027
2014-10-02,13.614428520202637
2014-10-03,13.614428520202637
2014-10-06,13.614428520202637
2014-10-07,13.614428520202637
2014-10-08,13.614428520202637
2014-10-09,13.614428520202637
2014-10-10,13.614428520202637
2014-10-13,13.780458450317383
2014-10-14,13.780458450317383
2014-10-15,13.614428520202637
2014-10-16,13.753894805908203
2014-10-17,13.946494102478027
2014-10-20,13.946494102478027
2014-10-21,13.946494102478027
2014-10-22,14.112518310546875
2014-10-23,14.112518310546875
2014-10-24,13.714049339294434
2014-10-27,14.112518310546875
2014-10-28,14.212141036987305
2014-10-29,14.212141036987305
2014-10-30,13.946494102478027
2014-10-31,13.74725341796875
2014-11-03,14.112518310546875
2014-11-04,14.112518310546875
2014-11-05,14.22632884979248
2014-11-06,14.22632884979248
2014-11-07,13.85811996459961
2014-11-10,14.259806632995605
2014-11-11,14.259806632995605
2014-11-12,14.728433609008789
2014-11-13,15.083253860473633
2014-11-14,15.237236022949219
2014-11-17,15.23054027557373
2014-11-18,15.23054027557373
2014-11-19,15.464860916137695
2014-11-20,15.531804084777832
2014-11-21,15.56528091430664
2014-11-24,15.598752975463867
2014-11-25,15.598752975463867
2014-11-26,15.264017105102539
2014-11-28,15.264017105102539
2014-12-01,15.130120277404785
2014-12-02,15.130120277404785
2014-12-03,14.996224403381348
2014-12-04,15.39791202545166
2014-12-05,15.531804084777832
2014-12-08,14.848939895629883
2014-12-09,15.063175201416016
2014-12-10,15.063175201416016
2014-12-11,15.063175201416016
2014-12-12,15.063175201416016
2014-12-15,14.728433609008789
2014-12-16,14.59454345703125
2014-12-17,15.063175201416016
2014-12-18,15.063175201416016
2014-12-19,15.063175201416016
2014-12-22,15.063175201416016
2014-12-23,14.59454345703125
2014-12-24,15.063175201416016
2014-12-26,14.460650444030762
2014-12-29,15.063175201416016
2014-12-30,14.728433609008789
2014-12-31,14.728433609008789
2015-01-02,14.694960594177246
2015-01-05,14.561059951782227
2015-01-06,14.159381866455078
2015-01-07,14.159381866455078
2015-01-08,14.058967590332031
2015-01-09,14.058967590332031
2015-01-12,14.058967590332031
2015-01-13,14.058967590332031
2015-01-14,14.058967590332031
2015-01-15,14.22632884979248
2015-01-16,14.22632884979248
2015-01-20,14.206246376037598
2015-01-21,14.206246376037598
2015-01-22,14.393696784973145
2015-01-23,14.393696784973145
2015-01-26,14.400397300720215
2015-01-27,14.400397300720215
2015-01-28,14.400397300720215
2015-01-29,14.460650444030762
2015-01-30,14.681570053100586
2015-02-02,14.728433609008789
2015-02-03,14.494121551513672
2015-02-04,14.575094223022461
2015-02-05,14.575094223022461
2015-02-06,14.575094223022461
2015-02-09,14.440140724182129
2015-02-10,14.575094223022461
2015-02-11,14.710050582885742
2015-02-12,14.84500503540039
2015-02-13,14.912484169006348
2015-02-17,14.84500503540039
2015-02-18,14.84500503540039
2015-02-19,14.912484169006348
2015-02-20,14.84500503540039
2015-02-23,14.84500503540039
2015-02-24,14.84500503540039
2015-02-25,14.84500503540039
2015-02-26,14.676309585571289
2015-02-27,14.676309585571289
2015-03-02,14.676309585571289
2015-03-03,14.912484169006348
2015-03-04,14.676309585571289
2015-03-05,15.013699531555176
2015-03-06,15.013699531555176
2015-03-09,15.351078987121582
2015-03-10,15.654733657836914
2015-03-11,15.519765853881836
2015-03-12,15.519765853881836
2015-03-13,15.519765853881836
2015-03-16,15.82342529296875
2015-03-17,15.722208976745605
2015-03-18,15.722208976745605
2015-03-19,16.194555282592773
2015-03-20,15.755940437316895
2015-03-23,15.728954315185547
2015-03-24,15.728954315185547
2015-03-25,15.728954315185547
2015-03-26,15.728954315185547
2015-03-27,16.228286743164062
2015-03-30,16.228286743164062
2015-03-31,15.78968334197998
2015-04-01,15.78968334197998
2015-04-02,15.857159614562988
2015-04-06,15.857159614562988
2015-04-07,15.688465118408203
2015-04-08,15.857159614562988
2015-04-09,15.857159614562988
2015-04-10,15.857159614562988
2015-04-13,16.02585220336914
2015-04-14,16.059595108032227
2015-04-15,16.32950210571289
2015-04-16,16.396984100341797
2015-04-17,16.36324119567871
2015-04-20,17.193214416503906
2015-04-21,17.33491325378418
2015-04-22,17.139232635498047
2015-04-23,17.139232635498047
2015-04-24,17.152725219726562
2015-04-27,17.152725219726562
2015-04-28,17.375396728515625
2015-04-29,17.375396728515625
2015-04-30,17.40914535522461
2015-05-01,17.20670509338379
2015-05-04,17.20670509338379
2015-05-05,17.03801727294922
2015-05-06,17.17399024963379
2015-05-07,17.303171157836914
2015-05-08,17.17399024963379
2015-05-11,17.201187133789062
2015-05-12,17.201187133789062
2015-05-13,17.269176483154297
2015-05-14,17.201187133789062
2015-05-15,17.167194366455078
2015-05-18,17.065208435058594
2015-05-19,16.963228225708008
2015-05-20,16.929231643676758
2015-05-21,16.861242294311523
2015-05-22,16.99722671508789
2015-05-26,16.99722671508789
2015-05-27,17.065208435058594
2015-05-28,17.167194366455078
2015-05-29,17.33036994934082
2015-06-01,17.262372970581055
2015-06-02,16.82724952697754
2015-06-03,16.99722671508789
2015-06-04,16.820449829101562
2015-06-05,16.82724952697754
2015-06-08,16.861242294311523
2015-06-09,16.861242294311523
2015-06-10,16.929231643676758
2015-06-11,16.82724952697754
2015-06-12,16.99722671508789
2015-06-15,16.99722671508789
2015-06-16,17.201187133789062
2015-06-17,17.23518180847168
2015-06-18,17.167194366455078
2015-06-19,17.167194366455078
2015-06-22,16.929231643676758
2015-06-23,16.929231643676758
2015-06-24,16.929231643676758
2015-06-25,16.99722671508789
2015-06-26,16.82724952697754
2015-06-29,16.58928871154785
2015-06-30,16.69126319885254
2015-07-01,16.72526741027832
2015-07-02,16.657278060913086
2015-07-06,16.657278060913086
2015-07-07,16.147356033325195
2015-07-08,16.24934196472168
2015-07-09,16.657278060913086
2015-07-10,16.657278060913086
2015-07-13,16.657278060913086
2015-07-14,16.317340850830078
2015-07-15,16.147356033325195
2015-07-16,16.147356033325195
2015-07-17,16.181354522705078
2015-07-20,16.317340850830078
2015-07-21,16.215347290039062
2015-07-22,16.215347290039062
2015-07-23,16.58928871154785
2015-07-24,16.215347290039062
2015-07-27,16.215347290039062
2015-07-28,16.181354522705078
2015-07-29,16.317340850830078
2015-07-30,15.977385520935059
2015-07-31,16.5552921295166
2015-08-03,16.317340850830078
2015-08-04,16.317340850830078
2015-08-05,16.447546005249023
2015-08-06,16.447546005249023
2015-08-07,16.41327667236328
2015-08-10,16.41327667236328
2015-08-11,16.41327667236328
2015-08-12,16.27621078491211
2015-08-13,16.447546005249023
2015-08-14,16.61886978149414
2015-08-17,16.61886978149414
2015-08-18,16.27621078491211
2015-08-19,16.27621078491211
2015-08-20,16.27621078491211
2015-08-21,16.317337036132812
2015-08-24,16.317337036132812
2015-08-25,16.317337036132812
2015-08-26,16.317337036132812
2015-08-27,16.310476303100586
2015-08-28,16.310476303100586
2015-08-31,16.344743728637695
2015-09-01,15.906145095825195
2015-09-02,15.933554649353027
2015-09-03,16.13915252685547
2015-09-04,16.13915252685547
2015-09-08,16.13915252685547
2015-09-09,16.13915252685547
2015-09-10,16.13915252685547
2015-09-11,16.104887008666992
2015-09-14,16.002086639404297
2015-09-15,15.762225151062012
2015-09-16,15.830759048461914
2015-09-17,16.344743728637695
2015-09-18,15.542923927307129
2015-09-21,15.693697929382324
2015-09-22,15.693697929382324
2015-09-23,15.693697929382324
2015-09-24,15.693697929382324
2015-09-25,15.693697929382324
2015-09-28,15.693697929382324
2015-09-29,15.693697929382324
2015-09-30,15.693697929382324
2015-10-01,15.693697929382324
2015-10-02,15.693697929382324
2015-10-05,15.762225151062012
2015-10-06,15.762225151062012
2015-10-07,15.926706314086914
2015-10-08,15.762225151062012
2015-10-09,16.344743728637695
2015-10-12,16.207685470581055
2015-10-13,16.104887008666992
2015-10-14,16.104887008666992
2015-10-15,16.104887008666992
2015-10-16,15.830759048461914
2015-10-19,15.70055103302002
2015-10-20,15.830759048461914
2015-10-21,15.796494483947754
2015-10-22,15.933554649353027
2015-10-23,15.933554649353027
2015-10-26,15.933554649353027
2015-10-27,16.344743728637695
2015-10-28,16.104887008666992
2015-10-29,16.104887008666992
2015-10-30,15.830759048461914
2015-11-02,15.830759048461914
2015-11-03,15.933554649353027
2015-11-04,16.064838409423828
2015-11-05,16.064838409423828
2015-11-06,16.016469955444336
2015-11-09,15.96119499206543
2015-11-10,15.926643371582031
2015-11-11,15.96119499206543
2015-11-12,16.030298233032227
2015-11-13,15.995742797851562
2015-11-16,16.030298233032227
2015-11-17,15.857553482055664
2015-11-18,16.168479919433594
2015-11-19,16.168479919433594
2015-11-20,16.306676864624023
2015-11-23,15.995742797851562
2015-11-24,16.189212799072266
2015-11-25,16.513961791992188
2015-11-27,16.58306312561035
2015-11-30,16.74197769165039
2015-12-01,16.576148986816406
2015-12-02,16.410322189331055
2015-12-03,16.133935928344727
2015-12-04,16.513961791992188
2015-12-07,16.513961791992188
2015-12-08,16.513961791992188
2015-12-09,16.748884201049805
2015-12-10,16.748884201049805
2015-12-11,16.893999099731445
2015-12-14,16.237579345703125
2015-12-15,16.928539276123047
2015-12-16,16.58306312561035
2015-12-17,16.58306312561035
2015-12-18,16.513961791992188
2015-12-21,16.168479919433594
2015-12-22,16.168479919433594
2015-12-23,16.444862365722656
2015-12-24,16.444862365722656
2015-12-28,16.133935928344727
2015-12-29,16.237579345703125
2015-12-30,16.237579345703125
2015-12-31,16.237579345703125
2016-01-04,16.133935928344727
2016-01-05,16.168479919433594
2016-01-06,16.099382400512695
2016-01-07,15.96119499206543
2016-01-08,16.016469955444336
2016-01-11,15.995742797851562
2016-01-12,15.885194778442383
2016-01-13,15.753905296325684
2016-01-14,15.664083480834961
2016-01-15,15.201133728027344
2016-01-19,15.201133728027344
2016-01-20,14.510173797607422
2016-01-21,14.54472541809082
2016-01-22,14.855655670166016
2016-01-25,14.752016067504883
2016-01-26,15.090582847595215
2016-01-27,15.33932876586914
2016-01-28,15.097495079040527
2016-01-29,15.062948226928711
2016-02-01,14.890201568603516
2016-02-02,14.855655670166016
2016-02-03,14.918403625488281
2016-02-04,14.98810863494873
2016-02-05,14.98810863494873
2016-02-08,14.813830375671387
2016-02-09,14.813830375671387
2016-02-10,14.500121116638184
2016-02-11,14.186415672302246
2016-02-12,14.290990829467773
2016-02-16,14.744118690490723
2016-02-17,14.772007942199707
2016-02-18,14.709261894226074
2016-02-19,14.709261894226074
2016-02-22,14.709261894226074
2016-02-23,14.709261894226074
2016-02-24,14.813830375671387
2016-02-25,14.98810863494873
2016-02-26,14.98810863494873
2016-02-29,15.12752914428711
2016-03-01,15.12752914428711
2016-03-02,15.266958236694336
2016-03-03,15.266958236694336
2016-03-04,15.33666706085205
2016-03-07,14.827773094177246
2016-03-08,15.406380653381348
2016-03-09,15.406380653381348
2016-03-10,15.406380653381348
2016-03-11,15.141478538513184
2016-03-14,15.141478538513184
2016-03-15,15.141478538513184
2016-03-16,15.162391662597656
2016-03-17,15.510954856872559
2016-03-18,15.510954856872559
2016-03-21,15.406380653381348
2016-03-22,15.33666706085205
2016-03-23,15.406380653381348
2016-03-24,15.420324325561523
2016-03-28,15.33666706085205
2016-03-29,15.462152481079102
2016-03-30,15.246041297912598
2016-03-31,15.33666706085205
2016-04-01,15.33666706085205
2016-04-04,15.211193084716797
2016-04-05,15.211193084716797
2016-04-06,15.07176685333252
2016-04-07,15.197249412536621
2016-04-08,15.266958236694336
2016-04-11,15.266958236694336
2016-04-12,15.12752914428711
2016-04-13,15.12752914428711
2016-04-14,15.232104301452637
2016-04-15,15.266958236694336
2016-04-18,15.510954856872559
2016-04-19,15.54580307006836
2016-04-20,15.615518569946289
2016-04-21,15.650375366210938
2016-04-22,15.782829284667969
2016-04-25,15.859516143798828
2016-04-26,15.929226875305176
2016-04-27,16.17322540283203
2016-04-28,16.2429256439209
2016-04-29,16.291730880737305
2016-05-02,16.66120147705078
2016-05-03,16.382352828979492
2016-05-04,16.530073165893555
2016-05-05,16.5371036529541
2016-05-06,16.530073165893555
2016-05-09,16.530073165893555
2016-05-10,16.389385223388672
2016-05-11,16.389385223388672
2016-05-12,16.389385223388672
2016-05-13,16.389385223388672
2016-05-16,16.389385223388672
2016-05-17,16.354215621948242
2016-05-18,16.354215621948242
2016-05-19,16.319046020507812
2016-05-20,16.319046020507812
2016-05-23,16.319046020507812
2016-05-24,16.530073165893555
2016-05-25,16.530073165893555
2016-05-26,16.705923080444336
2016-05-27,16.741090774536133
2016-05-31,16.705923080444336
2016-06-01,16.691850662231445
2016-06-02,16.691850662231445
2016-06-03,16.670747756958008
2016-06-06,16.60041046142578
2016-06-07,16.846601486206055
2016-06-08,16.846601486206055
2016-06-09,16.846601486206055
2016-06-10,16.846601486206055
2016-06-13,16.741090774536133
2016-06-14,16.741090774536133
2016-06-15,16.741090774536133
2016-06-16,16.741090774536133
2016-06-17,16.649648666381836
2016-06-20,16.60041046142578
2016-06-21,16.56524085998535
2016-06-22,16.670747756958008
2016-06-23,16.670747756958008
2016-06-24,16.670747756958008
2016-06-27,16.670747756958008
2016-06-28,16.698884963989258
2016-06-29,16.691850662231445
2016-06-30,16.691850662231445
2016-07-01,16.705923080444336
2016-07-05,16.424560546875
2016-07-06,16.56524085998535
2016-07-07,16.65668296813965
2016-07-08,16.544137954711914
2016-07-11,16.56524085998535
2016-07-12,16.776260375976562
2016-07-13,16.63558578491211
2016-07-14,16.56524085998535
2016-07-15,16.56524085998535
2016-07-18,16.63558578491211
2016-07-19,16.63558578491211
2016-07-20,16.63558578491211
2016-07-21,16.63558578491211
2016-07-22,16.63558578491211
2016-07-25,16.705923080444336
2016-07-26,16.881771087646484
2016-07-27,16.776260375976562
2016-07-28,16.881771087646484
2016-07-29,16.776260375976562
2016-08-01,16.776260375976562
2016-08-02,16.938045501708984
2016-08-03,17.08705711364746
2016-08-04,17.02320098876953
2016-08-05,17.030290603637695
2016-08-08,16.895469665527344
2016-08-09,17.030290603637695
2016-08-10,17.030290603637695
2016-08-11,17.030290603637695
2016-08-12,16.994810104370117
2016-08-15,16.994810104370117
2016-08-16,17.065771102905273
2016-08-17,17.08705711364746
2016-08-18,17.030290603637695
2016-08-19,17.136730194091797
2016-08-22,17.136730194091797
2016-08-23,17.136730194091797
2016-08-24,17.150920867919922
2016-08-25,17.24317169189453
2016-08-26,17.27865219116211
2016-08-29,17.385089874267578
2016-08-30,17.385089874267578
2016-08-31,17.385089874267578
2016-09-01,17.4063720703125
2016-09-02,17.420570373535156
2016-09-06,17.385089874267578
2016-09-07,17.27865219116211
2016-09-08,17.24317169189453
2016-09-09,17.24317169189453
2016-09-12,17.24317169189453
2016-09-13,17.363801956176758
2016-09-14,17.363801956176758
2016-09-15,17.4063720703125
2016-09-16,17.30704116821289
2016-09-19,17.30704116821289
2016-09-20,17.314128875732422
2016-09-21,17.385089874267578
2016-09-22,17.385089874267578
2016-09-23,17.385089874267578
2016-09-26,17.30704116821289
2016-09-27,17.250267028808594
2016-09-28,17.39928436279297
2016-09-29,17.250267028808594
2016-09-30,17.250267028808594
2016-10-03,17.250267028808594
2016-10-04,17.27865219116211
2016-10-05,17.27865219116211
2016-10-06,17.27865219116211
2016-10-07,17.27865219116211
2016-10-10,17.27865219116211
2016-10-11,17.321226119995117
2016-10-12,17.321226119995117
2016-10-13,17.27865219116211
2016-10-14,17.27865219116211
2016-10-17,17.420570373535156
2016-10-18,17.39219093322754
2016-10-19,17.527009963989258
2016-10-20,17.519914627075195
2016-10-21,17.519914627075195
2016-10-24,17.562484741210938
2016-10-25,17.562484741210938
2016-10-26,17.456052780151367
2016-10-27,17.562484741210938
2016-10-28,17.562484741210938
2016-10-31,17.54119873046875
2016-11-01,17.562484741210938
2016-11-02,17.748563766479492
2016-11-03,17.712772369384766
2016-11-04,17.712772369384766
2016-11-07,17.64121437072754
2016-11-08,17.85591697692871
2016-11-09,17.53386116027832
2016-11-10,17.605430603027344
2016-11-11,17.85591697692871
2016-11-14,18.185115814208984
2016-11-15,18.17796516418457
2016-11-16,18.35687828063965
2016-11-17,18.106403350830078
2016-11-18,18.17796516418457
2016-11-21,18.53580093383789
2016-11-22,18.57158088684082
2016-11-23,18.89362907409668
2016-11-25,19.323028564453125
2016-11-28,19.323028564453125
2016-11-29,19.323028564453125
2016-11-30,19.323028564453125
2016-12-01,19.394601821899414
2016-12-02,19.394601821899414
2016-12-05,19.394601821899414
2016-12-06,19.46616554260254
2016-12-07,19.573522567749023
2016-12-08,19.64508628845215
2016-12-09,19.82400131225586
2016-12-12,19.82400131225586
2016-12-13,19.82400131225586
2016-12-14,19.82400131225586
2016-12-15,19.895565032958984
2016-12-16,19.995763778686523
2016-12-19,20.038700103759766
2016-12-20,20.468093872070312
2016-12-21,20.074485778808594
2016-12-22,20.074485778808594
2016-12-23,20.074485778808594
2016-12-27,20.682798385620117
2016-12-28,20.50388526916504
2016-12-29,20.50388526916504
2016-12-30,20.468093872070312
2017-01-03,20.611234664916992
2017-01-04,20.754369735717773
2017-01-05,20.754369735717773
2017-01-06,20.611234664916992
2017-01-09,21.00484848022461
2017-01-10,20.604084014892578
2017-01-11,20.754369735717773
2017-01-12,20.754369735717773
2017-01-13,20.754369735717773
2017-01-17,20.754369735717773
2017-01-18,20.82593536376953
2017-01-19,21.040637969970703
2017-01-20,21.040637969970703
2017-01-23,21.040637969970703
2017-01-24,21.040637969970703
2017-01-25,21.040637969970703
2017-01-26,21.040637969970703
2017-01-27,21.112199783325195
2017-01-30,21.040637969970703
2017-01-31,21.040637969970703
2017-02-01,21.19200325012207
2017-02-02,21.19200325012207
2017-02-03,21.228050231933594
2017-02-06,21.40825653076172
2017-02-07,21.40825653076172
2017-02-08,21.516376495361328
2017-02-09,21.300127029418945
2017-02-10,21.26408576965332
2017-02-13,21.559621810913086
2017-02-14,21.624494552612305
2017-02-15,21.624494552612305
2017-02-16,21.624494552612305
2017-02-17,21.732622146606445
2017-02-21,21.768657684326172
2017-02-22,21.696577072143555
2017-02-23,21.624494552612305
2017-02-24,21.660539627075195
2017-02-27,21.660539627075195
2017-02-28,21.660539627075195
2017-03-01,21.876785278320312
2017-03-02,21.91282081604004
2017-03-03,21.91282081604004
2017-03-06,21.876785278320312
2017-03-07,21.768657684326172
2017-03-08,21.840742111206055
2017-03-09,21.977697372436523
2017-03-10,21.91282081604004
2017-03-13,21.984901428222656
2017-03-14,21.81191062927246
2017-03-15,21.84794807434082
2017-03-16,21.84794807434082
2017-03-17,21.84794807434082
2017-03-20,21.84794807434082
2017-03-21,21.876785278320312
2017-03-22,21.984901428222656
2017-03-23,22.309268951416016
2017-03-24,21.984901428222656
2017-03-27,22.056983947753906
2017-03-28,21.984901428222656
2017-03-29,21.984901428222656
2017-03-30,21.876785278320312
2017-03-31,21.94886016845703
2017-04-03,21.94886016845703
2017-04-04,21.977697372436523
2017-04-05,21.876785278320312
2017-04-06,21.876785278320312
2017-04-07,21.876785278320312
2017-04-10,21.984901428222656
2017-04-11,21.876785278320312
2017-04-12,21.876785278320312
2017-04-13,21.876785278320312
2017-04-17,21.876785278320312
2017-04-18,21.984901428222656
2017-04-19,21.984901428222656
2017-04-20,21.984901428222656
2017-04-21,21.876785278320312
2017-04-24,21.76145362854004
2017-04-25,22.309268951416016
2017-04-26,23.066129684448242
2017-04-27,22.172321319580078
2017-04-28,22.172321319580078
2017-05-01,22.056983947753906
2017-05-02,22.345312118530273
2017-05-03,22.497718811035156
2017-05-04,22.207420349121094
2017-05-05,22.207420349121094
2017-05-08,22.207420349121094
2017-05-09,22.497718811035156
2017-05-10,22.221940994262695
2017-05-11,22.221940994262695
2017-05-12,22.221940994262695
2017-05-15,22.35257339477539
2017-05-16,22.359830856323242
2017-05-17,22.497718811035156
2017-05-18,22.497718811035156
2017-05-19,22.497718811035156
2017-05-22,22.497718811035156
2017-05-23,22.497718811035156
2017-05-24,23.042011260986328
2017-05-25,23.223447799682617
2017-05-26,22.497718811035156
2017-05-30,22.38885498046875
2017-05-31,22.38885498046875
2017-06-01,22.86058807373047
2017-06-02,22.38885498046875
2017-06-05,23.586318969726562
2017-06-06,22.86058807373047
2017-06-07,22.86058807373047
2017-06-08,22.606578826904297
2017-06-09,22.67915153503418
2017-06-12,22.67915153503418
2017-06-13,22.642864227294922
2017-06-14,22.606578826904297
2017-06-15,23.223447799682617
2017-06-16,22.613832473754883
2017-06-19,23.07830238342285
2017-06-20,23.223447799682617
2017-06-21,22.693660736083984
2017-06-22,22.67915153503418
2017-06-23,22.67915153503418
2017-06-26,22.67915153503418
2017-06-27,23.223447799682617
2017-06-28,22.67915153503418
2017-06-29,23.223447799682617
2017-06-30,23.223447799682617
2017-07-03,23.223447799682617
2017-07-05,22.67915153503418
2017-07-06,22.67915153503418
2017-07-07,22.67915153503418
2017-07-10,22.86058807373047
2017-07-11,22.86058807373047
2017-07-12,23.223447799682617
2017-07-13,23.223447799682617
2017-07-14,23.223447799682617
2017-07-17,23.658885955810547
2017-07-18,23.658885955810547
2017-07-19,23.34682273864746
2017-07-20,23.949186325073242
2017-07-21,23.62260627746582
2017-07-24,23.658885955810547
2017-07-25,23.883869171142578
2017-07-26,23.956438064575195
2017-07-27,24.31205177307129
2017-07-28,24.31205177307129
2017-07-31,24.31205177307129
2017-08-01,24.31205177307129
2017-08-02,24.312047958374023
2017-08-03,24.165857315063477
2017-08-04,24.63367462158203
2017-08-07,24.48748207092285
2017-08-08,24.165857315063477
2017-08-09,24.165857315063477
2017-08-10,24.165857315063477
2017-08-11,23.946561813354492
2017-08-14,23.90270233154297
2017-08-15,23.90270233154297
2017-08-16,24.304738998413086
2017-08-17,24.195091247558594
2017-08-18,24.414382934570312
2017-08-21,24.121992111206055
2017-08-22,24.195091247558594
2017-08-23,24.121992111206055
2017-08-24,24.45094108581543
2017-08-25,24.524032592773438
2017-08-28,24.48748207092285
2017-08-29,24.560579299926758
2017-08-30,24.48748207092285
2017-08-31,24.597129821777344
2017-09-01,24.63367462158203
2017-09-05,24.670223236083984
2017-09-06,24.494783401489258
2017-09-07,24.494783401489258
2017-09-08,24.852968215942383
2017-09-11,24.852968215942383
2017-09-12,24.706762313842773
2017-09-13,24.999160766601562
2017-09-14,24.706762313842773
2017-09-15,24.706762313842773
2017-09-18,24.743318557739258
2017-09-19,25.58393669128418
2017-09-20,25.474288940429688
2017-09-21,24.88951301574707
2017-09-22,25.145353317260742
2017-09-25,25.116121292114258
2017-09-26,25.116121292114258
2017-09-27,25.116121292114258
2017-09-28,25.766674041748047
2017-09-29,25.620479583740234
2017-10-02,25.58393669128418
2017-10-03,25.58393669128418
2017-10-04,25.766674041748047
2017-10-05,25.876327514648438
2017-10-06,25.876327514648438
2017-10-09,25.876327514648438
2017-10-10,25.912878036499023
2017-10-11,25.912878036499023
2017-10-12,25.620479583740234
2017-10-13,26.13216209411621
2017-10-16,26.13216209411621
2017-10-17,26.497650146484375
2017-10-18,26.497650146484375
2017-10-19,26.497650146484375
2017-10-20,27.00201416015625
2017-10-23,26.680387496948242
2017-10-24,26.680387496948242
2017-10-25,26.680387496948242
2017-10-26,26.680387496948242
2017-10-27,26.680387496948242
2017-10-30,27.045881271362305
2017-10-31,27.776836395263672
2017-11-01,27.48445701599121
2017-11-02,27.808149337768555
2017-11-03,27.59480094909668
2017-11-06,27.58009910583496
2017-11-07,27.58745002746582
2017-11-08,27.366750717163086
2017-11-09,27.329975128173828
2017-11-10,27.329975128173828
2017-11-13,27.366750717163086
2017-11-14,27.58009910583496
2017-11-15,27.955278396606445
2017-11-16,27.513883590698242
2017-11-17,27.5506649017334
2017-11-20,27.5506649017334
2017-11-21,27.91849708557129
2017-11-22,27.7713680267334
2017-11-24,27.58745002746582
2017-11-27,27.58745002746582
2017-11-28,27.58745002746582
2017-11-29,27.58745002746582
2017-11-30,27.58745002746582
2017-12-01,27.44031524658203
2017-12-04,27.44031524658203
2017-12-05,27.44031524658203
2017-12-06,27.44031524658203
2017-12-07,27.44031524658203
2017-12-08,27.44031524658203
2017-12-11,27.44031524658203
2017-12-12,27.477100372314453
2017-12-13,27.477100372314453
2017-12-14,27.719873428344727
2017-12-15,27.719873428344727
2017-12-18,27.44031524658203
2017-12-19,27.5506649017334
2017-12-20,27.5506649017334
2017-12-21,27.5506649017334
2017-12-22,27.329975128173828
2017-12-26,27.329975128173828
2017-12-27,27.955278396606445
2017-12-28,27.484460830688477
2017-12-29,27.484460830688477
2018-01-02,27.940574645996094
2018-01-03,27.14605140686035
2018-01-04,27.58745002746582
2018-01-05,27.881715774536133
2018-01-08,27.881715774536133
2018-01-09,27.808149337768555
2018-01-10,27.808149337768555
2018-01-11,27.881715774536133
2018-01-12,27.881715774536133
2018-01-16,27.881715774536133
2018-01-17,27.381454467773438
2018-01-18,27.381454467773438
2018-01-19,27.58745002746582
2018-01-22,27.58745002746582
2018-01-23,27.661020278930664
2018-01-24,27.513883590698242
2018-01-25,27.58745002746582
2018-01-26,27.403528213500977
2018-01-29,27.403528213500977
2018-01-30,27.14605140686035
2018-01-31,27.14605140686035
2018-02-01,27.027572631835938
2018-02-02,26.9164981842041
2018-02-05,26.55367088317871
2018-02-06,26.101970672607422
2018-02-07,25.916852951049805
2018-02-08,25.916852951049805
2018-02-09,25.731733322143555
2018-02-12,25.294843673706055
2018-02-13,24.9986515045166
2018-02-14,25.176372528076172
2018-02-15,25.21338653564453
2018-02-16,25.21338653564453
2018-02-20,25.30224609375
2018-02-21,25.28744125366211
2018-02-22,25.294843673706055
2018-02-23,25.28744125366211
2018-02-26,25.39111328125
2018-02-27,25.294843673706055
2018-02-28,25.354082107543945
2018-03-01,25.39111328125
2018-03-02,25.39111328125
2018-03-05,25.30224609375
2018-03-06,25.30224609375
2018-03-07,25.3244686126709
2018-03-08,25.546606063842773
2018-03-09,25.546606063842773
2018-03-12,25.657686233520508
2018-03-13,25.953868865966797
2018-03-14,26.32411766052246
2018-03-15,26.73137855529785
2018-03-16,26.768409729003906
2018-03-19,26.768409729003906
2018-03-20,26.946121215820312
2018-03-21,27.24971580505371
2018-03-22,27.316362380981445
2018-03-23,27.316362380981445
2018-03-26,27.2867374420166
2018-03-27,27.279333114624023
2018-03-28,27.24971580505371
2018-03-29,27.057199478149414
2018-04-02,27.212692260742188
2018-04-03,26.953527450561523
2018-04-04,26.768409729003906
2018-04-05,26.80542755126953
2018-04-06,26.80542755126953
2018-04-09,26.73137855529785
2018-04-10,26.842453002929688
2018-04-11,26.73137855529785
2018-04-12,26.73137855529785
2018-04-13,26.80542755126953
2018-04-16,26.361143112182617
2018-04-17,26.287086486816406
2018-04-18,26.287086486816406
2018-04-19,25.99090003967285
2018-04-20,25.99090003967285
2018-04-23,26.21304702758789
2018-04-24,26.657329559326172
2018-04-25,26.50923728942871
2018-04-26,26.657329559326172
2018-04-27,26.657329559326172
2018-04-30,26.657329559326172
2018-05-01,26.657329559326172
2018-05-02,26.472211837768555
2018-05-03,26.673664093017578
2018-05-04,26.673664093017578
2018-05-07,26.63636016845703
2018-05-08,26.673664093017578
2018-05-09,26.68112564086914
2018-05-10,26.82288932800293
2018-05-11,26.78557586669922
2018-05-14,26.860193252563477
2018-05-15,27.05417251586914
2018-05-16,26.68112564086914
2018-05-17,26.68112564086914
2018-05-18,26.748271942138672
2018-05-21,27.08402442932129
2018-05-22,26.97211456298828
2018-05-23,26.934799194335938
2018-05-24,27.23324966430664
2018-05-25,27.23324966430664
2018-05-29,27.009410858154297
2018-05-30,27.23324966430664
2018-05-31,27.23324966430664
2018-06-01,25.18143081665039
2018-06-04,25.166513442993164
2018-06-05,25.18143081665039
2018-06-06,25.21872901916504
2018-06-07,25.293352127075195
2018-06-08,25.330650329589844
2018-06-11,25.330650329589844
2018-06-12,25.367961883544922
2018-06-13,25.442569732666016
2018-06-14,25.442569732666016
2018-06-15,25.554489135742188
2018-06-18,25.741010665893555
2018-06-19,25.852937698364258
2018-06-20,25.852937698364258
2018-06-21,25.741010665893555
2018-06-22,25.7783203125
2018-06-25,25.741010665893555
2018-06-26,25.741010665893555
2018-06-27,25.741010665893555
2018-06-28,25.554489135742188
2018-06-29,25.554489135742188
2018-07-02,25.66640853881836
2018-07-03,25.66640853881836
2018-07-05,25.517187118530273
2018-07-06,25.66640853881836
2018-07-09,25.66640853881836
2018-07-10,25.703710556030273
2018-07-11,25.517187118530273
2018-07-12,25.517187118530273
2018-07-13,25.517187118530273
2018-07-16,25.367961883544922
2018-07-17,25.442569732666016
2018-07-18,25.442569732666016
2018-07-19,25.479877471923828
2018-07-20,25.479877471923828
2018-07-23,25.479877471923828
2018-07-24,25.741010665893555
2018-07-25,25.741010665893555
2018-07-26,25.66640853881836
2018-07-27,25.367961883544922
2018-07-30,25.741010665893555
2018-07-31,25.591796875
2018-08-01,25.591796875
2018-08-02,25.79484748840332
2018-08-03,25.982852935791016
2018-08-06,25.79484748840332
2018-08-07,25.79484748840332
2018-08-08,25.79484748840332
2018-08-09,26.058059692382812
2018-08-10,26.133256912231445
2018-08-13,26.133256912231445
2018-08-14,26.133256912231445
2018-08-15,26.058059692382812
2018-08-16,26.058059692382812
2018-08-17,26.321273803710938
2018-08-20,25.982852935791016
2018-08-21,25.982852935791016
2018-08-22,25.990379333496094
2018-08-23,25.997892379760742
2018-08-24,25.997892379760742
2018-08-27,25.997892379760742
2018-08-28,25.982852935791016
2018-08-29,25.982852935791016
2018-08-30,25.982852935791016
2018-08-31,26.5468807220459
2018-09-04,26.592002868652344
2018-09-05,26.772493362426758
2018-09-06,26.69728660583496
2018-09-07,26.69728660583496
2018-09-10,26.321273803710938
2018-09-11,26.69728660583496
2018-09-12,26.69728660583496
2018-09-13,26.69728660583496
2018-09-14,26.69728660583496
2018-09-17,26.69728660583496
2018-09-18,26.69728660583496
2018-09-19,26.69728660583496
2018-09-20,27.41172218322754
2018-09-21,27.41172218322754
2018-09-24,26.69728660583496
2018-09-25,26.69728660583496
2018-09-26,26.69728660583496
2018-09-27,26.69728660583496
2018-09-28,26.14830207824707
2018-10-01,26.509279251098633
2018-10-02,26.020458221435547
2018-10-03,26.020458221435547
2018-10-04,26.020458221435547
2018-10-05,25.907649993896484
2018-10-08,25.907649993896484
2018-10-09,26.0881404876709
2018-10-10,26.0881404876709
2018-10-11,25.907649993896484
2018-10-12,25.907649993896484
2018-10-15,25.907649993896484
2018-10-16,25.832439422607422
2018-10-17,25.832439422607422
2018-10-18,25.832439422607422
2018-10-19,25.832439422607422
2018-10-22,25.772281646728516
2018-10-23,25.682043075561523
2018-10-24,25.682043075561523
2018-10-25,25.682043075561523
2018-10-26,25.60683250427246
2018-10-29,25.60683250427246
2018-10-30,25.569236755371094
2018-10-31,25.569236755371094
2018-11-01,25.81180763244629
2018-11-02,25.773908615112305
2018-11-05,25.773908615112305
2018-11-06,25.773908615112305
2018-11-07,25.501008987426758
2018-11-08,25.591978073120117
2018-11-09,25.591978073120117
2018-11-12,25.47068214416504
2018-11-13,25.47068214416504
2018-11-14,25.508590698242188
2018-11-15,25.508590698242188
2018-11-16,25.508590698242188
2018-11-19,25.326650619506836
2018-11-20,25.326650619506836
2018-11-21,25.21294403076172
2018-11-23,24.871826171875
2018-11-26,24.77328109741211
2018-11-27,24.77328109741211
2018-11-28,25.20536994934082
2018-11-29,25.19020652770996
2018-11-30,25.015857696533203
2018-12-03,24.788434982299805
2018-12-04,24.750539779663086
2018-12-06,24.492801666259766
2018-12-07,24.636829376220703
2018-12-10,24.46246910095215
2018-12-11,24.181991577148438
2018-12-12,23.575542449951172
2018-12-13,23.49974250793457
2018-12-14,22.900875091552734
2018-12-17,22.521848678588867
2018-12-18,22.521848678588867
2018-12-19,22.643136978149414
2018-12-20,22.211042404174805
2018-12-21,22.931198120117188
2018-12-24,22.779584884643555
2018-12-26,23.49974250793457
2018-12-27,23.49974250793457
2018-12-28,23.802963256835938
2018-12-31,23.878767013549805
2019-01-02,23.49974250793457
2019-01-03,23.99247932434082
2019-01-04,24.52311897277832
2019-01-07,24.447315216064453
2019-01-08,24.447315216064453
2019-01-09,24.257801055908203
2019-01-10,24.257801055908203
2019-01-11,25.015857696533203
2019-01-14,25.015857696533203
2019-01-15,25.015857696533203
2019-01-16,25.015857696533203
2019-01-17,25.20536994934082
2019-01-18,25.736007690429688
2019-01-22,25.773908615112305
2019-01-23,25.766334533691406
2019-01-24,25.773908615112305
2019-01-25,26.531963348388672
2019-01-28,25.781490325927734
2019-01-29,26.190834045410156
2019-01-30,27.290023803710938
2019-01-31,27.57261848449707
2019-02-01,27.87813377380371
2019-02-04,28.069080352783203
2019-02-05,28.565540313720703
2019-02-06,28.641923904418945
2019-02-07,28.450977325439453
2019-02-08,28.83286476135254
2019-02-11,28.83286476135254
2019-02-12,28.260026931762695
2019-02-13,28.641923904418945
2019-02-14,28.26766586303711
2019-02-15,28.412790298461914
2019-02-19,27.702468872070312
2019-02-20,27.496248245239258
2019-02-21,27.57261848449707
2019-02-22,27.57261848449707
2019-02-25,27.114349365234375
2019-02-26,27.114349365234375
2019-02-27,27.5344295501709
2019-02-28,28.03089714050293
2019-03-01,27.5344295501709
2019-03-04,27.5344295501709
2019-03-05,27.5344295501709
2019-03-06,27.5344295501709
2019-03-07,28.450977325439453
2019-03-08,28.641923904418945
2019-03-11,28.641923904418945
2019-03-12,27.87813377380371
2019-03-13,28.03089714050293
2019-03-14,28.260026931762695
2019-03-15,28.260026931762695
2019-03-18,28.260026931762695
2019-03-19,28.260026931762695
2019-03-20,27.68719482421875
2019-03-21,27.542076110839844
2019-03-22,27.496248245239258
2019-03-25,27.57261848449707
2019-03-26,27.496248245239258
2019-03-27,27.480972290039062
2019-03-28,27.480972290039062
2019-03-29,27.496248245239258
2019-04-01,27.496248245239258
2019-04-02,27.114349365234375
2019-04-03,27.496248245239258
2019-04-04,27.496248245239258
2019-04-05,27.48860740661621
2019-04-08,27.305294036865234
2019-04-09,27.22892189025879
2019-04-10,27.190723419189453
2019-04-11,27.610816955566406
2019-04-12,27.72537612915039
2019-04-15,27.496248245239258
2019-04-16,27.68719482421875
2019-04-17,27.68719482421875
2019-04-18,27.496248245239258
2019-04-22,27.496248245239258
2019-04-23,28.16836929321289
2019-04-24,28.260026931762695
2019-04-25,27.68719482421875
2019-04-26,28.252384185791016
2019-04-29,28.260026931762695
2019-04-30,29.176576614379883
2019-05-01,29.405704498291016
2019-05-02,29.790597915649414
2019-05-03,30.021535873413086
2019-05-06,29.936861038208008
2019-05-07,29.86757469177246
2019-05-08,29.85218048095703
2019-05-09,29.829097747802734
2019-05-10,29.921449661254883
2019-05-13,29.85988426208496
2019-05-14,29.790597915649414
2019-05-15,29.944557189941406
2019-05-16,29.767499923706055
2019-05-17,29.790597915649414
2019-05-20,29.821386337280273
2019-05-21,29.782901763916016
2019-05-22,29.782901763916016
2019-05-23,29.605852127075195
2019-05-24,30.021535873413086
2019-05-28,29.62894630432129
2019-05-29,29.70591926574707
2019-05-30,29.559656143188477
2019-05-31,29.251754760742188
2019-06-03,29.467281341552734
2019-06-04,29.367216110229492
2019-06-05,29.251754760742188
2019-06-06,29.40570831298828
2019-06-07,29.40570831298828
2019-06-10,29.790597915649414
2019-06-11,29.90605926513672
2019-06-12,30.01383399963379
2019-06-13,29.829097747802734
2019-06-14,29.829097747802734
2019-06-17,29.86757469177246
2019-06-18,29.975345611572266
2019-06-19,30.09080696105957
2019-06-20,29.636648178100586
2019-06-21,28.543550491333008
2019-06-24,28.628225326538086
2019-06-25,28.097074508666992
2019-06-26,28.412689208984375
2019-06-27,28.843765258789062
2019-06-28,29.344131469726562
2019-07-01,29.197866439819336
2019-07-02,29.444202423095703
2019-07-03,29.644336700439453
2019-07-05,29.48269271850586
2019-07-08,30.31405258178711
2019-07-09,30.006141662597656
2019-07-10,29.120891571044922
2019-07-11,29.197866439819336
2019-07-12,28.643625259399414
2019-07-15,28.481969833374023
2019-07-16,28.404993057250977
2019-07-17,28.212549209594727
2019-07-18,28.08938217163086
2019-07-19,28.08938217163086
2019-07-22,28.073978424072266
2019-07-23,27.95081329345703
2019-07-24,27.966215133666992
2019-07-25,27.95081329345703
2019-07-26,27.989315032958984
2019-07-29,28.08938217163086
2019-07-30,28.08938217163086
2019-07-31,28.097074508666992
2019-08-01,27.87198257446289
2019-08-02,28.089309692382812
2019-08-05,27.351964950561523
2019-08-06,28.097078323364258
2019-08-07,27.639144897460938
2019-08-08,27.654661178588867
2019-08-09,27.7477970123291
2019-08-12,27.631378173828125
2019-08-13,27.126876831054688
2019-08-14,26.211000442504883
2019-08-15,26.932836532592773
2019-08-16,26.932836532592773
2019-08-19,27.305387496948242
2019-08-20,26.661170959472656
2019-08-21,25.380504608154297
2019-08-22,25.09332847595215
2019-08-23,25.590068817138672
2019-08-26,25.62887954711914
2019-08-27,24.74405288696289
2019-08-28,24.674196243286133
2019-08-29,24.425825119018555
2019-08-30,24.511207580566406
2019-09-03,24.425825119018555
2019-09-04,24.59658432006836
2019-09-05,24.456872940063477
2019-09-06,24.340452194213867
2019-09-09,25.178707122802734
2019-09-10,24.61210823059082
2019-09-11,24.837186813354492
2019-09-12,25.815156936645508
2019-09-13,26.389516830444336
2019-09-16,27.18896484375
2019-09-17,27.38300323486328
2019-09-18,27.04925537109375
2019-09-19,26.831926345825195
2019-09-20,27.802133560180664
2019-09-23,27.895275115966797
2019-09-24,27.320913314819336
2019-09-25,27.786603927612305
2019-09-26,27.8797550201416
2019-09-27,27.3752384185791
2019-09-30,27.592567443847656
2019-10-01,27.39852523803711
2019-10-02,26.630128860473633
2019-10-03,26.397279739379883
2019-10-04,27.359724044799805
2019-10-07,27.662431716918945
2019-10-08,27.150157928466797
2019-10-09,27.243301391601562
2019-10-10,27.755565643310547
2019-10-11,27.553760528564453
2019-10-14,27.165678024291992
2019-10-15,27.072540283203125
2019-10-16,27.320913314819336
2019-10-17,27.43733787536621
2019-10-18,27.305387496948242
2019-10-21,27.654661178588867
2019-10-22,27.934078216552734
2019-10-23,27.84870719909668
2019-10-24,28.01945686340332
2019-10-25,27.732276916503906
2019-10-28,27.926313400268555
2019-10-29,28.368730545043945
2019-10-30,28.314393997192383
2019-10-31,28.00918960571289
2019-11-01,28.517871856689453
2019-11-04,28.33005714416504
2019-11-05,28.486568450927734
2019-11-06,28.369186401367188
2019-11-07,28.09528160095215
2019-11-08,28.5570125579834
2019-11-11,28.408313751220703
2019-11-12,27.797889709472656
2019-11-13,27.688323974609375
2019-11-14,27.860496520996094
2019-11-15,28.173534393310547
2019-11-18,27.547454833984375
2019-11-19,28.173534393310547
2019-11-20,27.860496520996094
2019-11-21,28.36135482788086
2019-11-22,28.564834594726562
2019-11-25,29.425687789916992
2019-11-26,29.167423248291016
2019-11-27,28.658748626708984
2019-11-29,29.33177947998047
2019-12-02,28.86220932006836
2019-12-03,28.29092788696289
2019-12-04,28.486568450927734
2019-12-05,28.369186401367188
2019-12-06,28.58048439025879
2019-12-09,28.682233810424805
2019-12-10,29.026567459106445
2019-12-11,29.190908432006836
2019-12-12,29.965682983398438
2019-12-13,29.410037994384766
2019-12-16,29.981334686279297
2019-12-17,29.66047477722168
2019-12-18,29.730899810791016
2019-12-19,29.848291397094727
2019-12-20,30.443071365356445
2019-12-23,30.325693130493164
2019-12-24,30.443071365356445
2019-12-26,30.310022354125977
2019-12-27,30.278724670410156
2019-12-30,30.036115646362305
2019-12-31,30.278724670410156
2020-01-02,30.286550521850586
2020-01-03,30.05176544189453
2020-01-06,30.18480682373047
2020-01-07,29.832651138305664
2020-01-08,29.433521270751953
2020-01-09,29.316123962402344
2020-01-10,28.9091796875
2020-01-13,28.838747024536133
2020-01-14,28.7683048248291
2020-01-15,29.300472259521484
2020-01-16,29.44134521484375
2020-01-17,29.34743309020996
2020-01-21,29.1987361907959
2020-01-22,28.87787628173828
2020-01-23,28.455278396606445
2020-01-24,28.181364059448242
2020-01-27,28.58048439025879
2020-01-28,29.386552810668945
2020-01-29,29.723079681396484
2020-01-30,29.425687789916992
2020-01-31,28.58048439025879
2020-02-03,28.799602508544922
2020-02-04,29.550901412963867
2020-02-05,29.66047477722168
2020-02-06,28.958396911621094
2020-02-07,29.22661018371582
2020-02-10,29.7551326751709
2020-02-11,29.36859703063965
2020-02-12,29.344932556152344
2020-02-13,29.778797149658203
2020-02-14,29.51059341430664
2020-02-18,29.344932556152344
2020-02-19,28.871627807617188
2020-02-20,29.51059341430664
2020-02-21,28.966289520263672
2020-02-24,28.201108932495117
2020-02-25,27.712032318115234
2020-02-26,28.666526794433594
2020-02-27,27.144065856933594
2020-02-28,24.469884872436523
2020-03-02,25.858245849609375
2020-03-03,24.10702133178711
2020-03-04,26.18956184387207
2020-03-05,25.700475692749023
2020-03-06,24.25690269470215
2020-03-09,21.795711517333984
2020-03-10,21.417068481445312
2020-03-11,20.62033462524414
2020-03-12,19.247751235961914
2020-03-13,20.352130889892578
2020-03-16,17.2993106842041
2020-03-17,19.476518630981445
2020-03-18,17.96193504333496
2020-03-19,19.326637268066406
2020-03-20,18.356361389160156
2020-03-23,17.275646209716797
2020-03-24,17.362422943115234
2020-03-25,20.533567428588867
2020-03-26,21.653724670410156
2020-03-27,21.432842254638672
2020-03-30,21.101533889770508
2020-03-31,21.653724670410156
2020-04-01,19.973487854003906
2020-04-02,21.298744201660156
2020-04-03,20.983205795288086
2020-04-06,21.298744201660156
2020-04-07,21.062089920043945
2020-04-08,22.868534088134766
2020-04-09,22.742321014404297
2020-04-13,22.868534088134766
2020-04-14,22.245351791381836
2020-04-15,19.650056838989258
2020-04-16,18.277477264404297
2020-04-17,18.427356719970703
2020-04-20,18.908552169799805
2020-04-21,19.129425048828125
2020-04-22,20.34423828125
2020-04-23,20.509899139404297
2020-04-24,20.27324676513672
2020-04-27,21.480173110961914
2020-04-28,20.983205795288086
2020-04-29,23.665271759033203
2020-04-30,23.02781867980957
2020-05-01,20.90033721923828
2020-05-04,20.46209144592285
2020-05-05,19.864482879638672
2020-05-06,20.717071533203125
2020-05-07,21.115474700927734
2020-05-08,22.007904052734375
2020-05-11,21.60152816772461
2020-05-12,18.55771255493164
2020-05-13,18.334611892700195
2020-05-14,18.278831481933594
2020-05-15,19.57762908935547
2020-05-18,20.310693740844727
2020-05-19,20.318662643432617
2020-05-20,20.613489151000977
2020-05-21,20.08759117126465
2020-05-22,19.816675186157227
2020-05-26,20.023845672607422
2020-05-27,20.972049713134766
2020-05-28,19.912290573120117
2020-05-29,19.920259475708008
2020-06-01,19.920259475708008
2020-06-02,20.007909774780273
2020-06-03,20.438186645507812
2020-06-04,21.027820587158203
2020-06-05,22.709091186523438
2020-06-08,21.489971160888672
2020-06-09,20.485992431640625
2020-06-10,20.318662643432617
2020-06-11,18.31867218017578
2020-06-12,18.96408462524414
2020-06-15,19.888385772705078
2020-06-16,20.39834213256836
2020-06-17,19.282812118530273
2020-06-18,19.37045669555664
2020-06-19,21.513883590698242
2020-06-22,21.03579330444336
2020-06-23,21.211095809936523
2020-06-24,19.235002517700195
2020-06-25,21.513883590698242
2020-06-26,21.03579330444336
2020-06-29,20.956113815307617
2020-06-30,20.637392044067383
2020-07-01,20.286788940429688
2020-07-02,20.318662643432617
2020-07-06,20.318662643432617
2020-07-07,19.44217300415039
2020-07-08,19.5218563079834
2020-07-09,18.96408462524414
2020-07-10,20.318662643432617
2020-07-13,20.063692092895508
2020-07-14,19.665285110473633
2020-07-15,19.976036071777344
2020-07-16,19.760896682739258
2020-07-17,19.123445510864258
2020-07-20,19.32265281677246
2020-07-21,19.840574264526367
2020-07-22,19.800739288330078
2020-07-23,20.039777755737305
2020-07-24,19.29874610900879
2020-07-27,19.5218563079834
2020-07-28,19.42623519897461
2020-07-29,19.920259475708008
2020-07-30,19.601531982421875
2020-07-31,19.219066619873047
2020-08-03,19.505916595458984
2020-08-04,19.721057891845703
2020-08-05,20.1593017578125
2020-08-06,20.1593017578125
2020-08-07,20.094791412353516
2020-08-10,19.95771026611328
2020-08-11,19.570655822753906
2020-08-12,20.11898422241211
2020-08-13,20.038345336914062
2020-08-14,20.038345336914062
2020-08-17,19.635160446166992
2020-08-18,19.64322853088379
2020-08-19,19.86094093322754
2020-08-20,19.67548179626465
2020-08-21,19.28841781616211
2020-08-24,19.352930068969727
2020-08-25,19.393251419067383
2020-08-26,19.159399032592773
2020-08-27,19.143274307250977
2020-08-28,19.748050689697266
2020-08-31,19.223907470703125
2020-09-01,19.554519653320312
2020-09-02,19.756118774414062
2020-09-03,19.748050689697266
2020-09-04,19.66741371154785
2020-09-08,19.369062423706055
2020-09-09,19.24003791809082
2020-09-10,19.4577579498291
2020-09-11,18.949745178222656
2020-09-14,19.699670791625977
2020-09-15,18.949745178222656
2020-09-16,18.788469314575195
2020-09-17,18.949745178222656
2020-09-18,18.635265350341797
2020-09-21,17.901464462280273
2020-09-22,17.336997985839844
2020-09-23,17.030576705932617
2020-09-24,16.949939727783203
2020-09-25,17.119279861450195
2020-09-28,17.21604347229004
2020-09-29,17.256359100341797
2020-09-30,17.240232467651367
2020-10-01,17.062837600708008
2020-10-02,17.345064163208008
2020-10-05,17.990163803100586
2020-10-06,17.328937530517578
2020-10-07,18.586875915527344
2020-10-08,18.425601959228516
2020-10-09,18.465919494628906
2020-10-12,18.925554275512695
2020-10-13,18.546552658081055
2020-10-14,18.34496307373047
2020-10-15,18.611066818237305
2020-10-16,18.369157791137695
2020-10-19,18.054670333862305
2020-10-20,18.667509078979492
2020-10-21,18.385282516479492
2020-10-22,18.86910629272461
2020-10-23,19.29648208618164
2020-10-26,18.990062713623047
2020-10-27,19.078760147094727
2020-10-28,18.64332389831543
2020-10-29,18.546552658081055
2020-10-30,17.740184783935547
2020-11-02,18.50623893737793
2020-11-03,19.272294998168945
2020-11-04,19.127145767211914
2020-11-05,18.996475219726562
2020-11-06,18.653461456298828
2020-11-09,18.792299270629883
2020-11-10,20.33586311340332
2020-11-11,20.409366607666016
2020-11-12,19.64983367919922
2020-11-13,20.1153507232666
2020-11-16,21.724258422851562
2020-11-17,21.40574073791504
2020-11-18,21.266904830932617
2020-11-19,21.871261596679688
2020-11-20,21.520084381103516
2020-11-23,21.977434158325195
2020-11-24,23.1779842376709
2020-11-25,23.65983772277832
2020-11-27,24.288700103759766
2020-11-30,23.235157012939453
2020-12-01,22.875810623168945
2020-12-02,21.9039306640625
2020-12-03,21.80592918395996
2020-12-04,22.04277229309082
2020-12-07,22.500120162963867
2020-12-08,22.736963272094727
2020-12-09,23.210651397705078
2020-12-10,23.27599334716797
2020-12-11,23.03915023803711
2020-12-14,22.973812103271484
2020-12-15,23.847679138183594
2020-12-16,23.757843017578125
2020-12-17,24.280527114868164
2020-12-18,24.75421905517578
2020-12-21,24.288700103759766
2020-12-22,24.460205078125
2020-12-23,24.3703670501709
2020-12-24,24.53371238708496
2020-12-28,23.855846405029297
2020-12-29,23.120820999145508
2020-12-30,22.785966873168945
2020-12-31,22.075437545776367
2021-01-04,22.050935745239258
2021-01-05,21.658918380737305
2021-01-06,22.932973861694336
2021-01-07,22.606298446655273
2021-01-08,22.459285736083984
2021-01-11,22.49195671081543
2021-01-12,22.859472274780273
2021-01-13,22.671630859375
2021-01-14,22.785966873168945
2021-01-15,24.305038452148438
2021-01-19,23.112646102905273
2021-01-20,22.810468673706055
2021-01-21,22.818639755249023
2021-01-22,23.1779842376709
2021-01-25,23.292322158813477
2021-01-26,22.826807022094727
2021-01-27,22.581789016723633
2021-01-28,22.532791137695312
2021-01-29,22.059104919433594
2021-02-01,21.928434371948242
2021-02-02,22.451120376586914
2021-02-03,22.70429801940918
2021-02-04,24.008764266967773
2021-02-05,23.406068801879883
2021-02-08,23.769336700439453
2021-02-09,23.199665069580078
2021-02-10,22.473127365112305
2021-02-11,22.514408111572266
2021-02-12,22.57219886779785
2021-02-16,22.274982452392578
2021-02-17,21.895198822021484
2021-02-18,21.515417098999023
2021-02-19,21.820894241333008
2021-02-22,22.398820877075195
2021-02-23,22.514408111572266
2021-02-24,22.861164093017578
2021-02-25,22.67127227783203
2021-02-26,22.67127227783203
2021-03-01,22.415332794189453
2021-03-02,23.125364303588867
2021-03-03,23.736310958862305
2021-03-04,24.768327713012695
2021-03-05,26.41954803466797
2021-03-08,28.046001434326172
2021-03-09,28.384496688842773
2021-03-10,27.600173950195312
2021-03-11,27.59191131591797
2021-03-12,27.59191131591797
2021-03-15,26.37826919555664
2021-03-16,24.94995880126953
2021-03-17,25.263694763183594
2021-03-18,25.38753318786621
2021-03-19,25.833362579345703
2021-03-22,25.717777252197266
2021-03-23,27.443302154541016
2021-03-24,27.402021408081055
2021-03-25,27.269927978515625
2021-03-26,25.39578628540039
2021-03-29,26.155351638793945
2021-03-30,26.972702026367188
2021-03-31,25.742544174194336
2021-04-01,26.295703887939453
2021-04-05,25.734291076660156
2021-04-06,25.668243408203125
2021-04-07,25.024263381958008
2021-04-08,25.098573684692383
2021-04-09,24.933443069458008
2021-04-12,24.46285057067871
2021-04-13,24.47936248779297
2021-04-14,24.974727630615234
2021-04-15,24.78483772277832
2021-04-16,24.99949836730957
2021-04-19,24.974727630615234
2021-04-20,24.793094635009766
2021-04-21,24.561922073364258
2021-04-22,24.694021224975586
2021-04-23,24.660999298095703
2021-04-26,24.974727630615234
2021-04-27,24.991239547729492
2021-04-28,24.892168045043945
2021-04-29,25.1315975189209
2021-04-30,24.892168045043945
2021-05-03,24.991239547729492
2021-05-04,24.867399215698242
2021-05-05,24.91693687438965
2021-05-06,24.908594131469727
2021-05-07,24.825180053710938
2021-05-10,25.10879898071289
2021-05-11,25.10879898071289
2021-05-12,24.900251388549805
2021-05-13,25.33402442932129
2021-05-14,25.525890350341797
2021-05-17,25.70940589904785
2021-05-18,25.942974090576172
2021-05-19,25.067087173461914
2021-05-20,25.275632858276367
2021-05-21,25.72608757019043
2021-05-24,25.39242172241211
2021-05-25,25.233922958374023
2021-05-26,25.442468643188477
2021-05-27,25.192211151123047
2021-05-28,25.500864028930664
2021-06-01,25.292312622070312
2021-06-02,25.39242172241211
2021-06-03,25.359054565429688
2021-06-04,25.150508880615234
2021-06-07,25.192211151123047
2021-06-08,25.192211151123047
2021-06-09,25.192211151123047
2021-06-10,25.267292022705078
2021-06-11,25.250606536865234
2021-06-14,25.192211151123047
2021-06-15,25.20889663696289
2021-06-16,25.250606536865234
2021-06-17,25.250606536865234
2021-06-18,25.525890350341797
2021-06-21,25.350709915161133
2021-06-22,25.10879898071289
2021-06-23,25.10045623779297
2021-06-24,25.233922958374023
2021-06-25,25.442468643188477
2021-06-28,26.5686092376709
2021-06-29,26.65203094482422
2021-06-30,26.643688201904297
2021-07-01,26.551929473876953
2021-07-02,26.743789672851562
2021-07-06,26.693737030029297
2021-07-07,26.693737030029297
2021-07-08,26.485193252563477
2021-07-09,26.693737030029297
2021-07-12,26.985702514648438
2021-07-13,26.902284622192383
2021-07-14,26.960670471191406
2021-07-15,27.527917861938477
2021-07-16,27.794851303100586
2021-07-19,26.935651779174805
2021-07-20,26.86057472229004
2021-07-21,27.252635955810547
2021-07-22,27.277660369873047
2021-07-23,28.26198959350586
2021-07-26,28.487226486206055
2021-07-27,28.704105377197266
2021-07-28,28.395463943481445
2021-07-29,27.970029830932617
2021-07-30,28.161893844604492
2021-08-02,28.320384979248047
2021-08-03,27.052431106567383
2021-08-04,27.861591339111328
2021-08-05,27.794212341308594
2021-08-06,28.232179641723633
2021-08-09,28.122684478759766
2021-08-10,28.1311092376709
2021-08-11,28.21533203125
2021-08-12,27.979501724243164
2021-08-13,27.97108268737793
2021-08-16,27.288864135742188
2021-08-17,27.24675178527832
2021-08-18,27.24675178527832
2021-08-19,26.68243980407715
2021-08-20,26.68243980407715
2021-08-23,26.87615203857422
2021-08-24,26.732973098754883
2021-08-25,27.078296661376953
2021-08-26,27.120412826538086
2021-08-27,27.204635620117188
2021-08-30,26.85089111328125
2021-08-31,26.707706451416016
2021-09-01,26.834043502807617
2021-09-02,26.86773681640625
2021-09-03,26.320276260375977
2021-09-07,26.581371307373047
2021-09-08,26.286582946777344
2021-09-09,26.286582946777344
2021-09-10,26.23604965209961
2021-09-13,26.994070053100586
2021-09-14,26.95195960998535
2021-09-15,27.078296661376953
2021-09-16,27.061452865600586
2021-09-17,27.21306037902832
2021-09-20,27.17936897277832
2021-09-21,27.13725471496582
2021-09-22,26.95195960998535
2021-09-23,26.64874839782715
2021-09-24,27.120412826538086
2021-09-27,26.95195960998535
2021-09-28,26.95195960998535
2021-09-29,26.93511962890625
2021-09-30,26.758249282836914
2021-10-01,26.758249282836914
2021-10-04,26.758249282836914
2021-10-05,26.834043502807617
2021-10-06,27.373083114624023
2021-10-07,27.002498626708984
2021-10-08,26.86773681640625
2021-10-11,27.16252326965332
2021-10-12,27.16252326965332
2021-10-13,27.078296661376953
2021-10-14,26.758249282836914
2021-10-15,27.061452865600586
2021-10-18,26.657176971435547
2021-10-19,26.859310150146484
2021-10-20,26.859310150146484
2021-10-21,27.373083114624023
2021-10-22,27.802629470825195
2021-10-25,27.802629470825195
2021-10-26,27.398347854614258
2021-10-27,27.373083114624023
2021-10-28,27.373083114624023
2021-10-29,27.373083114624023
2021-11-01,27.78579330444336
2021-11-02,27.41519546508789
2021-11-03,27.41519546508789
2021-11-04,27.474740982055664
2021-11-05,27.389677047729492
2021-11-08,27.415193557739258
2021-11-09,27.415193557739258
2021-11-10,27.35565185546875
2021-11-11,27.091964721679688
2021-11-12,27.406688690185547
2021-11-15,27.304616928100586
2021-11-16,28.00211524963379
2021-11-17,27.772457122802734
2021-11-18,27.814985275268555
2021-11-19,27.857515335083008
2021-11-22,27.857515335083008
2021-11-23,27.83199691772461
2021-11-24,27.814985275268555
2021-11-26,27.814985275268555
2021-11-29,27.968095779418945
2021-11-30,27.814985275268555
2021-12-01,27.814985275268555
2021-12-02,27.883033752441406
2021-12-03,28.32535171508789
2021-12-06,28.07016944885254
2021-12-07,28.708120346069336
2021-12-08,28.248794555664062
2021-12-09,27.857515335083008
2021-12-10,28.88675308227539
2021-12-13,28.15522575378418
2021-12-14,27.032421112060547
2021-12-15,27.040929794311523
2021-12-16,27.321626663208008
2021-12-17,27.517274856567383
2021-12-20,27.39818000793457
2021-12-21,27.415193557739258
2021-12-22,27.602333068847656
2021-12-23,28.342363357543945
2021-12-27,28.078670501708984
2021-12-28,28.248794555664062
2021-12-29,28.07016944885254
2021-12-30,28.07016944885254
2021-12-31,28.15522575378418
2022-01-03,28.15522575378418
2022-01-04,28.606056213378906
2022-01-05,28.529495239257812
2022-01-06,28.58053207397461
2022-01-07,28.827205657958984
2022-01-10,28.912277221679688
2022-01-11,28.9207763671875
2022-01-12,28.495473861694336
2022-01-13,28.665592193603516
2022-01-14,28.555021286010742
2022-01-18,28.657085418701172
2022-01-19,28.58053207397461
2022-01-20,28.589038848876953
2022-01-21,28.9207763671875
2022-01-24,28.793182373046875
2022-01-25,28.495473861694336
2022-01-26,28.32535171508789
2022-01-27,28.32535171508789
2022-01-28,28.32535171508789
2022-01-31,28.32535171508789
2022-02-01,28.9207763671875
2022-02-02,28.708120346069336
2022-02-03,28.982927322387695
2022-02-04,29.17184829711914
2022-02-07,28.939987182617188
2022-02-08,28.914220809936523
2022-02-09,28.914220809936523
2022-02-10,28.914220809936523
2022-02-11,28.828351974487305
2022-02-14,28.60507583618164
2022-02-15,28.939987182617188
2022-02-16,28.939987182617188
2022-02-17,28.811172485351562
2022-02-18,29.017274856567383
2022-02-22,28.60507583618164
2022-02-23,28.819765090942383
2022-02-24,28.776823043823242
2022-02-25,28.776823043823242
2022-02-28,28.613666534423828
2022-03-01,28.356035232543945
2022-03-02,28.639421463012695
2022-03-03,29.068798065185547
2022-03-04,29.068798065185547
2022-03-07,29.266313552856445
2022-03-08,29.197614669799805
2022-03-09,29.20620346069336
2022-03-10,29.240550994873047
2022-03-11,29.189027786254883
2022-03-14,28.982927322387695
2022-03-15,28.939987182617188
2022-03-16,28.931400299072266
2022-03-17,29.16326904296875
2022-03-18,29.197614669799805
2022-03-21,29.35219383239746
2022-03-22,29.712871551513672
2022-03-23,29.618408203125
2022-03-24,29.79015350341797
2022-03-25,29.84168243408203
2022-03-28,29.927555084228516
2022-03-29,29.463825225830078
2022-03-30,28.96575164794922
2022-03-31,28.96575164794922
2022-04-01,29.0773868560791
2022-04-04,29.17184829711914
2022-04-05,29.111738204956055
2022-04-06,28.768239974975586
2022-04-07,28.768239974975586
2022-04-08,29.025863647460938
2022-04-11,28.502017974853516
2022-04-12,28.270156860351562
2022-04-13,28.330278396606445
2022-04-14,28.441909790039062
2022-04-18,28.441909790039062
2022-04-19,28.931400299072266
2022-04-20,28.759647369384766
2022-04-21,28.759647369384766
2022-04-22,28.759647369384766
2022-04-25,28.948575973510742
2022-04-26,28.13275718688965
2022-04-27,28.124176025390625
2022-04-28,27.608922958374023
2022-04-29,27.84078598022461
2022-05-02,27.480106353759766
2022-05-03,27.480106353759766
2022-05-04,27.359880447387695
2022-05-05,27.21241569519043
2022-05-06,27.28181266784668
2022-05-09,27.15168571472168
2022-05-10,27.15168571472168
2022-05-11,26.89145278930664
2022-05-12,26.89145278930664
2022-05-13,26.735307693481445
2022-05-16,26.30157470703125
2022-05-17,26.30157470703125
2022-05-18,25.659648895263672
2022-05-19,25.642295837402344
2022-05-20,25.47748374938965
2022-05-23,25.503507614135742
2022-05-24,25.199892044067383
2022-05-25,25.494829177856445
2022-05-26,25.66832160949707
2022-05-27,26.128082275390625
2022-05-31,26.43169403076172
2022-06-01,26.43169403076172
2022-06-02,26.648561477661133
2022-06-03,26.717958450317383
2022-06-06,26.60519027709961
2022-06-07,26.544464111328125
2022-06-08,26.960845947265625
2022-06-09,26.804702758789062
2022-06-10,26.7960262298584
2022-06-13,26.145427703857422
2022-06-14,25.885190963745117
2022-06-15,25.89386749267578
2022-06-16,25.199892044067383
2022-06-17,24.844228744506836
2022-06-21,25.833141326904297
2022-06-22,26.015310287475586
2022-06-23,25.89386749267578
2022-06-24,25.41675567626953
2022-06-27,25.76374626159668
2022-06-28,26.249530792236328
2022-06-29,26.015310287475586
2022-06-30,26.16278076171875
2022-07-01,26.24085235595703
2022-07-05,26.19747543334961
2022-07-06,27.134340286254883
2022-07-07,26.631214141845703
2022-07-08,27.0649471282959
2022-07-11,26.848079681396484
2022-07-12,26.89145278930664
2022-07-13,26.89145278930664
2022-07-14,26.90880012512207
2022-07-15,26.934823989868164
2022-07-18,27.03024673461914
2022-07-19,27.15168571472168
2022-07-20,26.943498611450195
2022-07-21,26.943498611450195
2022-07-22,27.0649471282959
2022-07-25,27.08229637145996
2022-07-26,27.28181266784668
2022-07-27,27.611448287963867
2022-07-28,27.819639205932617
2022-07-29,28.556982040405273
2022-08-01,27.784942626953125
2022-08-02,27.784942626953125
2022-08-03,27.542051315307617
2022-08-04,28.04153823852539
2022-08-05,28.04153823852539
2022-08-08,27.647207260131836
2022-08-09,27.699787139892578
2022-08-10,28.26061248779297
2022-08-11,28.234325408935547
2022-08-12,28.52350425720215
2022-08-15,28.567317962646484
2022-08-16,28.269380569458008
2022-08-17,28.102880477905273
2022-08-18,28.094118118286133
2022-08-19,28.47968864440918
2022-08-22,28.129169464111328
2022-08-23,28.111642837524414
2022-08-24,28.04153823852539
2022-08-25,28.18174934387207
2022-08-26,28.172988891601562
2022-08-29,28.216800689697266
2022-08-30,28.02401351928711
2022-08-31,28.02401351928711
2022-09-01,28.01525115966797
2022-09-02,27.822467803955078
2022-09-06,27.655967712402344
2022-09-07,27.717309951782227
2022-09-08,27.51576042175293
2022-09-09,27.5595760345459
2022-09-12,27.48947525024414
2022-09-13,27.603391647338867
2022-09-14,27.419368743896484
2022-09-15,27.419368743896484
2022-09-16,28.549795150756836
2022-09-19,28.435874938964844
2022-09-20,28.225563049316406
2022-09-21,28.225563049316406
2022-09-22,27.89257049560547
2022-09-23,27.603391647338867
2022-09-26,27.769887924194336
2022-09-27,27.629680633544922
2022-09-28,27.603391647338867
2022-09-29,27.603391647338867
2022-09-30,27.655967712402344
2022-10-03,27.506996154785156
2022-10-04,27.80493927001953
2022-10-05,27.883804321289062
2022-10-06,27.831228256225586
2022-10-07,27.918855667114258
2022-10-10,27.92762565612793
2022-10-11,28.01525115966797
2022-10-12,28.006488800048828
2022-10-13,27.673494338989258
2022-10-14,27.5595760345459
2022-10-17,27.577102661132812
2022-10-18,27.428131103515625
2022-10-19,27.384315490722656
2022-10-20,27.428131103515625
2022-10-21,27.428131103515625
2022-10-24,27.75235939025879
2022-10-25,28.102880477905273
2022-10-26,28.8740234375
2022-10-27,28.59360694885254
2022-10-28,28.707523345947266
2022-10-31,28.48845100402832
2022-11-01,28.674301147460938
2022-11-02,28.585803985595703
2022-11-03,28.585803985595703
2022-11-04,28.364553451538086
2022-11-07,28.311450958251953
2022-11-08,28.311450958251953
2022-11-09,28.28489875793457
2022-11-10,28.063644409179688
2022-11-11,28.054798126220703
2022-11-14,27.99284553527832
2022-11-15,28.14329719543457
2022-11-16,28.214096069335938
2022-11-17,28.054798126220703
2022-11-18,28.054798126220703
2022-11-21,28.320301055908203
2022-11-22,28.099050521850586
2022-11-23,28.249500274658203
2022-11-25,28.249500274658203
2022-11-28,27.73619270324707
2022-11-29,27.656543731689453
2022-11-30,27.25828742980957
2022-12-01,27.435291290283203
2022-12-02,27.44413948059082
2022-12-05,27.320240020751953
2022-12-06,27.25828742980957
2022-12-07,27.231739044189453
2022-12-08,27.09013557434082
2022-12-09,26.877737045288086
2022-12-12,26.83348274230957
2022-12-13,26.311330795288086
2022-12-14,26.275930404663086
2022-12-15,26.107776641845703
2022-12-16,27.143239974975586
2022-12-19,27.037036895751953
2022-12-20,27.68309211730957
2022-12-21,27.541492462158203
2022-12-22,27.727344512939453
2022-12-23,28.320301055908203
2022-12-27,28.700857162475586
2022-12-28,30.231924057006836
2022-12-29,30.745223999023438
2022-12-30,31.948841094970703
2023-01-03,31.585987091064453
2023-01-04,31.338180541992188
2023-01-05,31.24083137512207
2023-01-06,31.14348602294922
2023-01-09,31.14348602294922
2023-01-10,30.922222137451172
2023-01-11,30.727521896362305
2023-01-12,30.727521896362305
2023-01-13,30.585926055908203
2023-01-17,30.31157112121582
2023-01-18,30.04606819152832
2023-01-19,30.04606819152832
2023-01-20,29.992969512939453
2023-01-23,29.798263549804688
2023-01-24,29.789417266845703
2023-01-25,29.647815704345703
2023-01-26,29.647815704345703
2023-01-27,29.47966766357422
2023-01-30,29.426563262939453
2023-01-31,29.426563262939453
2023-02-01,29.638967514038086
2023-02-02,29.755123138427734
2023-02-03,29.755123138427734
2023-02-06,29.665773391723633
2023-02-07,29.487062454223633
2023-02-08,29.39771270751953
2023-02-09,29.39771270751953
2023-02-10,29.39771270751953
2023-02-13,29.11177635192871
2023-02-14,28.986675262451172
2023-02-15,29.12070655822754
2023-02-16,29.031356811523438
2023-02-17,29.040285110473633
2023-02-21,28.968799591064453
2023-02-22,29.218997955322266
2023-02-23,29.31728744506836
2023-02-24,29.335155487060547
2023-02-27,29.281543731689453
2023-02-28,29.236867904663086
2023-03-01,29.040285110473633
2023-03-02,29.218997955322266
2023-03-03,29.326223373413086
2023-03-06,29.326223373413086
2023-03-07,28.950931549072266
2023-03-08,29.263675689697266
2023-03-09,29.02241325378418
2023-03-10,28.781160354614258
2023-03-13,28.432674407958984
2023-03-14,28.146745681762695
2023-03-15,27.6910343170166
2023-03-16,28.00377082824707
2023-03-17,27.762514114379883
2023-03-20,27.40509796142578
2023-03-21,27.565937042236328
2023-03-22,27.869741439819336
2023-03-23,27.592741012573242
2023-03-24,27.869741439819336
2023-03-27,27.387226104736328
2023-03-28,27.387226104736328
2023-03-29,27.253192901611328
2023-03-30,26.806419372558594
2023-03-31,26.484739303588867
2023-04-03,26.8421630859375
2023-04-04,26.672388076782227
2023-04-05,26.565162658691406
2023-04-06,26.806419372558594
2023-04-10,26.62771224975586
2023-04-11,26.5740966796875
2023-04-12,26.484739303588867
2023-04-13,26.440061569213867
2023-04-14,26.717063903808594
2023-04-17,26.466869354248047
2023-04-18,26.243484497070312
2023-04-19,26.136260986328125
2023-04-20,26.136260986328125
2023-04-21,26.216678619384766
2023-04-24,26.216678619384766
2023-04-25,26.27029037475586
2023-04-26,26.046899795532227
2023-04-27,25.930742263793945
2023-04-28,25.930742263793945
2023-05-01,25.734163284301758
2023-05-02,24.331289291381836
2023-05-03,23.375194549560547
2023-05-04,22.036373138427734
2023-05-05,22.723876953125
2023-05-08,22.34393882751465
2023-05-09,22.32584571838379
2023-05-10,22.61532211303711
2023-05-11,22.561046600341797
2023-05-12,22.61532211303711
2023-05-15,22.850522994995117
2023-05-16,22.94098663330078
2023-05-17,22.832426071166992
2023-05-18,23.067626953125
2023-05-19,23.239503860473633
2023-05-22,23.51993751525879
2023-05-23,23.51993751525879
2023-05-24,23.755136489868164
2023-05-25,23.6646728515625
2023-05-26,23.6646728515625
2023-05-30,23.809410095214844
2023-05-31,23.47470474243164
2023-06-01,23.4023380279541
2023-06-02,23.81846046447754
2023-06-05,23.755136489868164
2023-06-06,23.88178253173828
2023-06-07,24.04461097717285
2023-06-08,24.967317581176758
2023-06-09,25.265838623046875
2023-06-12,25.42867088317871
2023-06-13,25.519132614135742
2023-06-14,24.967317581176758
2023-06-15,24.922088623046875
2023-06-16,25.32916259765625
2023-06-20,24.93113136291504
2023-06-21,24.87685775756836
2023-06-22,25.32916259765625
2023-06-23,25.283933639526367
2023-06-26,25.07587242126465
2023-06-27,25.265838623046875
2023-06-28,25.247745513916016
2023-06-29,25.32916259765625
2023-06-30,25.09395980834961
2023-07-03,25.83574676513672
2023-07-05,25.202512741088867
2023-07-06,25.220603942871094
2023-07-07,24.922088623046875
2023-07-10,24.750207901000977
2023-07-11,24.768301010131836
2023-07-12,25.11205291748047
2023-07-13,25.60054588317871
2023-07-14,25.32916259765625
2023-07-17,25.77242088317871
2023-07-18,26.550390243530273
2023-07-19,26.595619201660156
2023-07-20,26.595619201660156
2023-07-21,26.595619201660156
2023-07-24,26.514205932617188
2023-07-25,26.613712310791016
2023-07-26,26.77654457092285
2023-07-27,26.84891128540039
2023-07-28,26.74940299987793
2023-07-31,26.74940299987793
2023-08-01,26.794635772705078
2023-08-02,27.102201461791992
2023-08-03,26.983335494995117
2023-08-04,27.038196563720703
2023-08-07,27.440523147583008
2023-08-08,27.705690383911133
2023-08-09,27.52281951904297
2023-08-10,27.3216552734375
2023-08-11,27.312511444091797
2023-08-14,27.33079719543457
2023-08-15,27.33993911743164
2023-08-16,27.312511444091797
2023-08-17,27.312511444091797
2023-08-18,27.3216552734375
2023-08-21,26.837032318115234
2023-08-22,26.242685317993164
2023-08-23,26.20611000061035
2023-08-24,26.315837860107422
2023-08-25,26.37984275817871
2023-08-28,26.315837860107422
2023-08-29,26.471281051635742
2023-08-30,26.517000198364258
2023-08-31,26.49871063232422
2023-09-01,26.425561904907227
2023-09-05,26.297548294067383
2023-09-06,26.068954467773438
2023-09-07,26.059810638427734
2023-09-08,25.96837043762207
2023-09-11,26.059810638427734
2023-09-12,26.087242126464844
2023-09-13,26.041522979736328
2023-09-14,25.995805740356445
2023-09-15,26.05066680908203
2023-09-18,25.922653198242188
2023-09-19,25.922653198242188
2023-09-20,25.922653198242188
2023-09-21,25.922653198242188
2023-09-22,25.822072982788086
2023-09-25,25.785497665405273
2023-09-26,26.27926254272461
2023-09-27,26.178682327270508
2023-09-28,26.19696617126465
2023-09-29,26.059810638427734
2023-10-02,26.05066680908203
2023-10-03,26.041522979736328
2023-10-04,26.01409339904785
2023-10-05,26.178682327270508
2023-10-06,26.178682327270508
2023-10-09,26.19696617126465
2023-10-10,26.16039276123047
2023-10-11,26.068954467773438
2023-10-12,26.059810638427734
2023-10-13,26.059810638427734
2023-10-16,25.986658096313477
2023-10-17,26.169536590576172
2023-10-18,26.260974884033203
2023-10-19,26.032377243041992
2023-10-20,25.922653198242188
2023-10-23,25.922653198242188
2023-10-24,26.27926254272461
2023-10-25,27.467954635620117
2023-10-26,28.482913970947266
2023-10-27,28.940101623535156
2023-10-30,28.967538833618164
2023-10-31,29.26013946533203
2023-11-01,29.250995635986328
2023-11-02,29.46342658996582
2023-11-03,30.202322006225586
2023-11-06,30.294681549072266
2023-11-07,30.479408264160156
2023-11-08,31.994144439697266
2023-11-09,31.292192459106445
2023-11-10,31.319896697998047
2023-11-13,31.319896697998047
2023-11-14,31.070524215698242
2023-11-15,31.005870819091797
2023-11-16,30.94121742248535
2023-11-17,30.92274284362793
2023-11-20,30.553300857543945
2023-11-21,30.16537857055664
2023-11-22,30.571767807006836
2023-11-24,30.571767807006836
2023-11-27,30.52558708190918
2023-11-28,30.664133071899414
2023-11-29,30.608718872070312
2023-11-30,30.811914443969727
2023-12-01,30.75649070739746
2023-12-04,30.94121742248535
2023-12-05,30.75649070739746
2023-12-06,30.784204483032227
2023-12-07,30.673364639282227
2023-12-08,30.673364639282227
2023-12-11,30.839622497558594
2023-12-12,30.571767807006836
2023-12-13,29.74051284790039
2023-12-14,29.74051284790039
2023-12-15,29.601970672607422
2023-12-18,29.46342658996582
2023-12-19,29.158632278442383
2023-12-20,29.001615524291992
2023-12-21,29.001615524291992
2023-12-22,29.010854721069336
2023-12-26,29.09398078918457
2023-12-27,29.112451553344727
2023-12-28,29.140159606933594
2023-12-29,29.140159606933594
2024-01-02,28.74300765991211
2024-01-03,28.0225830078125
2024-01-04,26.360069274902344
2024-01-05,26.378541946411133
2024-01-08,26.378541946411133
2024-01-09,26.415489196777344
2024-01-10,26.4893741607666
2024-01-11,26.50784683227539
2024-01-12,26.775699615478516
2024-01-16,26.78493309020996
2024-01-17,26.96965980529785
2024-01-18,27.588483810424805
2024-01-19,28.67835235595703
2024-01-22,29.371065139770508
2024-01-23,29.851348876953125
2024-01-24,30.94121742248535
2024-01-25,31.098228454589844
2024-01-26,31.0889949798584
2024-01-29,30.75649070739746
2024-01-30,30.664133071899414
2024-01-31,30.141870498657227
2024-02-01,29.572978973388672
2024-02-02,30.113893508911133
2024-02-05,29.50769805908203
2024-02-06,29.15330696105957
2024-02-07,27.148202896118164
2024-02-08,26.59796142578125
2024-02-09,26.933700561523438
2024-02-12,26.58863639831543
2024-02-13,23.8281192779541
2024-02-14,23.986663818359375
2024-02-15,24.48094367980957
2024-02-16,24.48094367980957
2024-02-20,24.527570724487305
2024-02-21,24.43431282043457
2024-02-22,24.71409797668457
2024-02-23,24.807357788085938
2024-02-26,24.72342300415039
2024-02-27,24.807357788085938
2024-02-28,24.592857360839844
2024-02-29,24.53689956665039
2024-03-01,24.35970687866211
2024-03-04,24.35970687866211
2024-03-05,24.807357788085938
2024-03-06,24.658138275146484
2024-03-07,24.620834350585938
2024-03-08,24.704769134521484
2024-03-11,24.68611717224121
2024-03-12,24.564878463745117
2024-03-13,24.247793197631836
2024-03-14,24.443639755249023
2024-03-15,24.71409797668457
2024-03-18,24.71409797668457
2024-03-19,24.490270614624023
2024-03-20,24.490270614624023
2024-03-21,24.341053009033203
2024-03-22,24.43431282043457
2024-03-25,24.247793197631836
2024-03-26,24.219812393188477
2024-03-27,24.247793197631836
2024-03-28,24.43431282043457
2024-04-01,24.089250564575195
2024-04-02,24.229137420654297
2024-04-03,23.96800994873047
2024-04-04,23.97733497619629
2024-04-05,24.01464080810547
2024-04-08,24.145206451416016
2024-04-09,24.285099029541016
2024-04-10,24.257118225097656
2024-04-11,24.257118225097656
2024-04-12,24.182510375976562
2024-04-15,24.219812393188477
2024-04-16,24.68611717224121
2024-04-17,24.71409797668457
2024-04-18,26.14098358154297
2024-04-19,27.754396438598633
2024-04-22,28.44452476501465
2024-04-23,27.838329315185547
2024-04-24,28.108787536621094
2024-04-25,28.30463409423828
2024-04-26,28.35126495361328
2024-04-29,28.30463409423828
2024-04-30,28.23002815246582
2024-05-01,27.805870056152344
2024-05-02,27.40998649597168
2024-05-03,27.164920806884766
2024-05-06,27.032960891723633
2024-05-07,26.5051212310791
2024-05-08,25.920724868774414
2024-05-09,25.628528594970703
2024-05-10,25.760488510131836
2024-05-13,25.289199829101562
2024-05-14,24.506866455078125
2024-05-15,24.629404067993164
2024-05-16,25.025283813476562
2024-05-17,25.04413604736328
2024-05-20,25.04413604736328
2024-05-21,24.893321990966797
2024-05-22,24.96872901916504
2024-05-23,24.902746200561523
2024-05-24,24.940452575683594
2024-05-28,24.610551834106445
2024-05-29,24.41261100769043
2024-05-30,24.544572830200195
2024-05-31,24.789636611938477
2024-06-03,24.95930290222168
2024-06-04,24.780214309692383
2024-06-05,24.66710662841797
2024-06-06,24.808488845825195
2024-06-07,24.836769104003906
2024-06-10,24.629404067993164
2024-06-11,25.204370498657227
2024-06-12,26.674779891967773
2024-06-13,27.26860237121582
2024-06-14,27.061237335205078
2024-06-17,27.023536682128906
2024-06-18,26.863296508789062
2024-06-20,26.863296508789062
2024-06-21,26.853870391845703
2024-06-24,26.853870391845703
2024-06-25,27.12721824645996
2024-06-26,26.30718231201172
2024-06-27,26.62765121459961
2024-06-28,26.65593147277832
2024-07-01,26.65593147277832
2024-07-02,26.278902053833008
2024-07-03,26.278902053833008
2024-07-05,26.014984130859375
2024-07-08,25.741636276245117
2024-07-09,25.5436954498291
2024-07-10,25.666231155395508
2024-07-11,25.98670768737793
2024-07-12,25.911298751831055
2024-07-15,26.090389251708984
2024-07-16,27.164920806884766
2024-07-17,27.334583282470703
2024-07-18,27.28745460510254
2024-07-19,27.325157165527344
2024-07-22,27.334583282470703
2024-07-23,28.739015579223633
2024-07-24,28.93695640563965
2024-07-25,28.974655151367188
2024-07-26,29.172597885131836
2024-07-29,29.46479606628418
2024-07-30,29.8323974609375
2024-07-31,31.566728591918945
2024-08-01,31.613862991333008
2024-08-02,30.795440673828125
2024-08-05,29.50119400024414
2024-08-06,29.406028747558594
2024-08-07,29.415542602539062
2024-08-08,29.491676330566406
2024-08-09,29.358448028564453
2024-08-12,28.720840454101562
2024-08-13,28.54953956604004
2024-08-14,28.50196075439453
2024-08-15,28.50196075439453
2024-08-16,28.511472702026367
2024-08-19,28.530508041381836
2024-08-20,28.454376220703125
2024-08-21,28.454376220703125
2024-08-22,28.43534278869629
2024-08-23,28.692289352416992
2024-08-26,28.673255920410156
2024-08-27,28.701805114746094
2024-08-28,29.034883499145508
2024-08-29,29.472644805908203
2024-08-30,30.21493148803711
2024-09-03,30.624143600463867
2024-09-04,30.73834228515625
2024-09-05,30.75737190246582
2024-09-06,30.643173217773438
2024-09-09,30.586076736450195
2024-09-10,30.586076736450195
2024-09-11,30.700275421142578
2024-09-12,30.452844619750977
2024-09-13,30.462358474731445
2024-09-16,30.452844619750977
2024-09-17,30.262514114379883
2024-09-18,30.452844619750977
2024-09-19,30.662208557128906
2024-09-20,28.739871978759766
2024-09-23,29.377479553222656
2024-09-24,29.263280868530273
2024-09-25,29.120532989501953
2024-09-26,29.006336212158203
2024-09-27,28.93020248413086
2024-09-30,28.673255920410156
2024-10-01,28.654224395751953
2024-10-02,28.85407257080078
2024-10-03,28.844554901123047
2024-10-04,28.87310218811035
2024-10-07,29.072948455810547
2024-10-08,28.739871978759766
2024-10-09,28.739871978759766
2024-10-10,29.025367736816406
2024-10-11,29.158597946166992
2024-10-14,28.977785110473633
2024-10-15,29.120532989501953
2024-10-16,28.835037231445312
2024-10-17,28.78745460510254
2024-10-18,28.835037231445312
2024-10-21,28.359209060668945
2024-10-22,28.159364700317383
2024-10-23,28.454376220703125
2024-10-24,28.50196075439453
2024-10-25,28.911169052124023
2024-10-28,28.911169052124023
2024-10-29,31.185617446899414
2024-10-30,31.03335189819336
2024-10-31,31.099964141845703
2024-11-01,31.49400520324707
2024-11-04,31.426729202270508
2024-11-05,31.878427505493164
2024-11-06,32.03219985961914
2024-11-07,31.532445907592773
2024-11-08,31.47478485107422
2024-11-11,31.426729202270508
2024-11-12,31.3114013671875
2024-11-13,31.618942260742188
2024-11-14,31.609331130981445
2024-11-15,32.00336456298828
2024-11-18,32.01297378540039
2024-11-19,32.2724609375
2024-11-20,32.291683197021484
2024-11-21,32.18596649169922
2024-11-22,32.282073974609375
2024-11-25,32.166748046875
2024-11-26,32.243629455566406
2024-11-27,32.243629455566406
2024-11-29,32.407012939453125
2024-12-02,32.31090545654297
2024-12-03,32.22441101074219
2024-12-04,32.282073974609375
2024-12-05,32.282073974609375
2024-12-06,32.407012939453125
2024-12-09,32.48389434814453
2024-12-10,32.58000183105469
2024-12-11,31.715049743652344
2024-12-12,31.90726089477539
2024-12-13,32.01297378540039
2024-12-16,31.79193878173828
2024-12-17,31.69582748413086
2024-12-18,30.66748809814453
2024-12-19,30.705934524536133
2024-12-20,30.48488998413086
2024-12-23,29.985136032104492
2024-12-24,29.552658081054688
2024-12-26,29.273948669433594
2024-12-27,29.0336856842041
2024-12-30,28.831859588623047
2024-12-31,28.735754013061523
2025-01-02,28.11106300354004
2025-01-03,27.938074111938477
2025-01-06,27.24610710144043
2025-01-07,27.84196662902832
2025-01-08,27.390268325805664
2025-01-10,26.98661994934082
2025-01-13,27.09234046936035
2025-01-14,28.58198356628418
2025-01-15,30.51371955871582
2025-01-16,31.9168701171875
2025-01-17,32.09947204589844
2025-01-21,31.811155319213867
2025-01-22,31.811155319213867
2025-01-23,32.00336456298828
2025-01-24,32.04180908203125
2025-01-27,32.03219985961914
2025-01-28,31.90726089477539
2025-01-29,32.58000183105469
2025-01-30,32.599220275878906
2025-01-31,33.24313735961914
2025-02-03,33.15664291381836
2025-02-04,33.43534851074219
2025-02-05,34.84811019897461
2025-02-06,35.36708450317383
2025-02-07,35.42525100708008
2025-02-10,36.307491302490234
2025-02-11,36.22993469238281
2025-02-12,36.210540771484375
2025-02-13,36.278404235839844
2025-02-14,36.62742233276367
2025-02-18,36.792236328125
2025-02-19,36.81163024902344
2025-02-20,36.31718444824219
2025-02-21,36.18145751953125
2025-02-24,36.11359405517578
2025-02-25,36.094200134277344
2025-02-26,36.123287200927734
2025-02-27,36.511085510253906
2025-02-28,36.54016876220703
2025-03-03,36.64680862426758
2025-03-04,36.3753547668457
2025-03-05,36.307491302490234
2025-03-06,36.210540771484375
2025-03-07,35.90030288696289
2025-03-10,35.657928466796875
2025-03-11,35.11501693725586
2025-03-12,34.65934753417969
2025-03-13,34.40728759765625
2025-03-14,34.53331756591797
2025-03-17,34.804779052734375
2025-03-18,34.804779052734375
2025-03-19,35.09562683105469
2025-03-20,35.39616394042969
2025-03-21,34.63996887207031
2025-03-24,34.91141891479492
2025-03-25,34.436370849609375
2025-03-26,34.339420318603516
2025-03-27,34.38789749145508
2025-03-28,34.32003402709961
2025-03-31,34.36851119995117
2025-04-01,34.12613296508789
2025-04-02,34.44606399536133
2025-04-03,33.81589889526367
2025-04-04,32.82701110839844
2025-04-07,32.62342071533203
2025-04-08,32.33256912231445
2025-04-09,34.18429946899414
2025-04-10,33.340843200683594
2025-04-11,32.96274185180664
2025-04-14,33.50566101074219
2025-04-15,33.78681182861328
2025-04-16,34.38789749145508
2025-04-17,36.16206741333008
2025-04-21,37.422401428222656
2025-04-22,38.51792907714844
2025-04-23,38.61488342285156
2025-04-24,38.508235931396484
2025-04-25,38.13983154296875
2025-04-28,38.00410079956055
2025-04-29,37.72294616699219
2025-04-30,37.422401428222656
2025-05-01,37.45149230957031
2025-05-02,37.59817123413086
2025-05-05,37.70573425292969
2025-05-06,37.66661834716797
2025-05-07,37.68617630004883
2025-05-08,37.9501953125
2025-05-09,37.9501953125
2025-05-12,37.94041061401367
2025-05-13,37.86219024658203
2025-05-14,37.84263229370117
2025-05-15,38.27288055419922
2025-05-16,38.14575958251953
2025-05-19,38.135982513427734
2025-05-20,38.087093353271484
2025-05-21,38.067535400390625
2025-05-22,37.83285140991211
2025-05-23,37.695953369140625
2025-05-27,37.80351257324219
2025-05-28,37.744842529296875
2025-05-29,37.7546272277832
2025-05-30,37.549278259277344
2025-06-02,37.158138275146484
2025-06-03,36.95279312133789
2025-06-04,36.13140106201172
2025-06-05,35.642478942871094
2025-06-06,35.50558090209961
2025-06-09,35.48602294921875
2025-06-10,35.42734909057617
2025-06-11,35.30023193359375
2025-06-12,35.19266891479492
2025-06-13,34.61574172973633
2025-06-16,33.97036361694336
2025-06-17,33.54010772705078
2025-06-18,33.393436431884766
2025-06-20,33.83346176147461
2025-06-23,33.745452880859375
2025-06-24,33.813907623291016
2025-06-25,33.5694465637207
2025-06-26,33.8530158996582
2025-06-27,33.716121673583984
2025-06-30,33.86280059814453
2025-07-01,35.81848907470703
2025-07-02,35.94561004638672
2025-07-03,36.23896789550781
2025-07-07,36.1020622253418
2025-07-08,36.678993225097656
2025-07-09,37.040794372558594
2025-07-10,38.047977447509766
2025-07-11,37.764400482177734
2025-07-14,38.135982513427734
2025-07-15,37.53949737548828
2025-07-16,37.647064208984375
2025-07-17,38.253326416015625
2025-07-18,39.348514556884766
2025-07-21,39.44629669189453
2025-07-22,40.864173889160156
2025-07-23,41.978919982910156
2025-07-24,41.88113784790039
2025-07-25,41.63667297363281
2025-07-28,41.10863494873047
2025-07-29,40.34591293334961
2025-07-30,39.583194732666016
2025-07-31,39.30939865112305
2025-08-01,38.46148681640625
2025-08-04,38.451629638671875
2025-08-05,38.619239807128906
2025-08-06,38.37275695800781
2025-08-07,38.431915283203125
2025-08-08,39.72349548339844
2025-08-11,39.47700881958008
2025-08-12,42.217918395996094
2025-08-13,42.44468307495117
2025-08-14,42.148902893066406
2025-08-15,41.80382537841797
2025-08-18,41.557342529296875
2025-08-19,42.00101089477539
2025-08-20,42.12918472290039
2025-08-21,41.91227340698242
2025-08-22,43.716548919677734
2025-08-25,44.48558044433594
2025-08-26,45.895469665527344
2025-08-27,45.895469665527344
2025-08-28,46.00392532348633
2025-08-29,46.043365478515625
2025-09-02,45.90533447265625
2025-09-03,45.796878814697266
2025-09-04,46.358863830566406
2025-09-05,46.58563232421875
2025-09-08,46.98000717163086
2025-09-09,46.832115173339844
2025-09-10,46.763099670410156
2025-09-11,46.94056701660156
2025-09-12,46.713802337646484
2025-09-15,46.79267883300781
2025-09-16,46.77295684814453
2025-09-17,47.127899169921875
2025-09-18,48.084259033203125
2025-09-19,48.232147216796875
2025-09-22,48.14341735839844
2025-09-23,48.0941162109375
2025-09-24,47.72931671142578
2025-09-25,47.591285705566406
2025-09-26,47.1969108581543
2025-09-29,45.67856979370117
2025-09-30,45.353206634521484
2025-10-01,44.92925262451172
2025-10-02,44.39684295654297
2025-10-03,44.791221618652344
2025-10-06,44.791221618652344
2025-10-07,44.988407135009766
2025-10-08,44.93911361694336
2025-10-09,44.86023712158203
2025-10-10,43.98275375366211
2025-10-13,44.140499114990234
2025-10-14,44.958831787109375
2025-10-15,45.1658821105957
2025-10-16,43.10526657104492
2025-10-17,43.17428207397461
2025-10-20,43.72640609741211
2025-10-21,43.9235954284668
2025-10-22,45.1658821105957
2025-10-23,45.106719970703125
2025-10-24,45.757442474365234
2025-10-27,45.85603332519531
2025-10-28,45.895469665527344
2025-10-29,45.08700180053711
2025-10-30,44.74192428588867
2025-10-31,44.663047790527344
2025-11-03,44.77150344848633
2025-11-04,44.958831787109375
2025-11-05,45.59968948364258
2025-11-06,45.5898323059082
2025-11-07,45.73878860473633
2025-11-10,46.82118606567383
2025-11-11,48.320655822753906
2025-11-12,48.469608306884766
2025-11-13,48.469608306884766
2025-11-14,48.459678649902344
2025-11-17,47.6453971862793
2025-11-18,47.655330657958984
2025-11-19,48.241214752197266
2025-11-20,48.638423919677734
2025-11-21,50.654266357421875
2025-11-24,52.07429122924805
2025-11-25,52.68003845214844
2025-11-26,53.53404235839844
2025-11-28,53.1368293762207
2025-12-01,52.421852111816406
2025-12-02,52.06436538696289
2025-12-03,53.494319915771484
2025-12-04,53.603553771972656
2025-12-05,53.265926361083984
2025-12-08,52.97794723510742
2025-12-09,52.50129318237305
2025-12-10,53.71278762817383
2025-12-11,53.772369384765625
2025-12-12,54.934207916259766
2025-12-15,55.867652893066406
2025-12-16,55.57967758178711
2025-12-17,55.72863006591797
2025-12-18,56.12583923339844
2025-12-19,54.62636947631836
2025-12-22,53.25599670410156
2025-12-23,51.93526840209961
2025-12-24,51.27987289428711
2025-12-26,50.67412567138672
2025-12-29,49.84991455078125
2025-12-30,50.147823333740234
2025-12-31,49.84991455078125
2026-01-02,48.58877182006836
2026-01-05,49.79033279418945
2026-01-06,48.896610260009766
2026-01-07,49.69103240966797
2026-01-08,52.938228607177734
2026-01-09,51.17063903808594
2026-01-12,50.03858947753906
2026-01-13,50.803218841552734
2026-01-14,51.051475524902344
2026-01-15,53.58369445800781
2026-01-16,52.77934265136719
2026-01-20,50.376216888427734
2026-01-21,51.895545959472656
2026-01-22,52.04450225830078
2026-01-23,47.476585388183594
2026-01-26,48.0723991394043
2026-01-27,48.02274703979492
2026-01-28,49.01577377319336
2026-01-29,50.33649826049805
2026-01-30,50.654266357421875
2026-02-02,51.230220794677734
2026-02-03,49.86977767944336
2026-02-04,47.93337631225586
2026-02-05,46.98999786376953
2026-02-06,48.060001373291016
2026-02-09,48.36000061035156
2026-02-10,49.619998931884766
2026-02-11,48.540000915527344
2026-02-12,49.61000061035156
2026-02-13,49.119998931884766
2026-02-17,49.959999084472656
2026-02-18,50.65999984741211
2026-02-19,51.060001373291016
2026-02-20,51.58000183105469
2026-02-23,51.25
2026-02-24,51.790000915527344
2026-02-25,52.33000183105469
2026-02-26,51.790000915527344
2026-02-27,51.47999954223633
2026-03-02,52.959999084472656
2026-03-03,52.61000061035156
2026-03-04,52.40999984741211
2026-03-05,51.11000061035156
2026-03-06,50.06999969482422
2026-03-09,48.86000061035156
2026-03-10,49.869998931884766
2026-03-11,49.400001525878906
2026-03-12,49.380001068115234
2026-03-13,49.06999969482422
2026-03-16,49.790000915527344
2026-03-17,48.88999938964844
2026-03-18,47.91999816894531
2026-03-19,49.08000183105469
2026-03-20,48.470001220703125
2026-03-23,50.150001525878906
2026-03-24,50.11000061035156
2026-03-25,50.13999938964844
2026-03-26,50.560001373291016
2026-03-27,50.27000045776367
2026-03-30,51.56999969482422
2026-03-31,51.08000183105469
2026-04-01,50.38999938964844
2026-04-02,51.66999816894531
2026-04-06,53.040000915527344
2026-04-07,53.689998626708984
