Date,Close
2004-12-15,29.495162963867188
2004-12-16,31.110557556152344
2004-12-17,33.5748291015625
2004-12-20,30.787485122680664
2004-12-21,30.014625549316406
2004-12-22,30.730457305908203
2004-12-23,30.7241268157959
2004-12-27,30.1856689453125
2004-12-28,30.470741271972656
2004-12-29,30.337703704833984
2004-12-30,30.312362670898438
2004-12-31,30.407407760620117
2005-01-03,30.730457305908203
2005-01-04,31.332279205322266
2005-01-05,30.94585418701172
2005-01-06,30.40105628967285
2005-01-07,28.8553524017334
2005-01-10,28.58928108215332
2005-01-11,28.329559326171875
2005-01-12,27.303295135498047
2005-01-13,26.9232120513916
2005-01-14,27.493343353271484
2005-01-18,28.639951705932617
2005-01-19,28.095155715942383
2005-01-20,27.72139549255371
2005-01-21,27.27162742614746
2005-01-24,26.638145446777344
2005-01-25,26.669809341430664
2005-01-26,26.644481658935547
2005-01-27,26.638145446777344
2005-01-28,26.733165740966797
2005-01-31,27.493343353271484
2005-02-01,27.391996383666992
2005-02-02,28.60196304321289
2005-02-03,28.982040405273438
2005-02-04,30.166662216186523
2005-02-07,31.00920295715332
2005-02-08,29.780235290527344
2005-02-09,29.970272064208984
2005-02-10,30.12232780456543
2005-02-11,29.805570602416992
2005-02-14,30.413726806640625
2005-02-15,32.17482376098633
2005-02-16,31.496992111206055
2005-02-17,31.769380569458008
2005-02-18,31.072546005249023
2005-02-22,30.166662216186523
2005-02-23,30.027294158935547
2005-02-24,29.970272064208984
2005-02-25,30.7241268157959
2005-02-28,30.34404754638672
2005-03-01,31.687028884887695
2005-03-02,31.661699295043945
2005-03-03,31.484323501586914
2005-03-04,30.61644172668457
2005-03-07,31.54766273498535
2005-03-08,29.995622634887695
2005-03-09,28.570276260375977
2005-03-10,28.969375610351562
2005-03-11,29.13408088684082
2005-03-14,30.071626663208008
2005-03-15,31.294273376464844
2005-03-16,30.603769302368164
2005-03-17,30.730457305908203
2005-03-18,30.876184463500977
2005-03-21,30.603769302368164
2005-03-22,29.450828552246094
2005-03-23,28.988378524780273
2005-03-24,29.14041519165039
2005-03-28,29.127758026123047
2005-03-29,27.87343978881836
2005-03-30,28.893354415893555
2005-03-31,28.50693702697754
2005-04-01,28.038143157958984
2005-04-04,27.151268005371094
2005-04-05,26.676143646240234
2005-04-06,27.746746063232422
2005-04-07,27.968463897705078
2005-04-08,27.512346267700195
2005-04-11,27.56303596496582
2005-04-12,27.841764450073242
2005-04-13,27.87343978881836
2005-04-14,27.429988861083984
2005-04-15,25.877954483032227
2005-04-18,25.244470596313477
2005-04-19,25.21278190612793
2005-04-20,23.990163803100586
2005-04-21,23.67975425720215
2005-04-22,23.439035415649414
2005-04-25,23.60373306274414
2005-04-26,24.547636032104492
2005-04-27,24.357582092285156
2005-04-28,24.07251739501953
2005-04-29,23.72410011291504
2005-05-02,24.262563705444336
2005-05-03,22.8688907623291
2005-05-04,22.887889862060547
2005-05-05,22.514141082763672
2005-05-06,22.805538177490234
2005-05-09,23.027263641357422
2005-05-10,22.659839630126953
2005-05-11,22.748523712158203
2005-05-12,22.23539924621582
2005-05-13,21.348527908325195
2005-05-16,21.506895065307617
2005-05-17,22.184728622436523
2005-05-18,23.122289657592773
2005-05-19,23.565731048583984
2005-05-20,23.51504898071289
2005-05-23,23.565731048583984
2005-05-24,23.286989212036133
2005-05-25,22.564823150634766
2005-05-26,23.261655807495117
2005-05-27,23.559391021728516
2005-05-31,22.970237731933594
2005-06-01,23.68609619140625
2005-06-02,24.579313278198242
2005-06-03,24.706003189086914
2005-06-06,24.199216842651367
2005-06-07,23.755773544311523
2005-06-08,23.363014221191406
2005-06-09,23.407352447509766
2005-06-10,23.553064346313477
2005-06-13,23.755773544311523
2005-06-14,24.775684356689453
2005-06-15,24.38926124572754
2005-06-16,24.579313278198242
2005-06-17,25.307811737060547
2005-06-20,25.022748947143555
2005-06-21,24.579313278198242
2005-06-22,24.826356887817383
2005-06-23,23.755773544311523
2005-06-24,23.882471084594727
2005-06-27,23.401016235351562
2005-06-28,23.69242286682129
2005-06-29,23.16029930114746
2005-06-30,22.647167205810547
2005-07-01,22.963911056518555
2005-07-05,23.217315673828125
2005-07-06,23.141292572021484
2005-07-07,23.210973739624023
2005-07-08,23.888805389404297
2005-07-11,23.97749137878418
2005-07-12,24.11052703857422
2005-07-13,24.009164810180664
2005-07-14,23.705095291137695
2005-07-15,24.015506744384766
2005-07-18,24.009164810180664
2005-07-19,24.62998390197754
2005-07-20,24.706003189086914
2005-07-21,25.53587532043457
2005-07-22,25.529537200927734
2005-07-25,24.706003189086914
2005-07-26,24.06618309020996
2005-07-27,24.363927841186523
2005-07-28,25.08609962463379
2005-07-29,25.47885513305664
2005-08-01,25.51053810119629
2005-08-02,25.605552673339844
2005-08-03,24.148534774780273
2005-08-04,23.819128036499023
2005-08-05,24.034500122070312
2005-08-08,23.622737884521484
2005-08-09,23.97749137878418
2005-08-10,23.971158981323242
2005-08-11,24.002840042114258
2005-08-12,23.945817947387695
2005-08-15,24.015506744384766
2005-08-16,23.578401565551758
2005-08-17,23.945817947387695
2005-08-18,23.9014892578125
2005-08-19,23.44536781311035
2005-08-22,22.957584381103516
2005-08-23,22.583826065063477
2005-08-24,22.317760467529297
2005-08-25,22.754863739013672
2005-08-26,22.723190307617188
2005-08-29,22.963911056518555
2005-08-30,22.621828079223633
2005-08-31,22.355764389038086
2005-09-01,22.602821350097656
2005-09-02,22.640832901000977
2005-09-06,22.856225967407227
2005-09-07,24.38292694091797
2005-09-08,24.357582092285156
2005-09-09,24.02184295654297
2005-09-12,23.439035415649414
2005-09-13,22.811872482299805
2005-09-14,22.362096786499023
2005-09-15,22.10236930847168
2005-09-16,22.165719985961914
2005-09-19,21.323179244995117
2005-09-20,21.430875778198242
2005-09-21,20.258930206298828
2005-09-22,20.461637496948242
2005-09-23,20.5123233795166
2005-09-26,20.068878173828125
2005-09-27,20.04987335205078
2005-09-28,20.664356231689453
2005-09-29,20.974767684936523
2005-09-30,20.84807014465332
2005-10-03,20.955759048461914
2005-10-04,21.2344913482666
2005-10-05,20.886072158813477
2005-10-06,20.16390609741211
2005-10-07,20.620010375976562
2005-10-10,19.8408203125
2005-10-11,19.62543487548828
2005-10-12,19.061630249023438
2005-10-13,18.92226791381836
2005-10-14,19.872499465942383
2005-10-17,19.62543487548828
2005-10-18,18.808244705200195
2005-10-19,19.954851150512695
2005-10-20,19.954851150512695
2005-10-21,20.49331283569336
2005-10-24,21.791961669921875
2005-10-25,21.38652992248535
2005-10-26,20.620010375976562
2005-10-27,20.20824432373047
2005-10-28,20.974767684936523
2005-10-31,21.728612899780273
2005-11-01,21.46888542175293
2005-11-02,22.01367950439453
2005-11-03,23.071603775024414
2005-11-04,23.857133865356445
2005-11-07,24.496938705444336
2005-11-08,23.895139694213867
2005-11-09,24.148534774780273
2005-11-10,25.713245391845703
2005-11-11,25.839937210083008
2005-11-14,26.220035552978516
2005-11-15,25.42817497253418
2005-11-16,25.269805908203125
2005-11-17,26.34039878845215
2005-11-18,26.536779403686523
2005-11-21,28.17750358581543
2005-11-22,28.52593231201172
2005-11-23,29.032733917236328
2005-11-25,28.766666412353516
2005-11-28,28.28520393371582
2005-11-29,27.113248825073242
2005-11-30,26.422761917114258
2005-12-01,26.289718627929688
2005-12-02,25.871625900268555
2005-12-05,25.383834838867188
2005-12-06,25.624561309814453
2005-12-07,25.91596031188965
2005-12-08,26.09967041015625
2005-12-09,25.4725284576416
2005-12-12,25.839937210083008
2005-12-13,25.111431121826172
2005-12-14,25.060762405395508
2005-12-15,24.61731719970703
2005-12-16,24.534963607788086
2005-12-19,24.370258331298828
2005-12-20,24.78201675415039
2005-12-21,25.5231990814209
2005-12-22,25.871625900268555
2005-12-23,25.713245391845703
2005-12-27,25.47885513305664
2005-12-28,25.13044548034668
2005-12-29,25.18745994567871
2005-12-30,25.003747940063477
2006-01-03,24.50328826904297
2006-01-04,25.396499633789062
2006-01-05,25.67523193359375
2006-01-06,26.35941505432129
2006-01-09,27.113248825073242
2006-01-10,27.22728729248047
2006-01-11,29.976619720458984
2006-01-12,29.615530014038086
2006-01-13,30.629114151000977
2006-01-17,30.12232780456543
2006-01-18,30.293352127075195
2006-01-19,30.26801872253418
2006-01-20,31.458986282348633
2006-01-23,29.476163864135742
2006-01-24,30.236345291137695
2006-01-25,29.932270050048828
2006-01-26,30.2490177154541
2006-01-27,30.74947738647461
2006-01-30,31.61735725402832
2006-01-31,32.52957534790039
2006-02-01,31.82639503479004
2006-02-02,31.763051986694336
2006-02-03,31.142236709594727
2006-02-06,30.679798126220703
2006-02-07,29.58385467529297
2006-02-08,29.704219818115234
2006-02-09,30.014625549316406
2006-02-10,30.223674774169922
2006-02-13,31.832735061645508
2006-02-14,31.9340877532959
2006-02-15,32.954010009765625
2006-02-16,34.024600982666016
2006-02-17,33.63184356689453
2006-02-21,33.828216552734375
2006-02-22,34.75945281982422
2006-02-23,35.26622772216797
2006-02-24,35.10786056518555
2006-02-27,34.442710876464844
2006-02-28,33.796539306640625
2006-03-01,34.26530838012695
2006-03-02,33.72052001953125
2006-03-03,33.859886169433594
2006-03-06,35.874393463134766
2006-03-07,35.30425262451172
2006-03-08,34.5377197265625
2006-03-09,33.828216552734375
2006-03-10,33.302425384521484
2006-03-13,32.466224670410156
2006-03-14,31.65535545349121
2006-03-15,32.49789810180664
2006-03-16,32.225494384765625
2006-03-17,31.991113662719727
2006-03-20,31.67437171936035
2006-03-21,31.67437171936035
2006-03-22,32.453548431396484
2006-03-23,33.13139343261719
2006-03-24,33.21372604370117
2006-03-27,34.1766357421875
2006-03-28,34.51238250732422
2006-03-29,35.05085372924805
2006-03-30,35.93140411376953
2006-03-31,35.893402099609375
2006-04-03,34.841800689697266
2006-04-04,37.24906539916992
2006-04-05,38.45900344848633
2006-04-06,38.851768493652344
2006-04-07,38.90245056152344
2006-04-10,38.07258987426758
2006-04-11,37.93320846557617
2006-04-12,39.757659912109375
2006-04-13,40.606529235839844
2006-04-17,41.77214431762695
2006-04-18,40.517860412597656
2006-04-19,40.63186264038086
2006-04-20,40.492523193359375
2006-04-21,40.5241813659668
2006-04-24,40.739559173583984
2006-04-25,40.3974723815918
2006-04-26,39.181182861328125
2006-04-27,40.94862747192383
2006-04-28,41.056304931640625
2006-05-01,40.714229583740234
2006-05-02,40.87260437011719
2006-05-03,41.5567626953125
2006-05-04,42.01287841796875
2006-05-05,45.18030548095703
2006-05-08,44.926910400390625
2006-05-09,44.67350387573242
2006-05-10,45.13597106933594
2006-05-11,45.04094696044922
2006-05-12,43.153160095214844
2006-05-15,43.72329330444336
2006-05-16,44.12239456176758
2006-05-17,43.19116973876953
2006-05-18,42.25993347167969
2006-05-19,43.96400451660156
2006-05-22,41.03730773925781
2006-05-23,41.22101974487305
2006-05-24,38.07258987426758
2006-05-25,40.334136962890625
2006-05-26,44.10972213745117
2006-05-30,42.703372955322266
2006-05-31,44.73053741455078
2006-06-01,44.94591522216797
2006-06-02,44.72419357299805
2006-06-05,43.868988037109375
2006-06-06,42.20927047729492
2006-06-07,43.07713317871094
2006-06-08,41.734130859375
2006-06-09,41.493412017822266
2006-06-12,39.973052978515625
2006-06-13,39.307884216308594
2006-06-14,40.08073425292969
2006-06-15,43.10880661010742
2006-06-16,42.79206466674805
2006-06-19,42.14590835571289
2006-06-20,42.56401062011719
2006-06-21,43.16582489013672
2006-06-22,42.44365310668945
2006-06-23,42.361297607421875
2006-06-26,41.75948715209961
2006-06-27,41.962196350097656
2006-06-28,43.77396011352539
2006-06-29,46.903411865234375
2006-06-30,49.32332229614258
2006-07-03,48.87354278564453
2006-07-05,47.55589294433594
2006-07-06,48.4490966796875
2006-07-07,46.757686614990234
2006-07-10,46.87807083129883
2006-07-11,47.32784652709961
2006-07-12,46.440956115722656
2006-07-13,44.388450622558594
2006-07-14,42.81106948852539
2006-07-17,43.792972564697266
2006-07-18,42.513328552246094
2006-07-19,44.0907096862793
2006-07-20,43.69795227050781
2006-07-21,41.12599182128906
2006-07-24,43.197509765625
2006-07-25,43.932342529296875
2006-07-26,39.92870330810547
2006-07-27,37.6354866027832
2006-07-28,39.763999938964844
2006-07-31,39.295223236083984
2006-08-01,38.908782958984375
2006-08-02,41.35404586791992
2006-08-03,38.52236557006836
2006-08-04,39.276214599609375
2006-08-07,38.55402755737305
2006-08-08,38.7694206237793
2006-08-09,38.32597732543945
2006-08-10,38.35765075683594
2006-08-11,38.2182731628418
2006-08-14,38.48435974121094
2006-08-15,40.5241813659668
2006-08-16,41.347721099853516
2006-08-17,42.43098068237305
2006-08-18,43.00746154785156
2006-08-21,42.27895736694336
2006-08-22,41.96853256225586
2006-08-23,41.708797454833984
2006-08-24,42.874420166015625
2006-08-25,41.981204986572266
2006-08-28,43.90068435668945
2006-08-29,44.31877517700195
2006-08-30,44.33143997192383
2006-08-31,44.2237434387207
2006-09-01,43.678955078125
2006-09-05,43.29884338378906
2006-09-06,43.140480041503906
2006-09-07,43.013790130615234
2006-09-08,43.87533187866211
2006-09-11,43.8563232421875
2006-09-12,45.699764251708984
2006-09-13,43.59025955200195
2006-09-14,43.355865478515625
2006-09-15,42.89341354370117
2006-09-18,42.348628997802734
2006-09-19,41.56310272216797
2006-09-20,41.34138107299805
2006-09-21,42.06989669799805
2006-09-22,41.347721099853516
2006-09-25,41.62644577026367
2006-09-26,43.013790130615234
2006-09-27,42.1712532043457
2006-09-28,43.28618621826172
2006-09-29,43.29884338378906
2006-10-02,42.931427001953125
2006-10-03,42.98844528198242
2006-10-04,44.69253921508789
2006-10-05,45.7947883605957
2006-10-06,45.3640251159668
2006-10-09,45.731449127197266
2006-10-10,46.637332916259766
2006-10-11,46.08621597290039
2006-10-12,47.182132720947266
2006-10-13,47.92331314086914
2006-10-16,48.52512741088867
2006-10-17,49.23463439941406
2006-10-18,49.095272064208984
2006-10-19,48.55680847167969
2006-10-20,48.461761474609375
2006-10-23,49.0572509765625
2006-10-24,48.73417663574219
2006-10-25,47.346832275390625
2006-10-26,48.37309646606445
2006-10-27,47.536888122558594
2006-10-30,47.13779830932617
2006-10-31,48.27173614501953
2006-11-01,48.3477668762207
2006-11-02,45.883480072021484
2006-11-03,46.054527282714844
2006-11-06,46.83371353149414
2006-11-07,46.846405029296875
2006-11-08,50.49527359008789
2006-11-09,52.53510665893555
2006-11-10,55.26542282104492
2006-11-13,55.639183044433594
2006-11-14,58.28083038330078
2006-11-15,56.41838455200195
2006-11-16,57.68535614013672
2006-11-17,57.42560577392578
2006-11-20,56.950504302978516
2006-11-21,58.090789794921875
2006-11-22,57.80574035644531
2006-11-24,58.489898681640625
2006-11-27,58.990325927734375
2006-11-28,57.856380462646484
2006-11-29,58.9206428527832
2006-11-30,58.002098083496094
2006-12-01,57.457313537597656
2006-12-04,61.4482536315918
2006-12-05,60.814815521240234
2006-12-06,60.662742614746094
2006-12-07,60.27631759643555
2006-12-08,59.851871490478516
2006-12-11,59.864540100097656
2006-12-12,59.256404876708984
2006-12-13,58.002098083496094
2006-12-14,58.53421401977539
2006-12-15,57.15956115722656
2006-12-18,57.68535614013672
2006-12-19,57.79937744140625
2006-12-20,57.7170295715332
2006-12-21,57.672672271728516
2006-12-22,56.15865707397461
2006-12-26,56.399356842041016
2006-12-27,56.61476135253906
2006-12-28,57.311607360839844
2006-12-29,56.684444427490234
2007-01-03,58.28083038330078
2007-01-04,58.35050964355469
2007-01-05,57.60932922363281
2007-01-08,58.96500015258789
2007-01-09,58.52155685424805
2007-01-10,65.12882995605469
2007-01-11,66.09173583984375
2007-01-12,65.71796417236328
2007-01-16,68.79037475585938
2007-01-17,67.2700424194336
2007-01-18,63.8808479309082
2007-01-19,66.19307708740234
2007-01-22,65.80032348632812
2007-01-23,66.42115020751953
2007-01-24,68.68267059326172
2007-01-25,66.52882385253906
2007-01-26,66.38311767578125
2007-01-29,65.6482925415039
2007-01-30,65.05915069580078
2007-01-31,65.92703247070312
2007-02-01,66.9532699584961
2007-02-02,65.4075698852539
2007-02-05,65.939697265625
2007-02-06,63.77950668334961
2007-02-07,63.076351165771484
2007-02-08,63.2853889465332
2007-02-09,59.497127532958984
2007-02-12,57.742366790771484
2007-02-13,58.306156158447266
2007-02-14,58.75593948364258
2007-02-15,58.198490142822266
2007-02-16,58.24916458129883
2007-02-20,59.053672790527344
2007-02-21,58.23646926879883
2007-02-22,58.293495178222656
2007-02-23,58.17314910888672
2007-02-26,56.000267028808594
2007-02-27,53.1115608215332
2007-02-28,54.69529342651367
2007-03-01,55.68986892700195
2007-03-02,53.472652435302734
2007-03-05,51.32514572143555
2007-03-06,54.372222900390625
2007-03-07,53.30161666870117
2007-03-08,55.15775680541992
2007-03-09,54.91700744628906
2007-03-12,53.8464241027832
2007-03-13,52.56678009033203
2007-03-14,53.998470306396484
2007-03-15,54.828346252441406
2007-03-16,54.885345458984375
2007-03-19,55.550506591796875
2007-03-20,56.65911865234375
2007-03-21,58.05279541015625
2007-03-22,57.80574035644531
2007-03-23,57.7740478515625
2007-03-26,57.824710845947266
2007-03-27,55.829219818115234
2007-03-28,55.34779357910156
2007-03-29,55.11970901489258
2007-03-30,54.866329193115234
2007-04-02,54.85364532470703
2007-04-03,56.53875732421875
2007-04-04,56.46271514892578
2007-04-05,56.31703186035156
2007-04-09,56.114295959472656
2007-04-10,55.46181106567383
2007-04-11,54.701629638671875
2007-04-12,54.70795440673828
2007-04-13,55.9432487487793
2007-04-16,55.98760223388672
2007-04-17,55.66451644897461
2007-04-18,57.40028381347656
2007-04-19,57.21023178100586
2007-04-20,56.950504302978516
2007-04-23,57.48262405395508
2007-04-24,56.88715362548828
2007-04-25,57.146907806396484
2007-04-26,57.40028381347656
2007-04-27,56.323368072509766
2007-04-30,53.96678924560547
2007-05-01,54.23917770385742
2007-05-02,56.08898162841797
2007-05-03,53.295284271240234
2007-05-04,51.82560348510742
2007-05-07,50.83102035522461
2007-05-08,50.127845764160156
2007-05-09,49.861785888671875
2007-05-10,48.90522003173828
2007-05-11,50.368568420410156
2007-05-14,49.57671356201172
2007-05-15,49.39299392700195
2007-05-16,49.000221252441406
2007-05-17,49.145938873291016
2007-05-18,48.588462829589844
2007-05-21,48.08802795410156
2007-05-22,50.79935836791992
2007-05-23,50.742340087890625
2007-05-24,49.27897644042969
2007-05-25,48.512451171875
2007-05-29,48.54413986206055
2007-05-30,48.72150802612305
2007-05-31,49.424686431884766
2007-06-01,50.86902618408203
2007-06-04,51.20478439331055
2007-06-05,51.692569732666016
2007-06-06,51.04006576538086
2007-06-07,49.735076904296875
2007-06-08,50.590293884277344
2007-06-11,50.95771026611328
2007-06-12,49.652713775634766
2007-06-13,49.082584381103516
2007-06-14,48.512451171875
2007-06-15,48.639156341552734
2007-06-18,48.005680084228516
2007-06-19,48.645477294921875
2007-06-20,48.18302917480469
2007-06-21,47.733253479003906
2007-06-22,47.41653060913086
2007-06-25,47.334171295166016
2007-06-26,46.26356506347656
2007-06-27,46.13687515258789
2007-06-28,47.1948127746582
2007-06-29,48.392093658447266
2007-07-02,48.7595100402832
2007-07-03,48.55046463012695
2007-07-05,49.79209899902344
2007-07-06,50.9957389831543
2007-07-09,50.85001754760742
2007-07-10,49.095272064208984
2007-07-11,50.04549789428711
2007-07-12,50.53961181640625
2007-07-13,51.44550323486328
2007-07-16,51.50252151489258
2007-07-17,52.35771560668945
2007-07-18,52.9341926574707
2007-07-19,53.288963317871094
2007-07-20,53.0609016418457
2007-07-23,52.44007110595703
2007-07-24,52.212032318115234
2007-07-25,53.91608810424805
2007-07-26,52.48442459106445
2007-07-27,53.092567443847656
2007-07-30,54.68897247314453
2007-07-31,55.271759033203125
2007-08-01,54.277183532714844
2007-08-02,58.477210998535156
2007-08-03,59.39575958251953
2007-08-06,62.72791290283203
2007-08-07,64.81206512451172
2007-08-08,67.33967590332031
2007-08-09,68.51163482666016
2007-08-10,63.646461486816406
2007-08-13,61.41658020019531
2007-08-14,60.11793899536133
2007-08-15,58.71160125732422
2007-08-16,58.483551025390625
2007-08-17,59.73783493041992
2007-08-20,60.16230010986328
2007-08-21,62.01206970214844
2007-08-22,62.94965744018555
2007-08-23,63.29804611206055
2007-08-24,64.47000885009766
2007-08-27,61.948734283447266
2007-08-28,61.834712982177734
2007-08-29,64.115234375
2007-08-30,64.21028137207031
2007-08-31,63.158695220947266
2007-09-04,64.81842803955078
2007-09-05,64.38131713867188
2007-09-06,65.23652648925781
2007-09-07,63.405723571777344
2007-09-10,63.97588348388672
2007-09-11,68.955078125
2007-09-12,73.98497772216797
2007-09-13,75.62572479248047
2007-09-14,76.4555892944336
2007-09-17,79.5660171508789
2007-09-18,83.39859008789062
2007-09-19,81.0483627319336
2007-09-20,83.15789031982422
2007-09-21,82.13162231445312
2007-09-24,88.27013397216797
2007-09-25,88.5045166015625
2007-09-26,86.11624908447266
2007-09-27,86.78777313232422
2007-09-28,84.51986694335938
2007-10-01,87.57965087890625
2007-10-02,91.57691955566406
2007-10-03,80.78863525390625
2007-10-04,81.33342742919922
2007-10-05,81.75151824951172
2007-10-08,83.62034606933594
2007-10-09,85.48910522460938
2007-10-10,87.2818603515625
2007-10-11,88.42850494384766
2007-10-12,87.57965087890625
2007-10-15,85.04568481445312
2007-10-16,83.74067687988281
2007-10-17,85.21669006347656
2007-10-18,82.97416687011719
2007-10-19,79.89542388916016
2007-10-22,81.80223083496094
2007-10-23,84.81127166748047
2007-10-24,84.66555786132812
2007-10-25,85.3434066772461
2007-10-26,88.01036071777344
2007-10-29,91.31717681884766
2007-10-30,87.44023895263672
2007-10-31,84.30449676513672
2007-11-01,79.37596893310547
2007-11-02,73.97234344482422
2007-11-05,71.43836975097656
2007-11-06,70.8302230834961
2007-11-07,68.97409057617188
2007-11-08,70.69717407226562
2007-11-09,73.427490234375
2007-11-12,71.62208557128906
2007-11-13,74.84651184082031
2007-11-14,72.04019165039062
2007-11-15,72.56597900390625
2007-11-16,75.23297882080078
2007-11-19,69.9939956665039
2007-11-20,72.20487976074219
2007-11-21,69.96865844726562
2007-11-23,70.50712585449219
2007-11-26,67.76412963867188
2007-11-27,67.52973175048828
2007-11-28,72.79402923583984
2007-11-29,71.55237579345703
2007-11-30,71.83745574951172
2007-12-03,70.01300811767578
2007-12-04,69.22750091552734
2007-12-05,71.76776123046875
2007-12-06,74.44741821289062
2007-12-07,75.3089599609375
2007-12-10,76.33523559570312
2007-12-11,73.27548217773438
2007-12-12,74.76415252685547
2007-12-13,75.2076187133789
2007-12-14,74.56144714355469
2007-12-17,73.09809112548828
2007-12-18,70.68450927734375
2007-12-19,70.58314514160156
2007-12-20,67.9224853515625
2007-12-21,68.4166259765625
2007-12-24,67.7704849243164
2007-12-26,68.36593627929688
2007-12-27,67.13064575195312
2007-12-28,67.24466705322266
2007-12-31,65.28087615966797
2008-01-02,63.55143356323242
2008-01-03,60.415687561035156
2008-01-04,56.171321868896484
2008-01-07,54.346866607666016
2008-01-08,52.45275115966797
2008-01-09,55.0373649597168
2008-01-10,54.32786560058594
2008-01-11,53.371307373046875
2008-01-14,52.20570373535156
2008-01-15,49.975807189941406
2008-01-16,49.72241973876953
2008-01-17,47.16944885253906
2008-01-18,47.89163589477539
2008-01-22,50.32423400878906
2008-01-23,54.353187561035156
2008-01-24,53.06722640991211
2008-01-25,51.489845275878906
2008-01-28,52.85184860229492
2008-01-29,55.25908660888672
2008-01-30,53.1115608215332
2008-01-31,55.588497161865234
2008-02-01,55.651859283447266
2008-02-04,51.5975341796875
2008-02-05,56.31703186035156
2008-02-06,54.606590270996094
2008-02-07,57.184898376464844
2008-02-08,56.28535079956055
2008-02-11,58.502559661865234
2008-02-12,57.926090240478516
2008-02-13,57.653682708740234
2008-02-14,57.73603820800781
2008-02-15,56.32969665527344
2008-02-19,55.582176208496094
2008-02-20,55.33510208129883
2008-02-21,54.32786560058594
2008-02-22,55.73421859741211
2008-02-25,56.60207748413086
2008-02-26,56.05726623535156
2008-02-27,55.271759033203125
2008-02-28,52.29438400268555
2008-02-29,52.769500732421875
2008-03-03,51.33148193359375
2008-03-04,50.41291809082031
2008-03-05,51.369476318359375
2008-03-06,49.63372802734375
2008-03-07,50.07083511352539
2008-03-10,49.83644485473633
2008-03-11,50.80567932128906
2008-03-12,49.82376480102539
2008-03-13,49.240962982177734
2008-03-14,47.39752197265625
2008-03-17,45.516056060791016
2008-03-18,47.41019058227539
2008-03-19,46.02285385131836
2008-03-20,48.75318145751953
2008-03-24,52.516082763671875
2008-03-25,52.47176742553711
2008-03-26,50.26089096069336
2008-03-27,48.22105407714844
2008-03-28,46.61833572387695
2008-03-31,46.65000915527344
2008-04-01,49.17127990722656
2008-04-02,49.735076904296875
2008-04-03,50.742340087890625
2008-04-04,50.07083511352539
2008-04-07,51.179439544677734
2008-04-08,51.62921905517578
2008-04-09,50.767669677734375
2008-04-10,50.5142822265625
2008-04-11,48.493473052978516
2008-04-14,46.8907356262207
2008-04-15,43.729637145996094
2008-04-16,43.81830978393555
2008-04-17,42.506996154785156
2008-04-18,42.931427001953125
2008-04-21,41.195682525634766
2008-04-22,44.97126770019531
2008-04-23,44.0907096862793
2008-04-24,44.62285614013672
2008-04-25,44.52782440185547
2008-04-28,45.47172164916992
2008-04-29,46.7703742980957
2008-04-30,48.28440856933594
2008-05-01,45.56673812866211
2008-05-02,46.174896240234375
2008-05-05,46.24457931518555
2008-05-06,47.25814437866211
2008-05-07,45.72511672973633
2008-05-08,45.389366149902344
2008-05-09,45.4400520324707
2008-05-12,44.95224380493164
2008-05-13,44.32510757446289
2008-05-14,45.61107635498047
2008-05-15,48.15137481689453
2008-05-16,48.20204544067383
2008-05-19,46.092525482177734
2008-05-20,44.65452575683594
2008-05-21,42.89976119995117
2008-05-22,42.982112884521484
2008-05-23,42.47532272338867
2008-05-27,41.94953536987305
2008-05-28,42.316951751708984
2008-05-29,42.76038360595703
2008-05-30,43.98936080932617
2008-06-02,42.785736083984375
2008-06-03,40.612892150878906
2008-06-04,40.00473403930664
2008-06-05,40.612892150878906
2008-06-06,39.05449295043945
2008-06-09,37.95220947265625
2008-06-10,35.82371139526367
2008-06-11,34.062618255615234
2008-06-12,34.32867431640625
2008-06-13,35.37394332885742
2008-06-16,37.730499267578125
2008-06-17,37.45809555053711
2008-06-18,36.16579818725586
2008-06-19,36.42552947998047
2008-06-20,34.81646728515625
2008-06-23,34.601078033447266
2008-06-24,33.71419143676758
2008-06-25,33.81555938720703
2008-06-26,31.794729232788086
2008-06-27,29.837249755859375
2008-06-30,30.052635192871094
2008-07-01,28.424575805664062
2008-07-02,26.88520622253418
2008-07-03,25.003747940063477
2008-07-07,24.89604949951172
2008-07-08,25.45351791381836
2008-07-09,24.154869079589844
2008-07-10,21.544897079467773
2008-07-11,21.595584869384766
2008-07-14,21.253498077392578
2008-07-15,21.025442123413086
2008-07-16,22.305091857910156
2008-07-17,23.907817840576172
2008-07-18,24.43993377685547
2008-07-21,26.733165740966797
2008-07-22,31.04087257385254
2008-07-23,33.01735305786133
2008-07-24,28.92502784729004
2008-07-25,27.79742431640625
2008-07-28,26.657142639160156
2008-07-29,27.892444610595703
2008-07-30,30.293352127075195
2008-07-31,28.836336135864258
2008-08-01,28.74131202697754
2008-08-04,28.171173095703125
2008-08-05,29.913267135620117
2008-08-06,31.54766273498535
2008-08-07,30.787485122680664
2008-08-08,32.27616882324219
2008-08-11,33.992919921875
2008-08-12,35.08885192871094
2008-08-13,32.54222869873047
2008-08-14,36.02642059326172
2008-08-15,35.66532516479492
2008-08-18,32.26350021362305
2008-08-19,28.84267807006836
2008-08-20,26.479768753051758
2008-08-21,25.985654830932617
2008-08-22,25.54854965209961
2008-08-25,25.903291702270508
2008-08-26,25.415510177612305
2008-08-27,26.96121597290039
2008-08-28,29.045394897460938
2008-08-29,30.033628463745117
2008-09-02,29.66621208190918
2008-09-03,28.532272338867188
2008-09-04,26.669809341430664
2008-09-05,26.999235153198242
2008-09-08,27.347646713256836
2008-09-09,26.175695419311523
2008-09-10,23.337669372558594
2008-09-11,23.51504898071289
2008-09-12,23.888805389404297
2008-09-15,22.3811092376709
2008-09-16,22.887889862060547
2008-09-17,20.16390609741211
2008-09-18,23.36934471130371
2008-09-19,27.746746063232422
2008-09-22,22.83721923828125
2008-09-23,21.057119369506836
2008-09-24,21.095129013061523
2008-09-25,22.267087936401367
2008-09-26,24.230880737304688
2008-09-29,20.968433380126953
2008-09-30,22.875228881835938
2008-10-01,19.8408203125
2008-10-02,16.793745040893555
2008-10-03,14.639886856079102
2008-10-06,13.208211898803711
2008-10-07,10.762947082519531
2008-10-08,10.566570281982422
2008-10-09,8.773799896240234
2008-10-10,8.900498390197754
2008-10-13,8.86882209777832
2008-10-14,8.539406776428223
2008-10-15,6.930348873138428
2008-10-16,7.494154930114746
2008-10-17,8.273343086242676
2008-10-20,7.766556262969971
2008-10-21,7.874248027801514
2008-10-22,7.418135643005371
2008-10-23,5.200930595397949
2008-10-24,4.003639221191406
2008-10-27,3.6742265224456787
2008-10-28,3.1357624530792236
2008-10-29,5.6443705558776855
2008-10-30,6.575599193572998
2008-10-31,8.989182472229004
2008-11-03,8.925836563110352
2008-11-04,8.476056098937988
2008-11-05,7.3864617347717285
2008-11-06,4.972876071929932
2008-11-07,4.453415393829346
2008-11-10,5.067899703979492
2008-11-11,3.3828227519989014
2008-11-12,3.230785608291626
2008-11-13,3.5348589420318604
2008-11-14,3.8706061840057373
2008-11-17,4.136671543121338
2008-11-18,3.9656317234039307
2008-11-19,3.211780548095703
2008-11-20,2.470599889755249
2008-11-21,2.04616379737854
2008-11-24,2.3375675678253174
2008-11-25,2.7303295135498047
2008-11-26,3.0724141597747803
2008-11-28,3.2751288414001465
2008-12-01,2.533949851989746
2008-12-02,2.9393811225891113
2008-12-03,3.186441421508789
2008-12-04,2.9393811225891113
2008-12-05,3.2371201515197754
2008-12-08,3.76924991607666
2008-12-09,3.503185510635376
2008-12-10,3.3638174533843994
2008-12-11,3.6805613040924072
2008-12-12,3.7629151344299316
2008-12-15,3.8009259700775146
2008-12-16,3.959296464920044
2008-12-17,4.75115442276001
2008-12-18,4.181016445159912
2008-12-19,4.231696128845215
2008-12-22,3.667891025543213
2008-12-23,3.6805613040924072
2008-12-24,3.7249057292938232
2008-12-26,3.8325982093811035
2008-12-29,3.731238603591919
2008-12-30,3.699566602706909
2008-12-31,3.7565793991088867
2009-01-02,4.491425514221191
2009-01-05,5.371972560882568
2009-01-06,5.321292400360107
2009-01-07,4.687805652618408
2009-01-08,4.586447715759277
2009-01-09,4.428075790405273
2009-01-12,3.7565793991088867
2009-01-13,4.085992813110352
2009-01-14,3.8516037464141846
2009-01-15,3.889610767364502
2009-01-16,3.9719645977020264
2009-01-20,3.1927757263183594
2009-01-21,3.5158541202545166
2009-01-22,3.6805613040924072
2009-01-23,3.7755837440490723
2009-01-26,3.6805613040924072
2009-01-27,3.5855395793914795
2009-01-28,3.838932752609253
2009-01-29,3.5792031288146973
2009-01-30,3.2624588012695312
2009-02-02,2.768338680267334
2009-02-03,2.571958065032959
2009-02-04,2.1982007026672363
2009-02-05,2.4072511196136475
2009-02-06,2.6226372718811035
2009-02-09,2.8063485622406006
2009-02-10,2.375577211380005
2009-02-11,2.5212793350219727
2009-02-12,2.210871458053589
2009-02-13,2.1285178661346436
2009-02-17,1.9194663763046265
2009-02-18,1.8687875270843506
2009-02-19,1.7420899868011475
2009-02-20,1.6470664739608765
2009-02-23,1.5837180614471436
2009-02-24,1.640731930732727
2009-02-25,1.3683327436447144
2009-02-26,1.8054389953613281
2009-02-27,1.4443509578704834
2009-03-02,1.387337327003479
2009-03-03,1.4570205211639404
2009-03-04,1.4126763343811035
2009-03-05,1.2606396675109863
2009-03-06,1.1212726831436157
2009-03-09,0.899552047252655
2009-03-10,1.0515888929367065
2009-03-11,0.9819052219390869
2009-03-12,1.1212726831436157
2009-03-13,1.4380161762237549
2009-03-16,1.2606396675109863
2009-03-17,1.4380161762237549
2009-03-18,1.4760253429412842
2009-03-19,1.6280622482299805
2009-03-20,1.5267045497894287
2009-03-23,1.6787409782409668
2009-03-24,1.9321361780166626
2009-03-25,1.9194663763046265
2009-03-26,1.97648024559021
2009-03-27,1.9891496896743774
2009-03-30,1.8054389953613281
2009-03-31,1.9067965745925903
2009-04-01,2.3692426681518555
2009-04-02,2.7873446941375732
2009-04-03,2.838022470474243
2009-04-06,3.142097234725952
2009-04-07,2.5529544353485107
2009-04-08,2.546618700027466
2009-04-09,2.812683343887329
2009-04-13,3.300469160079956
2009-04-14,3.2624588012695312
2009-04-15,3.2624588012695312
2009-04-16,3.230785608291626
2009-04-17,3.186441421508789
2009-04-20,2.9393811225891113
2009-04-21,3.186441421508789
2009-04-22,3.5855395793914795
2009-04-23,3.9656317234039307
2009-04-24,4.700476169586182
2009-04-27,4.3773980140686035
2009-04-28,4.421742916107178
2009-04-29,4.890521049499512
2009-04-30,4.953871726989746
2009-05-01,5.067899703979492
2009-05-04,6.018129348754883
2009-05-05,7.183748722076416
2009-05-06,6.4932427406311035
2009-05-07,6.011794090270996
2009-05-08,6.651615619659424
2009-05-11,6.9050116539001465
2009-05-12,6.499580383300781
2009-05-13,5.479665756225586
2009-05-14,5.973784923553467
2009-05-15,5.847087383270264
2009-05-18,6.5249176025390625
2009-05-19,6.341207027435303
2009-05-20,6.201838493347168
2009-05-21,5.942111015319824
2009-05-22,5.676044940948486
2009-05-26,5.910437107086182
2009-05-27,6.119485855102539
2009-05-28,6.296864986419678
2009-05-29,6.277857780456543
2009-06-01,6.822659492492676
2009-06-02,6.594602584838867
2009-06-03,6.195504188537598
2009-06-04,6.448902130126953
2009-06-05,6.341207027435303
2009-06-08,6.309534549713135
2009-06-09,6.1765007972717285
2009-06-10,6.011794090270996
2009-06-11,5.8724284172058105
2009-06-12,5.764735221862793
2009-06-15,5.0995707511901855
2009-06-16,5.30862283706665
2009-06-17,5.017219543457031
2009-06-18,4.89685583114624
2009-06-19,5.156586647033691
2009-06-22,4.64346170425415
2009-06-23,4.668800354003906
2009-06-24,4.903192520141602
2009-06-25,5.16925573348999
2009-06-26,5.226271629333496
2009-06-29,5.175591945648193
2009-06-30,4.979208946228027
2009-07-01,4.877851486206055
2009-07-02,4.662466526031494
2009-07-06,4.447079658508301
2009-07-07,4.371063709259033
2009-07-08,4.212690353393555
2009-07-09,4.687805652618408
2009-07-10,4.3330535888671875
2009-07-13,4.396401405334473
2009-07-14,4.523099422454834
2009-07-15,5.137581825256348
2009-07-16,5.524010181427002
2009-07-17,5.44165563583374
2009-07-20,6.246182441711426
2009-07-21,6.170166015625
2009-07-22,6.4932427406311035
2009-07-23,6.429895401000977
2009-07-24,6.892343521118164
2009-07-27,7.145737171173096
2009-07-28,6.9493560791015625
2009-07-29,6.461571216583252
2009-07-30,7.063381671905518
2009-07-31,5.923105716705322
2009-08-03,6.372882843017578
2009-08-04,6.911348819732666
2009-08-05,7.076053142547607
2009-08-06,7.050715923309326
2009-08-07,7.931263446807861
2009-08-10,7.760218143463135
2009-08-11,7.348453044891357
2009-08-12,7.785559177398682
2009-08-13,8.73579216003418
2009-08-14,8.438051223754883
2009-08-17,7.772889614105225
2009-08-18,8.171985626220703
2009-08-19,8.07696533203125
2009-08-20,8.355696678161621
2009-08-21,8.862488746643066
2009-08-24,8.982851028442383
2009-08-25,9.134888648986816
2009-08-26,9.090545654296875
2009-08-27,9.261585235595703
2009-08-28,9.324933052062988
2009-08-31,9.033527374267578
2009-09-01,8.520403861999512
2009-09-02,8.824479103088379
2009-09-03,9.077872276306152
2009-09-04,9.82538890838623
2009-09-08,10.091452598571777
2009-09-09,10.667925834655762
2009-09-10,10.287832260131836
2009-09-11,10.598244667053223
2009-09-14,11.440779685974121
2009-09-15,12.391008377075195
2009-09-16,11.827210426330566
2009-09-17,12.029926300048828
2009-09-18,11.947569847106934
2009-09-21,11.808202743530273
2009-09-22,12.20729923248291
2009-09-23,11.871551513671875
2009-09-24,11.022677421569824
2009-09-25,11.149378776550293
2009-09-28,11.174717903137207
2009-09-29,11.003674507141113
2009-09-30,10.667925834655762
2009-10-01,9.787374496459961
2009-10-02,10.218151092529297
2009-10-05,11.054351806640625
2009-10-06,10.997340202331543
2009-10-07,10.99100112915039
2009-10-08,11.58014965057373
2009-10-09,11.43444538116455
2009-10-12,11.225394248962402
2009-10-13,11.23806095123291
2009-10-14,11.364763259887695
2009-10-15,10.724940299987793
2009-10-16,10.674263954162598
2009-10-19,10.541226387023926
2009-10-20,10.427199363708496
2009-10-21,10.357516288757324
2009-10-22,10.655255317687988
2009-10-23,10.458873748779297
2009-10-26,10.17380428314209
2009-10-27,9.065207481384277
2009-10-28,8.343026161193848
2009-10-29,9.35027027130127
2009-10-30,9.559324264526367
2009-11-02,9.052534103393555
2009-11-03,9.590996742248535
2009-11-04,9.413619995117188
2009-11-05,9.800048828125
2009-11-06,9.724029541015625
2009-11-09,10.636249542236328
2009-11-10,10.75027847290039
2009-11-11,11.168375968933105
2009-11-12,10.775615692138672
2009-11-13,11.016345977783203
2009-11-16,11.174717903137207
2009-11-17,11.478792190551758
2009-11-18,11.149378776550293
2009-11-19,10.737606048583984
2009-11-20,10.357516288757324
2009-11-23,10.16113567352295
2009-11-24,10.015435218811035
2009-11-25,10.446205139160156
2009-11-27,10.002766609191895
2009-11-30,9.705021858215332
2009-12-01,10.211817741394043
2009-12-02,10.211817741394043
2009-12-03,10.218151092529297
2009-12-04,10.243488311767578
2009-12-07,10.021768569946289
2009-12-08,9.800048828125
2009-12-09,9.660683631896973
2009-12-10,9.565657615661621
2009-12-11,9.635342597961426
2009-12-14,10.332178115844727
2009-12-15,9.996432304382324
2009-12-16,10.009098052978516
2009-12-17,9.787374496459961
2009-12-18,9.686022758483887
2009-12-21,9.831722259521484
2009-12-22,9.698688507080078
2009-12-23,9.882399559020996
2009-12-24,9.7113618850708
2009-12-28,9.635342597961426
2009-12-29,9.686022758483887
2009-12-30,9.533985137939453
2009-12-31,9.464299201965332
2010-01-04,10.528559684753418
2010-01-05,11.573809623718262
2010-01-06,11.466117858886719
2010-01-07,11.719517707824707
2010-01-08,11.466117858886719
2010-01-11,11.630827903747559
2010-01-12,11.618158340454102
2010-01-13,11.586483001708984
2010-01-14,11.814536094665527
2010-01-15,11.656164169311523
2010-01-19,11.795533180236816
2010-01-20,11.326753616333008
2010-01-21,10.781952857971191
2010-01-22,10.313173294067383
2010-01-25,10.2561616897583
2010-01-26,10.268826484680176
2010-01-27,10.287832260131836
2010-01-28,10.04710865020752
2010-01-29,9.819053649902344
2010-02-01,10.838966369628906
2010-02-02,10.737606048583984
2010-02-03,10.4652099609375
2010-02-04,9.736701011657715
2010-02-05,9.95208740234375
2010-02-08,9.844392776489258
2010-02-09,10.066113471984863
2010-02-10,10.034439086914062
2010-02-11,10.686933517456055
2010-02-12,10.648921012878418
2010-02-16,11.124032974243164
2010-02-17,11.060689926147461
2010-02-18,10.078783988952637
2010-02-19,10.287832260131836
2010-02-22,10.4652099609375
2010-02-23,10.192811012268066
2010-02-24,10.192811012268066
2010-02-25,10.262492179870605
2010-02-26,10.534891128540039
2010-03-01,10.826300621032715
2010-03-02,10.838966369628906
2010-03-03,10.876977920532227
2010-03-04,10.88331127166748
2010-03-05,11.320416450500488
2010-03-08,11.681507110595703
2010-03-09,11.941235542297363
2010-03-10,12.498705863952637
2010-03-11,12.251644134521484
2010-03-12,12.410016059875488
2010-03-15,11.839877128601074
2010-03-16,12.707755088806152
2010-03-17,12.568388938903809
2010-03-18,12.21363639831543
2010-03-19,12.353001594543457
2010-03-22,13.575634002685547
2010-03-23,13.588296890258789
2010-03-24,13.873373031616211
2010-03-25,13.258888244628906
2010-03-26,13.86703872680664
2010-03-29,13.848036766052246
2010-03-30,13.43626594543457
2010-03-31,13.3982572555542
2010-04-01,13.493281364440918
2010-04-05,14.798266410827637
2010-04-06,14.842607498168945
2010-04-07,14.525864601135254
2010-04-08,15.349395751953125
2010-04-09,15.27971076965332
2010-04-12,15.343062400817871
2010-04-13,15.450751304626465
2010-04-14,15.203703880310059
2010-04-15,15.026317596435547
2010-04-16,14.506860733032227
2010-04-19,14.424505233764648
2010-04-20,15.235370635986328
2010-04-21,15.019981384277344
2010-04-22,15.476094245910645
2010-04-23,15.91319751739502
2010-04-26,16.59736442565918
2010-04-27,15.640800476074219
2010-04-28,15.932202339172363
2010-04-29,16.502344131469727
2010-04-30,15.748496055603027
2010-05-03,16.24894905090332
2010-05-04,15.12134075164795
2010-05-05,14.766587257385254
2010-05-06,13.714994430541992
2010-05-07,13.42359733581543
2010-05-10,14.728575706481934
2010-05-11,14.956633567810059
2010-05-12,15.216365814208984
2010-05-13,15.4570894241333
2010-05-14,14.842607498168945
2010-05-17,14.25346851348877
2010-05-18,14.08242416381836
2010-05-19,13.778347969055176
2010-05-20,12.574721336364746
2010-05-21,13.303231239318848
2010-05-24,13.233548164367676
2010-05-25,13.537623405456543
2010-05-26,13.714994430541992
2010-05-27,15.095998764038086
2010-05-28,14.874281883239746
2010-06-01,14.582876205444336
2010-06-02,15.36206340789795
2010-06-03,15.792835235595703
2010-06-04,15.36206340789795
2010-06-07,14.39283275604248
2010-06-08,15.17835807800293
2010-06-09,15.286049842834473
2010-06-10,15.799171447753906
2010-06-11,16.293291091918945
2010-06-14,16.464336395263672
2010-06-15,16.939453125
2010-06-16,16.84442710876465
2010-06-17,16.92678451538086
2010-06-18,16.952112197875977
2010-06-21,17.1231632232666
2010-06-22,16.496013641357422
2010-06-23,17.12948989868164
2010-06-24,16.464336395263672
2010-06-25,16.78741455078125
2010-06-28,16.05890655517578
2010-06-29,14.468852043151855
2010-06-30,14.025410652160645
2010-07-01,13.854363441467285
2010-07-02,13.67698860168457
2010-07-06,13.67698860168457
2010-07-07,14.538534164428711
2010-07-08,14.544870376586914
2010-07-09,14.772923469543457
2010-07-12,14.614551544189453
2010-07-13,15.184688568115234
2010-07-14,15.438092231750488
2010-07-15,15.29238224029541
2010-07-16,14.88694953918457
2010-07-19,15.032652854919434
2010-07-20,15.780166625976562
2010-07-21,15.419079780578613
2010-07-22,15.881525993347168
2010-07-23,16.179262161254883
2010-07-26,16.261615753173828
2010-07-27,16.014556884765625
2010-07-28,16.907779693603516
2010-07-29,17.059818267822266
2010-07-30,17.015472412109375
2010-08-02,17.712303161621094
2010-08-03,17.813661575317383
2010-08-04,18.301450729370117
2010-08-05,18.09873390197754
2010-08-06,18.250770568847656
2010-08-09,18.40280532836914
2010-08-10,17.997377395629883
2010-08-11,17.059818267822266
2010-08-12,17.965702056884766
2010-08-13,17.984704971313477
2010-08-16,18.282445907592773
2010-08-17,18.852577209472656
2010-08-18,19.18832778930664
2010-08-19,18.776561737060547
2010-08-20,18.77022933959961
2010-08-23,18.33312225341797
2010-08-24,17.414560317993164
2010-08-25,18.111398696899414
2010-08-26,17.68697166442871
2010-08-27,18.56117820739746
2010-08-30,18.048053741455078
2010-08-31,17.946701049804688
2010-09-01,18.618192672729492
2010-09-02,19.048961639404297
2010-09-03,19.631771087646484
2010-09-07,19.75213623046875
2010-09-08,20.00553321838379
2010-09-09,20.062541961669922
2010-09-10,20.03087043762207
2010-09-13,20.33493995666504
2010-09-14,20.106887817382812
2010-09-15,20.448970794677734
2010-09-16,20.391952514648438
2010-09-17,20.27793312072754
2010-09-20,20.29060173034668
2010-09-21,19.97385597229004
2010-09-22,20.936756134033203
2010-09-23,20.265260696411133
2010-09-24,21.367530822753906
2010-09-27,22.23539924621582
2010-09-28,22.545808792114258
2010-09-29,21.829973220825195
2010-09-30,22.077028274536133
2010-10-01,22.29241943359375
2010-10-04,23.084274291992188
2010-10-05,23.502382278442383
2010-10-06,22.8688907623291
2010-10-07,22.666175842285156
2010-10-08,23.629072189331055
2010-10-11,24.465269088745117
2010-10-12,24.706003189086914
2010-10-13,24.667991638183594
2010-10-14,24.78201675415039
2010-10-15,24.496938705444336
2010-10-18,24.58563995361328
2010-10-19,23.496042251586914
2010-10-20,24.44627571105957
2010-10-21,24.059852600097656
2010-10-22,24.566627502441406
2010-10-25,24.991069793701172
2010-10-26,25.972970962524414
2010-10-27,26.010988235473633
2010-10-28,28.272537231445312
2010-10-29,29.064403533935547
2010-11-01,29.919614791870117
2010-11-02,31.066225051879883
2010-11-03,31.598342895507812
2010-11-04,32.94767379760742
2010-11-05,32.928672790527344
2010-11-08,33.4481315612793
2010-11-09,33.011024475097656
2010-11-10,31.67437171936035
2010-11-11,32.086143493652344
2010-11-12,30.673458099365234
2010-11-15,31.104225158691406
2010-11-16,29.29245376586914
2010-11-17,28.44357681274414
2010-11-18,29.824586868286133
2010-11-19,31.287933349609375
2010-11-22,32.364864349365234
2010-11-23,31.07889175415039
2010-11-24,32.26350021362305
2010-11-26,31.712369918823242
2010-11-29,31.991113662719727
2010-11-30,31.725053787231445
2010-12-01,32.523231506347656
2010-12-02,31.148576736450195
2010-12-03,31.192913055419922
2010-12-06,31.053544998168945
2010-12-07,30.147661209106445
2010-12-08,29.165752410888672
2010-12-09,29.609195709228516
2010-12-10,28.728656768798828
2010-12-13,28.6716365814209
2010-12-14,27.651718139648438
2010-12-15,26.77750587463379
2010-12-16,28.665292739868164
2010-12-17,28.747661590576172
2010-12-20,30.07796859741211
2010-12-21,30.020963668823242
2010-12-22,29.165752410888672
2010-12-23,29.020055770874023
2010-12-27,28.92502784729004
2010-12-28,28.30421257019043
2010-12-29,28.399234771728516
2010-12-30,28.11416244506836
2010-12-31,29.108741760253906
2011-01-03,28.880685806274414
2011-01-04,30.236345291137695
2011-01-05,30.4263858795166
2011-01-06,30.179336547851562
2011-01-07,31.604684829711914
2011-01-10,32.05445861816406
2011-01-11,31.167572021484375
2011-01-12,30.793806076049805
2011-01-13,29.906925201416016
2011-01-14,30.451730728149414
2011-01-18,29.88793182373047
2011-01-19,29.412813186645508
2011-01-20,28.779335021972656
2011-01-21,28.72231674194336
2011-01-24,29.032733917236328
2011-01-25,28.532272338867188
2011-01-26,29.15941047668457
2011-01-27,29.723228454589844
2011-01-28,28.88702392578125
2011-01-31,29.450828552246094
2011-02-01,31.097900390625
2011-02-02,31.31326675415039
2011-02-03,31.851736068725586
2011-02-04,29.15941047668457
2011-02-07,29.210102081298828
2011-02-08,29.368459701538086
2011-02-09,29.273441314697266
2011-02-10,29.298795700073242
2011-02-11,29.913267135620117
2011-02-14,30.413726806640625
2011-02-15,30.489744186401367
2011-02-16,30.57843780517578
2011-02-17,30.98386573791504
2011-02-18,30.255353927612305
2011-02-22,29.013721466064453
2011-02-23,28.728656768798828
2011-02-24,28.4942626953125
2011-02-25,29.14041519165039
2011-02-28,29.545846939086914
2011-03-01,27.683393478393555
2011-03-02,28.025484085083008
2011-03-03,27.77208137512207
2011-03-04,27.651718139648438
2011-03-07,26.726831436157227
2011-03-08,26.80918312072754
2011-03-09,26.739501953125
2011-03-10,25.269805908203125
2011-03-11,25.377500534057617
2011-03-14,24.465269088745117
2011-03-15,24.034500122070312
2011-03-16,23.572063446044922
2011-03-17,23.61007308959961
2011-03-18,23.02092933654785
2011-03-21,24.50962257385254
2011-03-22,24.14220428466797
2011-03-23,24.72500228881836
2011-03-24,26.568452835083008
2011-03-25,26.96121597290039
2011-03-28,26.492443084716797
2011-03-29,26.93587875366211
2011-03-30,27.537687301635742
2011-03-31,26.74583625793457
2011-04-01,27.651718139648438
2011-04-04,27.73407745361328
2011-04-05,28.405559539794922
2011-04-06,28.418237686157227
2011-04-07,28.60196304321289
2011-04-08,28.26620864868164
2011-04-11,27.810096740722656
2011-04-12,27.531360626220703
2011-04-13,28.22185516357422
2011-04-14,28.25352668762207
2011-04-15,27.955795288085938
2011-04-18,28.982040405273438
2011-04-19,28.633625030517578
2011-04-20,29.045394897460938
2011-04-21,29.121410369873047
2011-04-25,29.13408088684082
2011-04-26,29.260778427124023
2011-04-27,29.450828552246094
2011-04-28,29.30512809753418
2011-04-29,29.780235290527344
2011-05-02,30.096982955932617
2011-05-03,29.058061599731445
2011-05-04,26.942218780517578
2011-05-05,27.037233352661133
2011-05-06,27.42365264892578
2011-05-09,27.379314422607422
2011-05-10,27.366655349731445
2011-05-11,27.93678855895996
2011-05-12,27.487003326416016
2011-05-13,26.986562728881836
2011-05-16,26.010988235473633
2011-05-17,26.182031631469727
2011-05-18,26.346731185913086
2011-05-19,26.587467193603516
2011-05-20,26.441757202148438
2011-05-23,25.4091739654541
2011-05-24,25.219125747680664
2011-05-25,25.801937103271484
2011-05-26,26.429092407226562
2011-05-27,26.213703155517578
2011-05-31,26.3150577545166
2011-06-01,26.587467193603516
2011-06-02,26.726831436157227
2011-06-03,26.657142639160156
2011-06-06,25.605552673339844
2011-06-07,25.54854965209961
2011-06-08,25.36482810974121
2011-06-09,25.111431121826172
2011-06-10,24.58563995361328
2011-06-13,24.566627502441406
2011-06-14,25.07343292236328
2011-06-15,24.839033126831055
2011-06-16,24.420934677124023
2011-06-17,24.199216842651367
2011-06-20,23.958492279052734
2011-06-21,24.775684356689453
2011-06-22,24.744014739990234
2011-06-23,25.054428100585938
2011-06-24,24.826356887817383
2011-06-27,25.459856033325195
2011-06-28,26.669809341430664
2011-06-29,26.36573600769043
2011-06-30,26.739501953125
2011-07-01,27.803754806518555
2011-07-05,27.93678855895996
2011-07-06,27.759414672851562
2011-07-07,28.696979522705078
2011-07-08,29.146747589111328
2011-07-11,27.83542823791504
2011-07-12,27.461671829223633
2011-07-13,28.063491821289062
2011-07-14,28.234519958496094
2011-07-15,28.50693702697754
2011-07-18,27.98114013671875
2011-07-19,28.60196304321289
2011-07-20,28.753990173339844
2011-07-21,29.25444221496582
2011-07-22,29.53951072692871
2011-07-25,29.25444221496582
2011-07-26,29.33046531677246
2011-07-27,30.020963668823242
2011-07-28,29.86258888244629
2011-07-29,29.88793182373047
2011-08-01,30.388378143310547
2011-08-02,28.88702392578125
2011-08-03,29.64087677001953
2011-08-04,27.398319244384766
2011-08-05,26.52411651611328
2011-08-08,23.648080825805664
2011-08-09,25.339488983154297
2011-08-10,24.972064971923828
2011-08-11,26.986562728881836
2011-08-12,27.613706588745117
2011-08-15,28.45624542236328
2011-08-16,28.063491821289062
2011-08-17,28.057147979736328
2011-08-18,26.650808334350586
2011-08-19,26.220035552978516
2011-08-22,25.700584411621094
2011-08-23,27.144922256469727
2011-08-24,27.620046615600586
2011-08-25,26.676143646240234
2011-08-26,27.765745162963867
2011-08-29,29.020055770874023
2011-08-30,29.77389907836914
2011-08-31,29.501493453979492
2011-09-01,29.387475967407227
2011-09-02,28.570276260375977
2011-09-06,29.045394897460938
2011-09-07,30.40105628967285
2011-09-08,29.86258888244629
2011-09-09,29.533174514770508
2011-09-12,30.11598014831543
2011-09-13,30.363046646118164
2011-09-14,30.11598014831543
2011-09-15,30.191997528076172
2011-09-16,30.065305709838867
2011-09-19,31.173912048339844
2011-09-20,30.787485122680664
2011-09-21,30.546749114990234
2011-09-22,28.39291000366211
2011-09-23,28.11416244506836
2011-09-26,27.67706298828125
2011-09-27,28.310543060302734
2011-09-28,27.65805435180664
2011-09-29,26.182031631469727
2011-09-30,24.287904739379883
2011-10-03,23.255319595336914
2011-10-04,24.78201675415039
2011-10-05,25.390169143676758
2011-10-06,26.52411651611328
2011-10-07,26.36573600769043
2011-10-10,28.259870529174805
2011-10-11,28.38656997680664
2011-10-12,28.126832962036133
2011-10-13,27.740406036376953
2011-10-14,28.665292739868164
2011-10-17,28.259870529174805
2011-10-18,28.646284103393555
2011-10-19,27.474340438842773
2011-10-20,26.45442771911621
2011-10-21,26.156688690185547
2011-10-24,28.10149383544922
2011-10-25,26.638145446777344
2011-10-26,27.537687301635742
2011-10-27,28.760324478149414
2011-10-28,30.489744186401367
2011-10-31,29.74222183227539
2011-11-01,29.86891746520996
2011-11-02,30.56575584411621
2011-11-03,30.7241268157959
2011-11-04,30.43273162841797
2011-11-07,29.86258888244629
2011-11-08,30.44539451599121
2011-11-09,29.30512809753418
2011-11-10,28.228191375732422
2011-11-11,29.374805450439453
2011-11-14,30.34404754638672
2011-11-15,30.134984970092773
2011-11-16,29.729557037353516
2011-11-17,29.026397705078125
2011-11-18,28.677976608276367
2011-11-21,27.664384841918945
2011-11-22,28.025484085083008
2011-11-23,26.942218780517578
2011-11-25,26.85985565185547
2011-11-28,28.544937133789062
2011-11-29,27.664384841918945
2011-11-30,29.590185165405273
2011-12-01,29.577526092529297
2011-12-02,29.153078079223633
2011-12-05,29.032733917236328
2011-12-06,28.874345779418945
2011-12-07,28.899688720703125
2011-12-08,27.385658264160156
2011-12-09,27.854434967041016
2011-12-12,27.11958885192871
2011-12-13,26.41008949279785
2011-12-14,25.91596031188965
2011-12-15,25.839937210083008
2011-12-16,26.308725357055664
2011-12-19,25.630895614624023
2011-12-20,26.93587875366211
2011-12-21,27.233617782592773
2011-12-22,27.081575393676758
2011-12-23,27.5820369720459
2011-12-27,27.867109298706055
2011-12-28,26.85985565185547
2011-12-29,27.081575393676758
2011-12-30,27.06891441345215
2012-01-03,28.18385124206543
2012-01-04,27.72139549255371
2012-01-05,27.29696273803711
2012-01-06,26.71416473388672
2012-01-09,26.758514404296875
2012-01-10,27.740406036376953
2012-01-11,28.411897659301758
2012-01-12,28.65262222290039
2012-01-13,29.17208480834961
2012-01-17,29.368459701538086
2012-01-18,29.66621208190918
2012-01-19,29.678874969482422
2012-01-20,29.43182945251465
2012-01-23,30.34404754638672
2012-01-24,30.35671615600586
2012-01-25,31.50965118408203
2012-01-26,31.02187156677246
2012-01-27,31.370290756225586
2012-01-30,31.224573135375977
2012-01-31,31.110557556152344
2012-02-01,31.78838539123535
2012-02-02,32.35219192504883
2012-02-03,32.88432693481445
2012-02-06,32.6119270324707
2012-02-07,32.34585952758789
2012-02-08,32.985687255859375
2012-02-09,33.28976058959961
2012-02-10,32.68159866333008
2012-02-13,32.47888946533203
2012-02-14,32.782958984375
2012-02-15,32.928672790527344
2012-02-16,33.73952102661133
2012-02-17,33.44179153442383
2012-02-21,33.74586486816406
2012-02-22,33.91057586669922
2012-02-23,33.78386688232422
2012-02-24,33.796539306640625
2012-02-27,33.600162506103516
2012-02-28,34.79113006591797
2012-02-29,35.228233337402344
2012-03-01,35.994754791259766
2012-03-02,35.71601867675781
2012-03-05,34.71510314941406
2012-03-06,33.62551498413086
2012-03-07,34.22731018066406
2012-03-08,35.0255241394043
2012-03-09,34.734107971191406
2012-03-12,34.480709075927734
2012-03-13,35.576637268066406
2012-03-14,35.449954986572266
2012-03-15,36.431854248046875
2012-03-16,36.01192092895508
2012-03-19,37.61528015136719
2012-03-20,36.444576263427734
2012-03-21,36.45730209350586
2012-03-22,36.635459899902344
2012-03-23,36.60365295410156
2012-03-26,37.43076705932617
2012-03-27,37.37986373901367
2012-03-28,36.92177200317383
2012-03-29,36.4509391784668
2012-03-30,36.629093170166016
2012-04-02,36.91541290283203
2012-04-03,37.34169006347656
2012-04-04,36.37458419799805
2012-04-05,37.38623046875
2012-04-09,38.56965255737305
2012-04-10,37.157188415527344
2012-04-11,38.4869499206543
2012-04-12,38.84326171875
2012-04-13,38.65874481201172
2012-04-16,37.48167037963867
2012-04-17,37.551658630371094
2012-04-18,37.93976974487305
2012-04-19,37.131736755371094
2012-04-20,36.84542465209961
2012-04-23,36.190093994140625
2012-04-24,35.884681701660156
2012-04-25,37.39896011352539
2012-04-26,36.247344970703125
2012-04-27,35.54746627807617
2012-04-30,35.30569839477539
2012-05-01,35.49018859863281
2012-05-02,35.56018829345703
2012-05-03,34.707611083984375
2012-05-04,34.44038009643555
2012-05-07,33.94409942626953
2012-05-08,33.352378845214844
2012-05-09,32.7352409362793
2012-05-10,32.91973114013672
2012-05-11,32.88155746459961
2012-05-14,31.367277145385742
2012-05-15,31.049148559570312
2012-05-16,30.83918571472168
2012-05-17,29.99933624267578
2012-05-18,29.509416580200195
2012-05-21,30.648313522338867
2012-05-22,30.45108413696289
2012-05-23,30.648313522338867
2012-05-24,30.489246368408203
2012-05-25,30.489246368408203
2012-05-29,31.19549560546875
2012-05-30,30.272920608520508
2012-05-31,29.382164001464844
2012-06-01,27.339797973632812
2012-06-04,27.161640167236328
2012-06-05,28.650480270385742
2012-06-06,29.331260681152344
2012-06-07,29.070404052734375
2012-06-08,29.350353240966797
2012-06-11,28.61867904663086
2012-06-12,29.089496612548828
2012-06-13,28.790456771850586
2012-06-14,29.070404052734375
2012-06-15,28.74591064453125
2012-06-18,28.861080169677734
2012-06-19,29.60964012145996
2012-06-20,29.430496215820312
2012-06-21,28.630748748779297
2012-06-22,28.573163986206055
2012-06-25,27.44713592529297
2012-06-26,27.504709243774414
2012-06-27,27.427940368652344
2012-06-28,27.056861877441406
2012-06-29,27.824626922607422
2012-07-02,27.491924285888672
2012-07-03,27.626270294189453
2012-07-05,27.875797271728516
2012-07-06,27.120832443237305
2012-07-09,26.58981704711914
2012-07-10,26.359481811523438
2012-07-11,26.23152732849121
2012-07-12,25.06710433959961
2012-07-13,25.303829193115234
2012-07-16,25.06070327758789
2012-07-17,25.655710220336914
2012-07-18,25.47657012939453
2012-07-19,26.88412094116211
2012-07-20,26.065187454223633
2012-07-23,25.01592254638672
2012-07-24,24.56167221069336
2012-07-25,23.998645782470703
2012-07-26,23.294872283935547
2012-07-27,23.525196075439453
2012-07-30,24.01784324645996
2012-07-31,23.301273345947266
2012-08-01,23.83869743347168
2012-08-02,23.614774703979492
2012-08-03,24.791994094848633
2012-08-06,25.335811614990234
2012-08-07,25.886035919189453
2012-08-08,25.598134994506836
2012-08-09,25.508562088012695
2012-08-10,25.559743881225586
2012-08-13,25.188663482666016
2012-08-14,24.855972290039062
2012-08-15,25.182266235351562
2012-08-16,26.346689224243164
2012-08-17,26.50664710998535
2012-08-20,27.421545028686523
2012-08-21,27.06966209411621
2012-08-22,27.741439819335938
2012-08-23,27.587886810302734
2012-08-24,27.274383544921875
2012-08-27,26.88412094116211
2012-08-28,27.319169998168945
2012-08-29,27.20401382446289
2012-08-30,26.730558395385742
2012-08-31,27.120832443237305
2012-09-04,26.653793334960938
2012-09-05,26.692180633544922
2012-09-06,27.696651458740234
2012-09-07,28.342845916748047
2012-09-10,27.773426055908203
2012-09-11,27.99735450744629
2012-09-12,28.285268783569336
2012-09-13,29.03383445739746
2012-09-14,29.910337448120117
2012-09-17,29.795162200927734
2012-09-18,29.479990005493164
2012-09-19,30.02674674987793
2012-09-20,29.492849349975586
2012-09-21,28.894628524780273
2012-09-24,29.1455020904541
2012-09-25,29.28701400756836
2012-09-26,29.820905685424805
2012-09-27,30.084640502929688
2012-09-28,29.827335357666016
2012-10-01,29.67938804626465
2012-10-02,29.51215362548828
2012-10-03,29.66009521484375
2012-10-04,29.010406494140625
2012-10-05,29.1840877532959
2012-10-08,28.75311851501465
2012-10-09,28.116302490234375
2012-10-10,27.717493057250977
2012-10-11,27.89116668701172
2012-10-12,28.277116775512695
2012-10-15,28.888202667236328
2012-10-16,29.486413955688477
2012-10-17,29.67938804626465
2012-10-18,29.621498107910156
2012-10-19,29.126211166381836
2012-10-22,29.08116912841797
2012-10-23,28.81743812561035
2012-10-24,28.4893798828125
2012-10-25,29.750160217285156
2012-10-26,29.570045471191406
2012-10-31,29.87236785888672
2012-11-01,29.885223388671875
2012-11-02,29.65365982055664
2012-11-05,28.553707122802734
2012-11-06,28.791704177856445
2012-11-07,28.58586883544922
2012-11-08,27.48592185974121
2012-11-09,27.98122787475586
2012-11-12,27.955493927001953
2012-11-13,27.344409942626953
2012-11-14,26.32164764404297
2012-11-15,26.09008026123047
2012-11-16,27.190027236938477
2012-11-19,27.936185836791992
2012-11-20,28.045543670654297
2012-11-21,28.12274169921875
2012-11-23,28.41863250732422
2012-11-26,28.322139739990234
2012-11-27,29.820905685424805
2012-11-28,30.206857681274414
2012-11-29,30.187557220458984
2012-11-30,30.00745391845703
2012-12-03,30.0717716217041
2012-12-04,29.241987228393555
2012-12-05,29.1455020904541
2012-12-06,30.02205467224121
2012-12-07,29.89194107055664
2012-12-10,29.83031463623047
2012-12-11,30.50142478942871
2012-12-12,31.049270629882812
2012-12-13,31.446460723876953
2012-12-14,31.754613876342773
2012-12-17,31.891582489013672
2012-12-18,32.29092788696289
2012-12-19,32.62140655517578
2012-12-20,32.44240188598633
2012-12-21,31.864042282104492
2012-12-24,31.65750503540039
2012-12-26,31.526674270629883
2012-12-27,31.36144256591797
2012-12-28,30.789974212646484
2012-12-31,31.78142738342285
2013-01-02,33.56466293334961
2013-01-03,34.26004409790039
2013-01-04,35.24460983276367
2013-01-07,35.03116989135742
2013-01-08,35.8780403137207
2013-01-09,36.084590911865234
2013-01-10,36.10524368286133
2013-01-11,36.16032028198242
2013-01-14,35.91933822631836
2013-01-15,36.2222900390625
2013-01-16,35.692134857177734
2013-01-17,35.71968460083008
2013-01-18,35.95376968383789
2013-01-22,36.87635040283203
2013-01-23,36.67671203613281
2013-01-24,36.29113006591797
2013-01-25,36.29113006591797
2013-01-28,36.36000061035156
2013-01-29,35.16887283325195
2013-01-30,35.49936294555664
2013-01-31,38.03994369506836
2013-02-01,38.46681594848633
2013-02-04,37.420284271240234
2013-02-05,37.68191146850586
2013-02-06,37.38585662841797
2013-02-07,36.869476318359375
2013-02-08,37.62684631347656
2013-02-11,37.069149017333984
2013-02-12,36.9727668762207
2013-02-13,36.903907775878906
2013-02-14,36.76620864868164
2013-02-15,36.421958923339844
2013-02-19,35.28593063354492
2013-02-20,34.34266662597656
2013-02-21,33.80563735961914
2013-02-22,34.92790222167969
2013-02-25,34.707576751708984
2013-02-26,34.65250778198242
2013-02-27,35.09314727783203
2013-02-28,35.451171875
2013-03-01,35.32722473144531
2013-03-04,35.320343017578125
2013-03-05,34.90034484863281
2013-03-06,35.802303314208984
2013-03-07,36.11899948120117
2013-03-08,36.03639602661133
2013-03-11,36.38752746582031
2013-03-12,36.311798095703125
2013-03-13,36.60785675048828
2013-03-14,36.71113204956055
2013-03-15,36.897029876708984
2013-03-18,36.828182220458984
2013-03-19,36.5648307800293
2013-03-20,37.64594650268555
2013-03-21,37.292510986328125
2013-03-22,37.31330108642578
2013-03-25,37.78456497192383
2013-03-26,39.19837951660156
2013-03-27,39.03204345703125
2013-03-28,39.052833557128906
2013-04-01,38.36671829223633
2013-04-02,38.117218017578125
2013-04-03,37.27864456176758
2013-04-04,37.070743560791016
2013-04-05,36.53710174560547
2013-04-08,37.83308410644531
2013-04-09,38.01326370239258
2013-04-10,38.46373748779297
2013-04-11,38.096431732177734
2013-04-12,38.803348541259766
2013-04-15,37.112335205078125
2013-04-16,37.72911834716797
2013-04-17,36.641056060791016
2013-04-18,36.01038360595703
2013-04-19,36.772735595703125
2013-04-22,37.01529312133789
2013-04-23,37.31330108642578
2013-04-24,37.99247741699219
2013-04-25,39.57261276245117
2013-04-26,38.9280891418457
2013-04-29,38.58156967163086
2013-04-30,38.98353576660156
2013-05-01,38.98353576660156
2013-05-02,39.48252487182617
2013-05-03,39.57954788208008
2013-05-06,39.30925750732422
2013-05-07,39.34392166137695
2013-05-08,39.51023864746094
2013-05-09,39.51023864746094
2013-05-10,40.34881591796875
2013-05-13,40.68148422241211
2013-05-14,41.228981018066406
2013-05-15,40.49435806274414
2013-05-16,40.168617248535156
2013-05-17,40.6399040222168
2013-05-20,40.840877532958984
2013-05-21,41.22206115722656
2013-05-22,40.66762161254883
2013-05-23,40.05773162841797
2013-05-24,39.88448715209961
2013-05-28,40.709205627441406
2013-05-29,40.66067886352539
2013-05-30,40.709205627441406
2013-05-31,40.12704849243164
2013-06-03,40.1478385925293
2013-06-04,40.5151481628418
2013-06-05,39.74586486816406
2013-06-06,39.524105072021484
2013-06-07,39.690433502197266
2013-06-10,39.808250427246094
2013-06-11,38.90730667114258
2013-06-12,38.380577087402344
2013-06-13,39.205299377441406
2013-06-14,39.11520767211914
2013-06-17,39.57954788208008
2013-06-18,39.79570770263672
2013-06-19,39.38429641723633
2013-06-20,37.5712776184082
2013-06-21,36.462554931640625
2013-06-24,34.49612045288086
2013-06-25,35.360801696777344
2013-06-26,35.827999114990234
2013-06-27,36.87397766113281
2013-06-28,36.90883255004883
2013-07-01,36.93671798706055
2013-07-02,36.11388397216797
2013-07-03,36.11388397216797
2013-07-05,36.5671501159668
2013-07-08,36.59503936767578
2013-07-09,37.03434753417969
2013-07-10,37.06224822998047
2013-07-11,38.031517028808594
2013-07-12,37.738643646240234
2013-07-15,38.23373794555664
2013-07-16,38.34529495239258
2013-07-17,38.289512634277344
2013-07-18,39.168128967285156
2013-07-19,39.02170181274414
2013-07-22,39.15419006347656
2013-07-23,38.847354888916016
2013-07-24,38.317405700683594
2013-07-25,37.93389129638672
2013-07-26,38.32438659667969
2013-07-29,38.2476692199707
2013-07-30,39.23786926269531
2013-07-31,38.74973678588867
2013-08-01,39.8863639831543
2013-08-02,40.088584899902344
2013-08-05,40.31172561645508
2013-08-06,39.600467681884766
2013-08-07,39.182071685791016
2013-08-08,39.53770065307617
2013-08-09,39.14024353027344
2013-08-12,39.349430084228516
2013-08-13,39.572574615478516
2013-08-14,39.52376174926758
2013-08-15,39.495853424072266
2013-08-16,39.265750885009766
2013-08-19,39.635311126708984
2013-08-20,39.642303466796875
2013-08-21,39.12629699707031
2013-08-22,39.56559371948242
2013-08-23,39.74690246582031
2013-08-26,39.30060577392578
2013-08-27,38.052425384521484
2013-08-28,39.0356330871582
2013-08-29,39.55862808227539
2013-08-30,39.29364776611328
2013-09-03,40.38843536376953
2013-09-04,40.967185974121094
2013-09-05,41.071807861328125
2013-09-06,41.30888748168945
2013-09-09,42.88481521606445
2013-09-10,43.93776321411133
2013-09-11,44.2655029296875
2013-09-12,43.82619857788086
2013-09-13,44.307342529296875
2013-09-16,44.384033203125
2013-09-17,44.80241775512695
2013-09-18,45.32128143310547
2013-09-19,45.99434280395508
2013-09-20,45.64377975463867
2013-09-23,45.41942596435547
2013-09-24,46.34491729736328
2013-09-25,46.218711853027344
2013-09-26,46.90583801269531
2013-09-27,46.19066619873047
2013-09-30,46.56929016113281
2013-10-01,46.954917907714844
2013-10-02,46.70249557495117
2013-10-03,46.27481460571289
2013-10-04,46.527217864990234
2013-10-07,46.057464599609375
2013-10-08,45.10390853881836
2013-10-09,45.51057052612305
2013-10-10,46.47111511230469
2013-10-11,47.90843963623047
2013-10-14,48.301082611083984
2013-10-15,48.45532989501953
2013-10-16,48.74980545043945
2013-10-17,49.759456634521484
2013-10-18,50.84619140625
2013-10-21,51.343997955322266
2013-10-22,51.07757568359375
2013-10-23,49.74542236328125
2013-10-24,50.90228271484375
2013-10-25,50.411502838134766
2013-10-28,49.906681060791016
2013-10-29,49.983795166015625
2013-10-30,50.01184844970703
2013-10-31,49.23358917236328
2013-11-01,48.99519348144531
2013-11-04,48.94613265991211
2013-11-05,48.89704895019531
2013-11-06,49.450927734375
2013-11-07,47.99960708618164
2013-11-08,48.939109802246094
2013-11-11,49.35981750488281
2013-11-12,49.668296813964844
2013-11-13,50.44654846191406
2013-11-14,50.04690170288086
2013-11-15,49.934722900390625
2013-11-18,49.619197845458984
2013-11-19,48.623600006103516
2013-11-20,48.42728042602539
2013-11-21,49.06531524658203
2013-11-22,49.40886688232422
2013-11-25,49.26164245605469
2013-11-26,49.619197845458984
2013-11-27,50.15908432006836
2013-11-29,50.257240295410156
2013-12-02,50.22218704223633
2013-12-03,50.27126693725586
2013-12-04,52.24144744873047
2013-12-05,52.907527923583984
2013-12-06,53.124881744384766
2013-12-09,53.90313720703125
2013-12-10,53.68577575683594
2013-12-11,53.64372253417969
2013-12-12,53.41233825683594
2013-12-13,53.68577575683594
2013-12-16,54.25369644165039
2013-12-17,54.22565841674805
2013-12-18,54.979278564453125
2013-12-19,54.296085357666016
2013-12-20,53.929840087890625
2013-12-23,54.035499572753906
2013-12-24,54.69050598144531
2013-12-26,55.45119094848633
2013-12-27,55.106056213378906
2013-12-30,55.35258102416992
2013-12-31,55.549766540527344
2014-01-02,56.04987335205078
2014-01-03,55.18352508544922
2014-01-06,54.42286682128906
2014-01-07,55.627262115478516
2014-01-08,57.1767463684082
2014-01-09,56.775299072265625
2014-01-10,56.76121520996094
2014-01-13,55.76108169555664
2014-01-14,56.556949615478516
2014-01-15,57.05702590942383
2014-01-16,56.95843505859375
2014-01-17,57.70499038696289
2014-01-21,57.775428771972656
2014-01-22,56.676692962646484
2014-01-23,55.444156646728516
2014-01-24,52.05634689331055
2014-01-27,51.69715118408203
2014-01-28,53.0071907043457
2014-01-29,52.070430755615234
2014-01-30,54.87363052368164
2014-01-31,53.89463424682617
2014-02-03,52.478946685791016
2014-02-04,52.84519577026367
2014-02-05,52.10566329956055
2014-02-06,53.725589752197266
2014-02-07,54.21157455444336
2014-02-10,53.55655288696289
2014-02-11,55.16239929199219
2014-02-12,55.486392974853516
2014-02-13,55.49343490600586
2014-02-14,56.45132064819336
2014-02-18,56.866844177246094
2014-02-19,56.127315521240234
2014-02-20,56.76121520996094
2014-02-21,56.97251510620117
2014-02-24,59.451717376708984
2014-02-25,58.66287612915039
2014-02-26,58.57133102416992
2014-02-27,59.95882034301758
2014-02-28,60.043331146240234
2014-03-03,60.55045700073242
2014-03-04,61.35338592529297
2014-03-05,61.43085861206055
2014-03-06,61.84640884399414
2014-03-07,61.297054290771484
2014-03-10,60.22648239135742
2014-03-11,59.4376335144043
2014-03-12,59.95180130004883
2014-03-13,57.888145446777344
2014-03-14,57.93038558959961
2014-03-17,59.0643424987793
2014-03-18,58.853050231933594
2014-03-19,57.981529235839844
2014-03-20,57.691009521484375
2014-03-21,57.691009521484375
2014-03-24,56.96119689941406
2014-03-25,55.83456802368164
2014-03-26,54.750484466552734
2014-03-27,54.7646484375
2014-03-28,55.44486618041992
2014-03-31,57.237518310546875
2014-04-01,58.63338088989258
2014-04-02,58.71843719482422
2014-04-03,57.7335205078125
2014-04-04,55.487396240234375
2014-04-07,53.3262825012207
2014-04-08,54.27573776245117
2014-04-09,54.99848175048828
2014-04-10,53.60969543457031
2014-04-11,52.87279510498047
2014-04-14,52.901145935058594
2014-04-15,51.85247802734375
2014-04-16,54.126949310302734
2014-04-17,54.17653274536133
2014-04-21,53.6592903137207
2014-04-22,56.727359771728516
2014-04-23,55.232303619384766
2014-04-24,56.31639862060547
2014-04-25,54.559173583984375
2014-04-28,52.709842681884766
2014-04-29,55.70705032348633
2014-04-30,56.068424224853516
2014-05-01,56.22429275512695
2014-05-02,57.10999298095703
2014-05-05,56.50062942504883
2014-05-06,55.91960906982422
2014-05-07,55.09059143066406
2014-05-08,52.971988677978516
2014-05-09,52.915306091308594
2014-05-12,53.8010139465332
2014-05-13,53.77976608276367
2014-05-14,52.21384811401367
2014-05-15,52.01544189453125
2014-05-16,51.838294982910156
2014-05-19,52.64604949951172
2014-05-20,51.356475830078125
2014-05-21,52.34846878051758
2014-05-22,52.98616027832031
2014-05-23,53.07119369506836
2014-05-27,53.808109283447266
2014-05-28,53.82935333251953
2014-05-29,54.56623840332031
2014-05-30,54.21906280517578
2014-06-02,54.86384582519531
2014-06-03,53.45381546020508
2014-06-04,53.97813415527344
2014-06-05,53.24833297729492
2014-06-06,52.75232696533203
2014-06-09,51.61155319213867
2014-06-10,51.746177673339844
2014-06-11,52.29178237915039
2014-06-12,51.53360366821289
2014-06-13,52.270511627197266
2014-06-16,51.859561920166016
2014-06-17,52.19965362548828
2014-06-18,52.90594482421875
2014-06-19,53.44099426269531
2014-06-20,53.76914596557617
2014-06-23,53.59079360961914
2014-06-24,53.37678146362305
2014-06-25,53.8047981262207
2014-06-26,54.753623962402344
2014-06-27,54.16152572631836
2014-06-30,54.37553405761719
2014-07-01,55.48845672607422
2014-07-02,55.30296325683594
2014-07-03,55.60258865356445
2014-07-07,54.882049560546875
2014-07-08,53.5622673034668
2014-07-09,54.1401252746582
2014-07-10,53.45524597167969
2014-07-11,53.219825744628906
2014-07-14,53.46950912475586
2014-07-15,52.94873046875
2014-07-16,52.64910888671875
2014-07-17,52.335201263427734
2014-07-18,51.9642333984375
2014-07-21,51.514793395996094
2014-07-22,52.699039459228516
2014-07-23,52.606300354003906
2014-07-24,52.14972686767578
2014-07-25,52.178245544433594
2014-07-28,52.72758102416992
2014-07-29,53.20555114746094
2014-07-30,53.34110641479492
2014-07-31,52.684783935546875
2014-08-01,51.87862777709961
2014-08-04,52.4350700378418
2014-08-05,51.265106201171875
2014-08-06,48.646915435791016
2014-08-07,47.60533905029297
2014-08-08,48.60411071777344
2014-08-11,48.96080780029297
2014-08-12,48.589847564697266
2014-08-13,48.461429595947266
2014-08-14,48.932273864746094
2014-08-15,48.811004638671875
2014-08-18,49.1534309387207
2014-08-19,49.103492736816406
2014-08-20,49.324642181396484
2014-08-21,49.40312576293945
2014-08-22,49.37459182739258
2014-08-25,49.017887115478516
2014-08-26,48.404361724853516
2014-08-27,48.18321228027344
2014-08-28,48.26166534423828
2014-08-29,47.448402404785156
2014-09-02,45.01569366455078
2014-09-03,45.3296012878418
2014-09-04,45.00143051147461
2014-09-05,44.815940856933594
2014-09-08,44.5377197265625
2014-09-09,44.83736038208008
2014-09-10,44.88728713989258
2014-09-11,45.4080696105957
2014-09-12,45.087039947509766
2014-09-15,44.33797073364258
2014-09-16,43.63882827758789
2014-09-17,44.85874938964844
2014-09-18,45.98776626586914
2014-09-19,44.82279968261719
2014-09-22,43.31983184814453
2014-09-23,43.866355895996094
2014-09-24,44.2043571472168
2014-09-25,43.35579299926758
2014-09-26,44.53514862060547
2014-09-29,43.25511169433594
2014-09-30,44.73649215698242
2014-10-01,44.03895568847656
2014-10-02,44.49199295043945
2014-10-03,44.937843322753906
2014-10-06,45.247074127197266
2014-10-07,43.91670227050781
2014-10-08,44.51357650756836
2014-10-09,43.585906982421875
2014-10-10,43.42050552368164
2014-10-13,42.399356842041016
2014-10-14,42.86677551269531
2014-10-15,43.37736129760742
2014-10-16,46.05968475341797
2014-10-17,45.83675003051758
2014-10-20,45.247074127197266
2014-10-21,46.41205596923828
2014-10-22,45.42686080932617
2014-10-23,45.470001220703125
2014-10-24,45.12482452392578
2014-10-27,44.58547592163086
2014-10-28,43.6434326171875
2014-10-29,43.866355895996094
2014-10-30,44.22592544555664
2014-10-31,44.7724609375
2014-11-03,44.8515625
2014-11-04,42.90992736816406
2014-11-05,41.93192672729492
2014-11-06,42.11170959472656
2014-11-07,42.80925369262695
2014-11-10,42.7733039855957
2014-11-11,44.3769416809082
2014-11-12,44.276268005371094
2014-11-13,45.1823616027832
2014-11-14,45.67136001586914
2014-11-17,44.959434509277344
2014-11-18,45.66416549682617
2014-11-19,45.0241584777832
2014-11-20,45.009765625
2014-11-21,45.85832595825195
2014-11-24,46.12440872192383
2014-11-25,45.700130462646484
2014-11-26,45.46281051635742
2014-11-28,45.800804138183594
2014-12-01,44.2043571472168
2014-12-02,44.103675842285156
2014-12-03,43.69377136230469
2014-12-04,42.43531799316406
2014-12-05,42.586334228515625
2014-12-08,40.7525749206543
2014-12-09,40.34986114501953
2014-12-10,39.20646667480469
2014-12-11,40.17008590698242
2014-12-12,39.80332565307617
2014-12-15,39.566036224365234
2014-12-16,38.39036178588867
2014-12-17,37.96219253540039
2014-12-18,39.471683502197266
2014-12-19,40.95940017700195
2014-12-22,41.046485900878906
2014-12-23,42.14958190917969
2014-12-24,42.084259033203125
2014-12-26,42.28020477294922
2014-12-29,42.672088623046875
2014-12-30,42.44710159301758
2014-12-31,42.20762252807617
2015-01-02,40.857791900634766
2015-01-05,39.74019241333008
2015-01-06,38.72419738769531
2015-01-07,40.00145721435547
2015-01-08,40.54574203491211
2015-01-09,39.99420166015625
2015-01-12,39.9216194152832
2015-01-13,40.24094009399414
2015-01-14,39.805511474609375
2015-01-15,39.798255920410156
2015-01-16,39.83453369140625
2015-01-20,38.60808563232422
2015-01-21,38.68064498901367
2015-01-22,39.166873931884766
2015-01-23,39.10881423950195
2015-01-26,41.22064971923828
2015-01-27,41.31500244140625
2015-01-28,40.654598236083984
2015-01-29,40.24094009399414
2015-01-30,39.45716857910156
2015-02-02,40.132083892822266
2015-02-03,41.89556121826172
2015-02-04,40.2119140625
2015-02-05,40.69088363647461
2015-02-06,40.182884216308594
2015-02-09,40.43688201904297
2015-02-10,41.83025360107422
2015-02-11,41.198883056640625
2015-02-12,42.61402130126953
2015-02-13,43.855003356933594
2015-02-17,43.855003356933594
2015-02-18,43.94935607910156
2015-02-19,43.884037017822266
2015-02-20,43.79695510864258
2015-02-23,42.606773376464844
2015-02-24,40.74895477294922
2015-02-25,40.857791900634766
2015-02-26,41.14808654785156
2015-02-27,41.29322052001953
2015-03-02,41.431114196777344
2015-03-03,41.53997802734375
2015-03-04,41.36579895019531
2015-03-05,40.901336669921875
2015-03-06,39.97968673706055
2015-03-09,39.036251068115234
2015-03-10,38.11458969116211
2015-03-11,37.31631851196289
2015-03-12,37.67915725708008
2015-03-13,38.00572967529297
2015-03-16,38.397613525390625
2015-03-17,38.709678649902344
2015-03-18,39.76921844482422
2015-03-19,41.26010513305664
2015-03-20,41.15729904174805
2015-03-23,41.113224029541016
2015-03-24,40.90024948120117
2015-03-25,40.48896026611328
2015-03-26,40.165809631347656
2015-03-27,40.20988082885742
2015-03-30,40.60646438598633
2015-03-31,40.42286682128906
2015-04-01,40.37145233154297
2015-04-02,41.25276565551758
2015-04-06,41.7521858215332
2015-04-07,41.1352653503418
2015-04-08,41.810935974121094
2015-04-09,43.742469787597656
2015-04-10,43.54418182373047
2015-04-13,42.633487701416016
2015-04-14,40.98102951049805
2015-04-15,41.69341278076172
2015-04-16,41.28948974609375
2015-04-17,40.510990142822266
2015-04-20,41.377628326416016
2015-04-21,40.71664047241211
2015-04-22,41.41434097290039
2015-04-23,40.48161697387695
2015-04-24,40.57709884643555
2015-04-27,40.01892852783203
2015-04-28,40.6799201965332
2015-04-29,38.85118865966797
2015-04-30,38.83650588989258
2015-05-01,38.82181167602539
2015-05-04,39.277156829833984
2015-05-05,38.976051330566406
2015-05-06,38.30037307739258
2015-05-07,38.315059661865234
2015-05-08,38.73367691040039
2015-05-11,38.08003234863281
2015-05-12,38.25629806518555
2015-05-13,38.21958541870117
2015-05-14,37.85236740112305
2015-05-15,37.433753967285156
2015-05-18,37.20608139038086
2015-05-19,37.0591926574707
2015-05-20,37.991905212402344
2015-05-21,38.586788177490234
2015-05-22,38.15348815917969
2015-05-26,36.6699333190918
2015-05-27,37.12529373168945
2015-05-28,37.492496490478516
2015-05-29,37.3309326171875
2015-06-01,36.68463897705078
2015-06-02,37.4190559387207
2015-06-03,38.55742645263672
2015-06-04,40.386138916015625
2015-06-05,40.39348602294922
2015-06-08,38.34443283081055
2015-06-09,38.138797760009766
2015-06-10,38.35179138183594
2015-06-11,39.144962310791016
2015-06-12,38.36646270751953
2015-06-15,38.19755935668945
2015-06-16,38.37380599975586
2015-06-17,39.02744674682617
2015-06-18,40.417842864990234
2015-06-19,39.451263427734375
2015-06-22,39.28025436401367
2015-06-23,39.265380859375
2015-06-24,38.588775634765625
2015-06-25,38.350852966308594
2015-06-26,38.06830978393555
2015-06-29,37.28017807006836
2015-06-30,39.0869255065918
2015-07-01,40.284000396728516
2015-07-02,40.01634216308594
2015-07-06,40.51449203491211
2015-07-07,42.075889587402344
2015-07-08,40.00147247314453
2015-07-09,40.432701110839844
2015-07-10,40.774723052978516
2015-07-13,42.551734924316406
2015-07-14,41.24314880371094
2015-07-15,40.4847526550293
2015-07-16,40.83421325683594
2015-07-17,40.35092544555664
2015-07-20,40.618595123291016
2015-07-21,40.767295837402344
2015-07-22,40.86395263671875
2015-07-23,41.436458587646484
2015-07-24,40.75242233276367
2015-07-27,39.8453254699707
2015-07-28,40.2542724609375
2015-07-29,40.35092544555664
2015-07-30,41.644649505615234
2015-07-31,41.66695785522461
2015-08-03,41.079566955566406
2015-08-04,40.89368438720703
2015-08-05,41.614898681640625
2015-08-06,41.65951919555664
2015-08-07,42.232025146484375
2015-08-10,42.194862365722656
2015-08-11,40.417842864990234
2015-08-12,39.76354217529297
2015-08-13,39.49586486816406
2015-08-14,38.96796417236328
2015-08-17,38.80439758300781
2015-08-18,38.52930450439453
2015-08-19,37.689109802246094
2015-08-20,36.358211517333984
2015-08-21,35.68159866333008
2015-08-24,34.23916244506836
2015-08-25,33.257720947265625
2015-08-26,33.592315673828125
2015-08-27,35.138832092285156
2015-08-28,35.21318054199219
2015-08-31,34.37300491333008
2015-09-01,33.70384979248047
2015-09-02,34.120208740234375
2015-09-03,35.44367599487305
2015-09-04,35.369327545166016
2015-09-08,36.045928955078125
2015-09-09,35.59981155395508
2015-09-10,34.60348892211914
2015-09-11,34.856292724609375
2015-09-14,34.73733139038086
2015-09-15,35.302406311035156
2015-09-16,36.21693801879883
2015-09-17,35.42880630493164
2015-09-18,34.11717987060547
2015-09-21,33.67243194580078
2015-09-22,32.730194091796875
2015-09-23,31.48641014099121
2015-09-24,31.584396362304688
2015-09-25,31.39595603942871
2015-09-28,30.348161697387695
2015-09-29,28.50135040283203
2015-09-30,28.621952056884766
2015-10-01,27.875686645507812
2015-10-02,30.807985305786133
2015-10-05,33.08447265625
2015-10-06,33.830745697021484
2015-10-07,34.53931427001953
2015-10-08,35.496646881103516
2015-10-09,35.413734436035156
2015-10-12,34.77299118041992
2015-10-13,35.391117095947266
2015-10-14,36.24291229248047
2015-10-15,37.283164978027344
2015-10-16,37.479164123535156
2015-10-19,35.83585739135742
2015-10-20,35.67002868652344
2015-10-21,35.308204650878906
2015-10-22,35.127288818359375
2015-10-23,37.07964324951172
2015-10-26,36.80827331542969
2015-10-27,35.83585739135742
2015-10-28,36.5142822265625
2015-10-29,36.82334518432617
2015-10-30,37.320858001708984
2015-11-02,38.150047302246094
2015-11-03,38.376182556152344
2015-11-04,37.456539154052734
2015-11-05,37.35100173950195
2015-11-06,37.524383544921875
2015-11-09,35.134830474853516
2015-11-10,35.37604522705078
2015-11-11,35.044368743896484
2015-11-12,34.697628021240234
2015-11-13,34.44132614135742
2015-11-16,34.69007873535156
2015-11-17,34.18503189086914
2015-11-18,34.66747283935547
2015-11-19,34.72776794433594
2015-11-20,33.98150634765625
2015-11-23,34.06442642211914
2015-11-24,33.84581756591797
2015-11-25,33.78550720214844
2015-11-27,33.40861129760742
2015-11-30,33.21262741088867
2015-12-01,33.77043533325195
2015-12-02,34.05687713623047
2015-12-03,32.82065200805664
2015-12-04,32.9337158203125
2015-12-07,32.504051208496094
2015-12-08,32.07438278198242
2015-12-09,32.94126510620117
2015-12-10,32.2628288269043
2015-12-11,31.101966857910156
2015-12-14,30.46877670288086
2015-12-15,31.275348663330078
2015-12-16,32.715110778808594
2015-12-17,31.524091720581055
2015-12-18,31.799745559692383
2015-12-21,32.19026565551758
2015-12-22,32.871742248535156
2015-12-23,34.0815544128418
2015-12-24,33.96670150756836
2015-12-28,33.782928466796875
2015-12-29,33.98201370239258
2015-12-30,33.68339157104492
2015-12-31,33.568538665771484
2016-01-04,33.231624603271484
2016-01-05,33.721683502197266
2016-01-06,32.68797302246094
2016-01-07,29.694059371948242
2016-01-08,29.87017059326172
2016-01-11,29.854867935180664
2016-01-12,29.79360580444336
2016-01-13,28.308134078979492
2016-01-14,28.675676345825195
2016-01-15,29.64812660217285
2016-01-19,29.426067352294922
2016-01-20,28.49190330505371
2016-01-21,28.821157455444336
2016-01-22,29.8854923248291
2016-01-25,29.94675636291504
2016-01-26,31.294389724731445
2016-01-27,31.845701217651367
2016-01-28,32.764549255371094
2016-01-29,34.533329010009766
2016-02-01,34.17344665527344
2016-02-02,32.312782287597656
2016-02-03,32.58843231201172
2016-02-04,32.68031692504883
2016-02-05,32.14432907104492
2016-02-08,31.034046173095703
2016-02-09,30.3066349029541
2016-02-10,30.727758407592773
2016-02-11,30.81964874267578
2016-02-12,33.75996780395508
2016-02-16,35.084632873535156
2016-02-17,35.46748352050781
2016-02-18,35.237770080566406
2016-02-19,35.11525344848633
2016-02-22,36.37867736816406
2016-02-23,36.164268493652344
2016-02-24,35.92690658569336
2016-02-25,36.3250732421875
2016-02-26,36.6926155090332
2016-02-29,36.96826934814453
2016-03-01,38.82127380371094
2016-03-02,39.08161544799805
2016-03-03,40.27610778808594
2016-03-04,39.663551330566406
2016-03-07,38.920806884765625
2016-03-08,37.49660873413086
2016-03-09,38.33888626098633
2016-03-10,38.74470138549805
2016-03-11,39.49509811401367
2016-03-14,40.07703399658203
2016-03-15,39.77073669433594
2016-03-16,40.85039138793945
2016-03-17,41.41701126098633
2016-03-18,41.61103057861328
2016-03-21,41.339420318603516
2016-03-22,41.347171783447266
2016-03-23,40.64875030517578
2016-03-24,40.718589782714844
2016-03-28,40.307281494140625
2016-03-29,40.76514434814453
2016-03-30,40.5323371887207
2016-03-31,40.10551834106445
2016-04-01,40.136566162109375
2016-04-04,39.19755554199219
2016-04-05,38.76298141479492
2016-04-06,38.63104248046875
2016-04-07,38.97250747680664
2016-04-08,38.39823532104492
2016-04-11,38.26630783081055
2016-04-12,38.43703842163086
2016-04-13,39.562286376953125
2016-04-14,39.34499740600586
2016-04-15,39.531253814697266
2016-04-18,39.70198059082031
2016-04-19,40.74186706542969
2016-04-20,40.4935417175293
2016-04-21,36.77632141113281
2016-04-22,36.37278747558594
2016-04-25,35.55794906616211
2016-04-26,35.77523422241211
2016-04-27,35.44154739379883
2016-04-28,35.58900451660156
2016-04-29,35.03800964355469
2016-05-02,36.279659271240234
2016-05-03,35.51914596557617
2016-05-04,35.084564208984375
2016-05-05,34.49477767944336
2016-05-06,35.301856994628906
2016-05-09,34.88279724121094
2016-05-10,35.79076385498047
2016-05-11,35.2785758972168
2016-05-12,35.41825485229492
2016-05-13,34.83624267578125
2016-05-16,35.37169647216797
2016-05-17,35.24753189086914
2016-05-18,34.797428131103516
2016-05-19,34.39389419555664
2016-05-20,34.91385269165039
2016-05-23,34.96040344238281
2016-05-24,35.34840774536133
2016-05-25,35.93045425415039
2016-05-26,35.24753189086914
2016-05-27,35.84508514404297
2016-05-31,35.883888244628906
2016-06-01,35.97700881958008
2016-06-02,36.295188903808594
2016-06-03,36.279659271240234
2016-06-06,36.1710205078125
2016-06-07,36.76856994628906
2016-06-08,36.939300537109375
2016-06-09,36.68320083618164
2016-06-10,35.89164733886719
2016-06-13,35.70539093017578
2016-06-14,36.39606475830078
2016-06-15,36.442630767822266
2016-06-16,36.070133209228516
2016-06-17,36.442630767822266
2016-06-20,34.921566009521484
2016-06-21,35.6151008605957
2016-06-22,35.410194396972656
2016-06-23,36.37957763671875
2016-06-24,34.13344955444336
2016-06-27,32.959144592285156
2016-06-28,33.487178802490234
2016-06-29,34.38563537597656
2016-06-30,34.275306701660156
2016-07-01,34.44868469238281
2016-07-05,33.73150634765625
2016-07-06,34.361995697021484
2016-07-07,34.33046340942383
2016-07-08,34.779701232910156
2016-07-11,36.190433502197266
2016-07-12,36.67118835449219
2016-07-13,36.1194953918457
2016-07-14,36.26136016845703
2016-07-15,36.39533996582031
2016-07-18,36.99431228637695
2016-07-19,36.52143096923828
2016-07-20,37.01007843017578
2016-07-21,36.81303405761719
2016-07-22,37.29379653930664
2016-07-25,37.672096252441406
2016-07-26,39.894596099853516
2016-07-27,39.555694580078125
2016-07-28,40.0128059387207
2016-07-29,39.91823196411133
2016-08-01,39.5951042175293
2016-08-02,39.23257064819336
2016-08-03,39.38232421875
2016-08-04,39.555694580078125
2016-08-05,39.30350112915039
2016-08-08,40.16255569458008
2016-08-09,40.8560905456543
2016-08-10,40.761531829833984
2016-08-11,41.04524230957031
2016-08-12,40.82457733154297
2016-08-15,41.42354202270508
2016-08-16,41.26591873168945
2016-08-17,41.368377685546875
2016-08-18,41.07676315307617
2016-08-19,41.14769744873047
2016-08-22,41.43930435180664
2016-08-23,41.15558624267578
2016-08-24,39.68967819213867
2016-08-25,40.00492477416992
2016-08-26,39.666038513183594
2016-08-29,40.11526107788086
2016-08-30,40.16255569458008
2016-08-31,39.57146072387695
2016-09-01,42.40869140625
2016-09-02,42.503265380859375
2016-09-06,43.133766174316406
2016-09-07,43.38596725463867
2016-09-08,43.88247299194336
2016-09-09,43.8509521484375
2016-09-12,44.836097717285156
2016-09-13,44.56025314331055
2016-09-14,45.955223083496094
2016-09-15,46.0498046875
2016-09-16,45.955223083496094
2016-09-19,45.18286895751953
2016-09-20,44.91947937011719
2016-09-21,45.30258560180664
2016-09-22,45.62982940673828
2016-09-23,45.797447204589844
2016-09-26,45.06315231323242
2016-09-27,45.406349182128906
2016-09-28,45.87725067138672
2016-09-29,45.43828201293945
2016-09-30,45.925148010253906
2016-10-03,46.98667526245117
2016-10-04,46.938785552978516
2016-10-05,46.98667526245117
2016-10-06,46.93080139160156
2016-10-07,46.59558868408203
2016-10-10,47.14630126953125
2016-10-11,47.058509826660156
2016-10-12,46.89888381958008
2016-10-13,46.36412048339844
2016-10-14,46.07678985595703
2016-10-17,45.949092864990234
2016-10-18,45.85331344604492
2016-10-19,46.419986724853516
2016-10-20,46.21247863769531
2016-10-21,45.621856689453125
2016-10-24,46.25238800048828
2016-10-25,46.292301177978516
2016-10-26,46.308250427246094
2016-10-27,45.52608108520508
2016-10-28,46.09275436401367
2016-10-31,46.196510314941406
2016-11-01,46.79512405395508
2016-11-02,45.965049743652344
2016-11-03,45.28662872314453
2016-11-04,47.1542854309082
2016-11-07,47.002628326416016
2016-11-08,47.47354507446289
2016-11-09,47.6571159362793
2016-11-10,46.76319122314453
2016-11-11,46.292301177978516
2016-11-14,45.52608108520508
2016-11-15,47.050533294677734
2016-11-16,46.41202163696289
2016-11-17,47.72894287109375
2016-11-18,48.359474182128906
2016-11-21,49.2534065246582
2016-11-22,50.01961898803711
2016-11-23,49.8200798034668
2016-11-25,50.155303955078125
2016-11-28,49.92383575439453
2016-11-29,49.604591369628906
2016-11-30,50.01961898803711
2016-12-01,49.62852478027344
2016-12-02,48.678741455078125
2016-12-05,48.782493591308594
2016-12-06,49.859989166259766
2016-12-07,50.02760314941406
2016-12-08,43.634483337402344
2016-12-09,44.169227600097656
2016-12-12,44.79975891113281
2016-12-13,46.17256546020508
2016-12-14,46.06083297729492
2016-12-15,44.847652435302734
2016-12-16,45.50212860107422
2016-12-19,44.216854095458984
2016-12-20,43.86117935180664
2016-12-21,44.07134246826172
2016-12-22,43.82883834838867
2016-12-23,43.85308837890625
2016-12-27,43.80458450317383
2016-12-28,43.54591751098633
2016-12-29,43.69950485229492
2016-12-30,43.174076080322266
2017-01-03,43.10940933227539
2017-01-04,44.44319152832031
2017-01-05,44.5240364074707
2017-01-06,44.83928680419922
2017-01-09,45.03329086303711
2017-01-10,45.760807037353516
2017-01-11,45.017120361328125
2017-01-12,44.831199645996094
2017-01-13,44.68570327758789
2017-01-17,45.25962829589844
2017-01-18,45.300045013427734
2017-01-19,45.138370513916016
2017-01-20,45.057533264160156
2017-01-23,44.83928680419922
2017-01-24,45.235382080078125
2017-01-25,45.79314041137695
2017-01-26,42.36572265625
2017-01-27,43.101322174072266
2017-01-30,42.68098449707031
2017-01-31,42.50313949584961
2017-02-01,41.832210540771484
2017-02-02,41.783714294433594
2017-02-03,41.88072204589844
2017-02-06,42.01813507080078
2017-02-07,41.98579788208008
2017-02-08,42.14747619628906
2017-02-09,42.786075592041016
2017-02-10,42.632484436035156
2017-02-13,42.97197723388672
2017-02-14,42.891151428222656
2017-02-15,42.8426513671875
2017-02-16,42.446556091308594
2017-02-17,42.05855178833008
2017-02-21,42.066627502441406
2017-02-22,42.01005172729492
2017-02-23,41.848384857177734
2017-02-24,42.17172622680664
2017-02-27,42.76990509033203
2017-02-28,42.80223846435547
2017-03-01,44.42702865600586
2017-03-02,43.376163482666016
2017-03-03,43.521663665771484
2017-03-06,43.90159225463867
2017-03-07,43.89350509643555
2017-03-08,43.63484191894531
2017-03-09,43.448917388916016
2017-03-10,43.82075881958008
2017-03-13,44.596778869628906
2017-03-14,44.91202926635742
2017-03-15,45.34853744506836
2017-03-16,45.68805694580078
2017-03-17,46.21348571777344
2017-03-20,46.3670539855957
2017-03-21,45.78573989868164
2017-03-22,45.73660659790039
2017-03-23,45.51554489135742
2017-03-24,45.54011535644531
2017-03-27,46.3670539855957
2017-03-28,46.612701416015625
2017-03-29,46.87470626831055
2017-03-30,46.69457244873047
2017-03-31,46.72732925415039
2017-04-03,46.81739044189453
2017-04-04,46.39981460571289
2017-04-05,45.99042510986328
2017-04-06,46.40800476074219
2017-04-07,46.01498794555664
2017-04-10,45.49098205566406
2017-04-11,45.974056243896484
2017-04-12,46.26881408691406
2017-04-13,45.76935958862305
2017-04-17,46.21150207519531
2017-04-18,46.56357192993164
2017-04-19,46.41619873046875
2017-04-20,47.300472259521484
2017-04-21,46.98115158081055
2017-04-24,47.202213287353516
2017-04-25,47.87361526489258
2017-04-26,48.52043914794922
2017-04-27,48.47132110595703
2017-04-28,48.29936981201172
2017-05-01,48.62687301635742
2017-05-02,48.46311950683594
2017-05-03,48.56137466430664
2017-05-04,47.89817428588867
2017-05-05,48.10287094116211
2017-05-08,46.833763122558594
2017-05-09,47.521541595458984
2017-05-10,47.75897979736328
2017-05-11,47.04664611816406
2017-05-12,48.02098083496094
2017-05-15,47.734413146972656
2017-05-16,47.57066345214844
2017-05-17,46.53901672363281
2017-05-18,46.54719543457031
2017-05-19,46.48170852661133
2017-05-22,47.2431526184082
2017-05-23,47.10395812988281
2017-05-24,47.10395812988281
2017-05-25,47.44784164428711
2017-05-26,47.50516891479492
2017-05-30,48.061927795410156
2017-05-31,48.41399383544922
2017-06-01,50.8048095703125
2017-06-02,51.21419906616211
2017-06-05,51.099571228027344
2017-06-06,52.1230354309082
2017-06-07,52.28679656982422
2017-06-08,52.9172477722168
2017-06-09,52.14760208129883
2017-06-12,52.36048126220703
2017-06-13,53.11375427246094
2017-06-14,53.41669464111328
2017-06-15,53.0318717956543
2017-06-16,53.211997985839844
2017-06-19,54.13722229003906
2017-06-20,53.49972152709961
2017-06-21,53.45833206176758
2017-06-22,53.267906188964844
2017-06-23,53.78949737548828
2017-06-26,53.392093658447266
2017-06-27,53.10232162475586
2017-06-28,53.7729377746582
2017-06-29,52.58073043823242
2017-06-30,52.895347595214844
2017-07-03,51.8521728515625
2017-07-05,51.96809005737305
2017-07-06,50.95803451538086
2017-07-07,51.140167236328125
2017-07-10,51.471336364746094
2017-07-11,51.239505767822266
2017-07-12,51.56240463256836
2017-07-13,51.471336364746094
2017-07-14,50.56062698364258
2017-07-17,50.61858367919922
2017-07-18,51.71970748901367
2017-07-19,51.26434326171875
2017-07-20,51.463050842285156
2017-07-21,51.628639221191406
2017-07-24,51.91840362548828
2017-07-25,51.84388732910156
2017-07-26,51.04082107543945
2017-07-27,51.55413055419922
2017-07-28,50.734500885009766
2017-07-31,51.00770950317383
2017-08-01,50.693092346191406
2017-08-02,50.1218376159668
2017-08-03,50.32054138183594
2017-08-04,50.47784423828125
2017-08-07,50.56062698364258
2017-08-08,50.502685546875
2017-08-09,50.32054138183594
2017-08-10,49.80723571777344
2017-08-11,49.393272399902344
2017-08-14,50.32882308959961
2017-08-15,51.214683532714844
2017-08-16,50.94975662231445
2017-08-17,49.76583480834961
2017-08-18,49.68303680419922
2017-08-21,49.881744384765625
2017-08-22,50.14668273925781
2017-08-23,49.58369445800781
2017-08-24,49.87345886230469
2017-08-25,49.77410888671875
2017-08-28,49.906578063964844
2017-08-29,50.26258087158203
2017-08-30,50.13839340209961
2017-08-31,51.50444412231445
2017-09-01,52.050872802734375
2017-09-05,51.877010345458984
2017-09-06,52.373756408691406
2017-09-07,52.481388092041016
2017-09-08,52.257850646972656
2017-09-11,53.218231201171875
2017-09-12,53.38381576538086
2017-09-13,53.35070037841797
2017-09-14,53.06092834472656
2017-09-15,52.365482330322266
2017-09-18,52.680091857910156
2017-09-19,53.42521667480469
2017-09-20,53.28285598754883
2017-09-21,53.274478912353516
2017-09-22,53.23261642456055
2017-09-25,52.17749786376953
2017-09-26,52.89765167236328
2017-09-27,53.72666931152344
2017-09-28,53.29122543334961
2017-09-29,53.72666931152344
2017-10-02,54.40495681762695
2017-10-03,54.337955474853516
2017-10-04,54.48031997680664
2017-10-05,54.46357345581055
2017-10-06,53.81041717529297
2017-10-09,53.307979583740234
2017-10-10,53.056758880615234
2017-10-11,53.02326202392578
2017-10-12,51.64994812011719
2017-10-13,51.92628479003906
2017-10-16,52.587825775146484
2017-10-17,52.17749786376953
2017-10-18,51.82578659057617
2017-10-19,52.20262145996094
2017-10-20,52.495697021484375
2017-10-23,52.86417007446289
2017-10-24,52.88090515136719
2017-10-25,52.679931640625
2017-10-26,52.403602600097656
2017-10-27,51.70857238769531
2017-10-30,51.46572494506836
2017-10-31,53.073509216308594
2017-11-01,53.90252685546875
2017-11-02,54.3463249206543
2017-11-03,55.16695785522461
2017-11-06,55.728023529052734
2017-11-07,56.389549255371094
2017-11-08,56.858482360839844
2017-11-09,56.456546783447266
2017-11-10,56.439796447753906
2017-11-13,56.31419372558594
2017-11-14,56.33095932006836
2017-11-15,55.47679901123047
2017-11-16,55.83687210083008
2017-11-17,55.686153411865234
2017-11-20,56.171836853027344
2017-11-21,56.766380310058594
2017-11-22,56.69101333618164
2017-11-24,56.64914321899414
2017-11-27,56.74126434326172
2017-11-28,57.24369430541992
2017-11-29,56.57378005981445
2017-11-30,58.0224494934082
2017-12-01,58.4830207824707
2017-12-04,58.432777404785156
2017-12-05,58.1480598449707
2017-12-06,57.57025909423828
2017-12-07,58.28205490112305
2017-12-08,58.91845703125
2017-12-11,59.51300048828125
2017-12-12,58.68399429321289
2017-12-13,59.312034606933594
2017-12-14,59.077571868896484
2017-12-15,59.035701751708984
2017-12-18,59.55487060546875
2017-12-19,60.266658782958984
2017-12-20,59.86056900024414
2017-12-21,59.4714469909668
2017-12-22,58.99769973754883
2017-12-26,59.3276252746582
2017-12-27,59.928253173828125
2017-12-28,59.20073318481445
2017-12-29,58.786190032958984
2018-01-02,58.456275939941406
2018-01-03,57.79644012451172
2018-01-04,57.65261459350586
2018-01-05,57.45804214477539
2018-01-08,57.525726318359375
2018-01-09,58.81158447265625
2018-01-10,59.25148391723633
2018-01-11,59.750614166259766
2018-01-12,60.080535888671875
2018-01-16,61.476383209228516
2018-01-17,62.186988830566406
2018-01-18,62.37311553955078
2018-01-19,63.032962799072266
2018-01-22,65.2239990234375
2018-01-23,65.69774627685547
2018-01-24,65.51165008544922
2018-01-25,63.75202178955078
2018-01-26,63.870452880859375
2018-01-29,66.8567123413086
2018-01-30,66.30684661865234
2018-01-31,65.5793228149414
2018-02-01,66.16302490234375
2018-02-02,63.599769592285156
2018-02-05,61.23105239868164
2018-02-06,62.69456100463867
2018-02-07,62.11930465698242
2018-02-08,60.05516815185547
2018-02-09,60.063621520996094
2018-02-12,60.52046203613281
2018-02-13,61.8824348449707
2018-02-14,62.98221206665039
2018-02-15,63.31211471557617
2018-02-16,63.46440124511719
2018-02-20,63.481327056884766
2018-02-21,63.49822998046875
2018-02-22,61.713253021240234
2018-02-23,62.880699157714844
2018-02-26,62.55923080444336
2018-02-27,61.789390563964844
2018-02-28,61.59481430053711
2018-03-01,59.93672180175781
2018-03-02,60.495052337646484
2018-03-05,60.54582214355469
2018-03-06,61.45101547241211
2018-03-07,61.789390563964844
2018-03-08,64.81793212890625
2018-03-09,64.69104766845703
2018-03-12,63.98044967651367
2018-03-13,62.48307418823242
2018-03-14,62.516929626464844
2018-03-15,63.252906799316406
2018-03-16,63.48977279663086
2018-03-19,63.48977279663086
2018-03-20,63.574363708496094
2018-03-21,62.651527404785156
2018-03-22,60.95963668823242
2018-03-23,59.233543395996094
2018-03-26,60.199127197265625
2018-03-27,61.23307800292969
2018-03-28,60.48109817504883
2018-03-29,61.43813705444336
2018-04-02,60.310211181640625
2018-04-03,60.626365661621094
2018-04-04,59.848777770996094
2018-04-05,60.763099670410156
2018-04-06,59.148101806640625
2018-04-09,59.712066650390625
2018-04-10,61.01942443847656
2018-04-11,60.540924072265625
2018-04-12,61.83975601196289
2018-04-13,61.369773864746094
2018-04-16,62.335365295410156
2018-04-17,62.80533218383789
2018-04-18,63.59147644042969
2018-04-19,63.095848083496094
2018-04-20,63.13858413696289
2018-04-23,63.608551025390625
2018-04-24,63.053138732910156
2018-04-25,61.814109802246094
2018-04-26,62.47208023071289
2018-04-27,61.80555725097656
2018-04-30,62.66006088256836
2018-05-01,63.96745300292969
2018-05-02,64.30069732666016
2018-05-03,64.39469146728516
2018-05-04,65.26626586914062
2018-05-07,65.69351959228516
2018-05-08,65.4884262084961
2018-05-09,66.5565414428711
2018-05-10,67.50504302978516
2018-05-11,66.77018737792969
2018-05-14,66.21475219726562
2018-05-15,66.5479965209961
2018-05-16,66.95818328857422
2018-05-17,66.70182037353516
2018-05-18,66.57365417480469
2018-05-21,67.72723388671875
2018-05-22,67.50504302978516
2018-05-23,67.76139831542969
2018-05-24,67.76993560791016
2018-05-25,67.80411529541016
2018-05-29,68.00067138671875
2018-05-30,68.58171844482422
2018-05-31,68.88079071044922
2018-06-01,68.76114654541016
2018-06-04,68.20574188232422
2018-06-05,67.24869537353516
2018-06-06,67.41960144042969
2018-06-07,66.37711334228516
2018-06-08,66.65055847167969
2018-06-11,67.61612701416016
2018-06-12,68.60734558105469
2018-06-13,68.63298034667969
2018-06-14,68.87223815917969
2018-06-15,68.67572021484375
2018-06-18,69.44474792480469
2018-06-19,68.42704772949219
2018-06-20,69.01351928710938
2018-06-21,68.47881317138672
2018-06-22,68.82379913330078
2018-06-25,65.42572021484375
2018-06-26,66.60726928710938
2018-06-27,65.48607635498047
2018-06-28,65.21874237060547
2018-06-29,65.8569564819336
2018-07-02,61.46705627441406
2018-07-03,61.191070556640625
2018-07-05,62.28638458251953
2018-07-06,62.41575622558594
2018-07-09,63.23509216308594
2018-07-10,63.50244903564453
2018-07-11,62.355377197265625
2018-07-12,63.11433792114258
2018-07-13,63.58869171142578
2018-07-16,63.89054870605469
2018-07-17,64.24415588378906
2018-07-18,64.39939880371094
2018-07-19,63.86466979980469
2018-07-20,63.69218444824219
2018-07-23,63.7008171081543
2018-07-24,64.2527847290039
2018-07-25,64.7874984741211
2018-07-26,61.492942810058594
2018-07-27,61.691280364990234
2018-07-30,60.59599304199219
2018-07-31,62.010406494140625
2018-08-01,59.51791000366211
2018-08-02,59.02632522583008
2018-08-03,59.207435607910156
2018-08-06,59.6817741394043
2018-08-07,59.535152435302734
2018-08-08,59.21604919433594
2018-08-09,59.09529495239258
2018-08-10,58.5174560546875
2018-08-13,57.86199951171875
2018-08-14,57.54290008544922
2018-08-15,55.593746185302734
2018-08-16,56.15434265136719
2018-08-17,56.80118179321289
2018-08-20,56.60281753540039
2018-08-21,57.14617156982422
2018-08-22,56.61144256591797
2018-08-23,56.499324798583984
2018-08-24,56.525203704833984
2018-08-27,57.54290008544922
2018-08-28,57.094417572021484
2018-08-29,57.11166000366211
2018-08-30,56.671817779541016
2018-08-31,56.42170715332031
2018-09-04,55.62824249267578
2018-09-05,54.42943572998047
2018-09-06,52.678653717041016
2018-09-07,52.28192138671875
2018-09-10,52.78215789794922
2018-09-11,52.17843246459961
2018-09-12,52.81664276123047
2018-09-13,52.82527542114258
2018-09-14,52.9632568359375
2018-09-17,52.808021545410156
2018-09-18,52.74690246582031
2018-09-19,53.21840286254883
2018-09-20,53.23585891723633
2018-09-21,53.21840286254883
2018-09-24,52.79056167602539
2018-09-25,52.96518325805664
2018-09-26,52.23173904418945
2018-09-27,52.179351806640625
2018-09-28,51.80390548706055
2018-10-01,52.170631408691406
2018-10-02,51.69038772583008
2018-10-03,53.10490036010742
2018-10-04,51.82136535644531
2018-10-05,51.25381851196289
2018-10-08,50.913299560546875
2018-10-09,50.88710403442383
2018-10-10,49.18446350097656
2018-10-11,48.45100784301758
2018-10-12,49.027286529541016
2018-10-15,48.7391471862793
2018-10-16,50.00521469116211
2018-10-17,50.08379364013672
2018-10-18,48.93124771118164
2018-10-19,48.59945297241211
2018-10-22,47.9271240234375
2018-10-23,46.59994125366211
2018-10-24,45.40371322631836
2018-10-25,47.37702941894531
2018-10-26,45.74425506591797
2018-10-29,44.29481887817383
2018-10-30,44.434532165527344
2018-10-31,44.55677032470703
2018-11-01,49.82185363769531
2018-11-02,49.114601135253906
2018-11-05,48.12794494628906
2018-11-06,48.38115692138672
2018-11-07,49.39400100708008
2018-11-08,46.89680480957031
2018-11-09,45.482303619384766
2018-11-12,44.530574798583984
2018-11-13,45.01081085205078
2018-11-14,45.82282638549805
2018-11-15,46.914268493652344
2018-11-16,46.98412322998047
2018-11-19,44.05033874511719
2018-11-20,43.9455680847168
2018-11-21,45.36879348754883
2018-11-23,44.30356216430664
2018-11-26,47.53421401977539
2018-11-27,47.246063232421875
2018-11-28,48.154136657714844
2018-11-29,47.56040573120117
2018-11-30,47.97077560424805
2018-12-03,50.93948745727539
2018-12-04,48.52086639404297
2018-12-06,48.62563705444336
2018-12-07,46.57374572753906
2018-12-10,46.67851638793945
2018-12-11,47.35957717895508
2018-12-12,48.398624420166016
2018-12-13,48.11048126220703
2018-12-14,47.88346481323242
2018-12-17,46.57329177856445
2018-12-18,46.88312911987305
2018-12-19,45.34278106689453
2018-12-20,44.56375503540039
2018-12-21,42.9437370300293
2018-12-24,42.88177490234375
2018-12-26,45.54638671875
2018-12-27,45.2719612121582
2018-12-28,45.04179382324219
2018-12-31,46.07754898071289
2019-01-02,47.94542694091797
2019-01-03,46.22804260253906
2019-01-04,48.83953857421875
2019-01-07,49.1051139831543
2019-01-08,50.08775329589844
2019-01-09,50.38874435424805
2019-01-10,50.22053527832031
2019-01-11,50.42414093017578
2019-01-14,49.406105041503906
2019-01-15,50.10546112060547
2019-01-16,50.26479721069336
2019-01-17,50.50381851196289
2019-01-18,51.07924270629883
2019-01-22,50.50381851196289
2019-01-23,50.71628189086914
2019-01-24,49.90185546875
2019-01-25,50.41529846191406
2019-01-28,49.80447769165039
2019-01-29,49.813316345214844
2019-01-30,52.238922119140625
2019-01-31,51.663509368896484
2019-02-01,53.01795196533203
2019-02-04,52.31858825683594
2019-02-05,52.80549240112305
2019-02-06,53.876644134521484
2019-02-07,52.62843322753906
2019-02-08,52.238922119140625
2019-02-11,52.76123046875
2019-02-12,53.23041534423828
2019-02-13,53.442867279052734
2019-02-14,52.55760192871094
2019-02-15,53.3897590637207
2019-02-19,54.13336944580078
2019-02-20,54.310420989990234
2019-02-21,54.45206069946289
2019-02-22,54.540584564208984
2019-02-25,54.06255340576172
2019-02-26,54.691078186035156
2019-02-27,54.3812370300293
2019-02-28,54.3812370300293
2019-03-01,53.46942901611328
2019-03-04,52.814334869384766
2019-03-05,52.77008056640625
2019-03-06,53.69960021972656
2019-03-07,53.106475830078125
2019-03-08,53.327781677246094
2019-03-11,53.24811935424805
2019-03-12,52.3717041015625
2019-03-13,52.53105545043945
2019-03-14,52.60188293457031
2019-03-15,52.90286636352539
2019-03-18,53.18614959716797
2019-03-19,53.17717361450195
2019-03-20,53.033695220947266
2019-03-21,54.8809928894043
2019-03-22,53.41929626464844
2019-03-25,53.15924835205078
2019-03-26,53.89457321166992
2019-03-27,52.935054779052734
2019-03-28,54.100830078125
2019-03-29,54.6657829284668
2019-04-01,56.80900192260742
2019-04-02,58.15413284301758
2019-04-03,57.54433822631836
2019-04-04,58.835655212402344
2019-04-05,59.1136474609375
2019-04-08,59.22126388549805
2019-04-09,58.763919830322266
2019-04-10,59.050872802734375
2019-04-11,59.25712966918945
2019-04-12,59.9655647277832
2019-04-15,59.66066360473633
2019-04-16,61.122379302978516
2019-04-17,60.89817810058594
2019-04-18,61.176170349121094
2019-04-22,59.929691314697266
2019-04-23,60.14491653442383
2019-04-24,60.118019104003906
2019-04-25,60.20769119262695
2019-04-26,60.85335159301758
2019-04-29,61.04167175292969
2019-04-30,60.12697982788086
2019-05-01,60.86231231689453
2019-05-02,60.467742919921875
2019-05-03,61.37345504760742
2019-05-06,59.69654083251953
2019-05-07,57.79542922973633
2019-05-08,58.57560729980469
2019-05-09,58.1810302734375
2019-05-10,58.71012496948242
2019-05-13,55.697044372558594
2019-05-14,56.24406433105469
2019-05-15,56.45030975341797
2019-05-16,56.85383987426758
2019-05-17,54.0828971862793
2019-05-20,53.105438232421875
2019-05-21,52.62119674682617
2019-05-22,52.54048156738281
2019-05-23,51.0877571105957
2019-05-24,51.50025939941406
2019-05-28,50.9711799621582
2019-05-29,50.809757232666016
2019-05-30,49.80540466308594
2019-05-31,49.32115936279297
2019-06-03,47.47385787963867
2019-06-04,49.87714385986328
2019-06-05,49.38393020629883
2019-06-06,48.98038864135742
2019-06-07,50.28965377807617
2019-06-10,52.127986907958984
2019-06-11,52.63016128540039
2019-06-12,51.15052032470703
2019-06-13,51.40161895751953
2019-06-14,51.36573791503906
2019-06-17,51.16846466064453
2019-06-18,54.06822204589844
2019-06-19,53.61370086669922
2019-06-20,54.02276611328125
2019-06-21,53.84096145629883
2019-06-24,53.40462875366211
2019-06-25,52.17747116088867
2019-06-26,53.34101104736328
2019-06-27,53.43191146850586
2019-06-28,53.713706970214844
2019-07-01,56.331668853759766
2019-07-02,56.477115631103516
2019-07-03,56.55892562866211
2019-07-05,56.213497161865234
2019-07-08,56.377113342285156
2019-07-09,57.17705535888672
2019-07-10,56.586185455322266
2019-07-11,56.90434265136719
2019-07-12,57.47702407836914
2019-07-15,58.14060592651367
2019-07-16,58.840553283691406
2019-07-17,58.34968185424805
2019-07-18,58.4769401550293
2019-07-19,58.10424041748047
2019-07-22,58.167877197265625
2019-07-23,59.285972595214844
2019-07-24,59.02235412597656
2019-07-25,56.94980239868164
2019-07-26,57.413394927978516
2019-07-29,56.68618392944336
2019-07-30,55.81352233886719
2019-07-31,54.94086837768555
2019-08-01,53.45008850097656
2019-08-02,51.70478057861328
2019-08-05,49.5685920715332
2019-08-06,49.53224182128906
2019-08-07,49.077728271484375
2019-08-08,50.295806884765625
2019-08-09,49.059547424316406
2019-08-12,47.51422882080078
2019-08-13,48.74139404296875
2019-08-14,47.07789611816406
2019-08-15,46.732452392578125
2019-08-16,47.632389068603516
2019-08-19,49.69585418701172
2019-08-20,50.095829010009766
2019-08-21,50.11400604248047
2019-08-22,49.45950698852539
2019-08-23,48.27779006958008
2019-08-26,48.786842346191406
2019-08-27,49.35043716430664
2019-08-28,49.54132080078125
2019-08-29,50.12309265136719
2019-08-30,50.423065185546875
2019-09-03,49.34133529663086
2019-09-04,50.05946731567383
2019-09-05,51.023014068603516
2019-09-06,51.07755661010742
2019-09-09,52.79559326171875
2019-09-10,53.640987396240234
2019-09-11,53.904598236083984
2019-09-12,54.6772575378418
2019-09-13,53.940948486328125
2019-09-16,54.213661193847656
2019-09-17,54.43467712402344
2019-09-18,53.762420654296875
2019-09-19,53.02568817138672
2019-09-20,51.874568939208984
2019-09-23,51.745635986328125
2019-09-24,51.26676559448242
2019-09-25,52.565250396728516
2019-09-26,51.460147857666016
2019-09-27,52.592864990234375
2019-09-30,53.19145584106445
2019-10-01,52.68495559692383
2019-10-02,52.03111267089844
2019-10-03,51.52462387084961
2019-10-04,51.57066345214844
2019-10-07,50.60371780395508
2019-10-08,49.240779876708984
2019-10-09,49.88540267944336
2019-10-10,50.45637893676758
2019-10-11,53.02568817138672
2019-10-14,52.500789642333984
2019-10-15,52.77705383300781
2019-10-16,52.869140625
2019-10-17,52.813880920410156
2019-10-18,52.915184020996094
2019-10-21,53.384849548339844
2019-10-22,53.983428955078125
2019-10-23,54.535980224609375
2019-10-24,56.32253646850586
2019-10-25,56.377784729003906
2019-10-28,57.464454650878906
2019-10-29,57.09608840942383
2019-10-30,57.5933837890625
2019-10-31,56.94874572753906
2019-11-01,58.06303787231445
2019-11-04,58.983951568603516
2019-11-05,58.68925857543945
2019-11-06,58.1551399230957
2019-11-07,58.76292419433594
2019-11-08,59.01157760620117
2019-11-11,58.14592361450195
2019-11-12,57.53812789916992
2019-11-13,57.243438720703125
2019-11-14,57.45524215698242
2019-11-15,57.71309280395508
2019-11-18,57.22502136230469
2019-11-19,57.013206481933594
2019-11-20,55.889713287353516
2019-11-21,55.576595306396484
2019-11-22,56.45145797729492
2019-11-25,58.39456558227539
2019-11-26,57.99857711791992
2019-11-27,58.40376663208008
2019-11-29,57.78676986694336
2019-12-02,57.73151779174805
2019-12-03,57.0316276550293
2019-12-04,57.73151779174805
2019-12-05,58.26564025878906
2019-12-06,59.0760383605957
2019-12-09,59.09444808959961
2019-12-10,59.0760383605957
2019-12-11,60.26400375366211
2019-12-12,63.26616287231445
2019-12-13,63.579261779785156
2019-12-16,63.42093276977539
2019-12-17,63.52339172363281
2019-12-18,64.2311782836914
2019-12-19,64.42672729492188
2019-12-20,63.821388244628906
2019-12-23,64.6502456665039
2019-12-24,64.52918243408203
2019-12-26,65.13451385498047
2019-12-27,64.94825744628906
2019-12-30,64.53849029541016
2019-12-31,64.29635620117188
2020-01-02,65.9354248046875
2020-01-03,64.92964172363281
2020-01-06,65.27421569824219
2020-01-07,65.33940887451172
2020-01-08,65.9354248046875
2020-01-09,66.60594940185547
2020-01-10,66.03788757324219
2020-01-13,67.20198822021484
2020-01-14,68.31953430175781
2020-01-15,67.77005767822266
2020-01-16,68.35679626464844
2020-01-17,68.97144317626953
2020-01-21,65.24627685546875
2020-01-22,64.67818450927734
2020-01-23,64.67818450927734
2020-01-24,63.1881217956543
2020-01-27,58.92280960083008
2020-01-28,59.98448181152344
2020-01-29,60.254547119140625
2020-01-30,61.651493072509766
2020-01-31,60.8226432800293
2020-02-03,61.986759185791016
2020-02-04,63.178802490234375
2020-02-05,63.22536087036133
2020-02-06,64.69681549072266
2020-02-07,62.21026611328125
2020-02-10,63.476837158203125
2020-02-11,64.1194076538086
2020-02-12,66.24275970458984
2020-02-13,64.54780578613281
2020-02-14,63.39301681518555
2020-02-18,63.476837158203125
2020-02-19,64.35222625732422
2020-02-20,62.80630111694336
2020-02-21,61.092708587646484
2020-02-24,57.935638427734375
2020-02-25,56.026485443115234
2020-02-26,55.09519577026367
2020-02-27,54.41535949707031
2020-02-28,54.30360412597656
2020-03-02,54.25703048706055
2020-03-03,52.05918884277344
2020-03-04,53.31643295288086
2020-03-05,51.16514587402344
2020-03-06,51.09064483642578
2020-03-09,46.2479362487793
2020-03-10,49.712337493896484
2020-03-11,45.28870391845703
2020-03-12,41.116519927978516
2020-03-13,45.64259719848633
2020-03-16,37.61486053466797
2020-03-17,38.811702728271484
2020-03-18,35.791107177734375
2020-03-19,38.336761474609375
2020-03-20,41.138877868652344
2020-03-23,41.2718620300293
2020-03-24,42.59218215942383
2020-03-25,44.97635269165039
2020-03-26,45.93572235107422
2020-03-27,39.98952865600586
2020-03-30,41.30986022949219
2020-03-31,40.34099197387695
2020-04-01,38.27976989746094
2020-04-02,38.25127410888672
2020-04-03,36.01908493041992
2020-04-06,38.65972137451172
2020-04-07,40.5594596862793
2020-04-08,44.216453552246094
2020-04-09,45.46078872680664
2020-04-13,44.15947341918945
2020-04-14,45.717254638671875
2020-04-15,44.73888397216797
2020-04-16,43.59904861450195
2020-04-17,44.65339279174805
2020-04-20,40.96790313720703
2020-04-21,38.65021514892578
2020-04-22,38.973175048828125
2020-04-23,43.656036376953125
2020-04-24,41.58531951904297
2020-04-27,44.05498123168945
2020-04-28,44.24495315551758
2020-04-29,46.439151763916016
2020-04-30,45.612762451171875
2020-05-01,43.323585510253906
2020-05-04,43.171600341796875
2020-05-05,44.06447982788086
2020-05-06,44.11197280883789
2020-05-07,44.9953498840332
2020-05-08,48.38638687133789
2020-05-11,46.06870651245117
2020-05-12,43.656036376953125
2020-05-13,42.19322967529297
2020-05-14,43.39006805419922
2020-05-15,42.51618957519531
2020-05-18,45.9642219543457
2020-05-19,45.831241607666016
2020-05-20,47.65498733520508
2020-05-21,46.135189056396484
2020-05-22,44.54890823364258
2020-05-26,47.42702102661133
2020-05-27,48.37688446044922
2020-05-28,46.11619186401367
2020-05-29,45.53677749633789
2020-06-01,46.57213592529297
2020-06-02,45.39429473876953
2020-06-03,49.193782806396484
2020-06-04,49.7257080078125
2020-06-05,50.31462478637695
2020-06-08,52.85077667236328
2020-06-09,50.97003173828125
2020-06-10,49.17478561401367
2020-06-11,46.62913131713867
2020-06-12,47.370025634765625
2020-06-15,46.60063552856445
2020-06-16,46.92359161376953
2020-06-17,46.44865798950195
2020-06-18,45.78375244140625
2020-06-19,44.82437515258789
2020-06-22,43.9694938659668
2020-06-23,44.52992248535156
2020-06-24,42.68716812133789
2020-06-25,42.73466110229492
2020-06-26,41.157875061035156
2020-06-29,42.411705017089844
2020-06-30,43.2570915222168
2020-07-01,42.78215408325195
2020-07-02,44.0169792175293
2020-07-06,44.710391998291016
2020-07-07,42.77265930175781
2020-07-08,43.323585510253906
2020-07-09,42.44020080566406
2020-07-10,43.428070068359375
2020-07-13,46.09720230102539
2020-07-14,45.014347076416016
2020-07-15,47.730979919433594
2020-07-16,47.218048095703125
2020-07-17,46.24918746948242
2020-07-20,44.90986633300781
2020-07-21,45.593772888183594
2020-07-22,44.491920471191406
2020-07-23,42.63016891479492
2020-07-24,42.13624572753906
2020-07-27,41.30035400390625
2020-07-28,42.003265380859375
2020-07-29,42.098243713378906
2020-07-30,43.21908950805664
2020-07-31,41.452335357666016
2020-08-03,41.794288635253906
2020-08-04,41.53782272338867
2020-08-05,41.16737747192383
2020-08-06,42.95313262939453
2020-08-07,41.9842643737793
2020-08-10,45.13783645629883
2020-08-11,48.443382263183594
2020-08-12,46.610137939453125
2020-08-13,46.18268966674805
2020-08-14,45.94522476196289
2020-08-17,45.327816009521484
2020-08-18,45.2993049621582
2020-08-19,45.0903434753418
2020-08-20,45.08083724975586
2020-08-21,46.087703704833984
2020-08-24,47.31303405761719
2020-08-25,47.45551681518555
2020-08-26,47.36052322387695
2020-08-27,47.996944427490234
2020-08-28,49.54522705078125
2020-08-31,48.16792297363281
2020-09-01,47.16106033325195
2020-09-02,48.756839752197266
2020-09-03,48.09193420410156
2020-09-04,49.35525894165039
2020-09-08,49.07978820800781
2020-09-09,48.291404724121094
2020-09-10,49.697208404541016
2020-09-11,49.30775833129883
2020-09-14,50.438114166259766
2020-09-15,49.250762939453125
2020-09-16,47.18004608154297
2020-09-17,46.61962890625
2020-09-18,46.54364013671875
2020-09-21,44.11197280883789
2020-09-22,43.93149185180664
2020-09-23,42.78215408325195
2020-09-24,43.608543395996094
2020-09-25,44.60590362548828
2020-09-28,45.232818603515625
2020-09-29,44.37793731689453
2020-09-30,44.320945739746094
2020-10-01,43.90299606323242
2020-10-02,43.836509704589844
2020-10-05,43.90299606323242
2020-10-06,44.09297180175781
2020-10-07,43.86500930786133
2020-10-08,43.79851531982422
2020-10-09,43.428070068359375
2020-10-12,43.85550308227539
2020-10-13,42.56368637084961
2020-10-14,42.72516632080078
2020-10-15,43.44706726074219
2020-10-16,43.09560775756836
2020-10-19,42.70616149902344
2020-10-20,43.88400650024414
2020-10-21,43.63703536987305
2020-10-22,47.31303405761719
2020-10-23,48.13942337036133
2020-10-26,46.667118072509766
2020-10-27,45.869239807128906
2020-10-28,44.510921478271484
2020-10-29,45.441795349121094
2020-10-30,45.65077209472656
2020-11-02,46.70512390136719
2020-11-03,46.5626335144043
2020-11-04,47.408023834228516
2020-11-05,49.963172912597656
2020-11-06,50.32412338256836
2020-11-09,54.968994140625
2020-11-10,55.6338996887207
2020-11-11,54.0951042175293
2020-11-12,52.77478790283203
2020-11-13,55.35844039916992
2020-11-16,55.45342254638672
2020-11-17,54.61753845214844
2020-11-18,54.45606231689453
2020-11-19,55.6244010925293
2020-11-20,53.09775161743164
2020-11-23,53.84814453125
2020-11-24,55.16846466064453
2020-11-25,53.70566177368164
2020-11-27,53.75315475463867
2020-11-30,52.91727066040039
2020-12-01,53.78165054321289
2020-12-02,54.72202682495117
2020-12-03,55.71938705444336
2020-12-04,57.096702575683594
2020-12-07,55.98534393310547
2020-12-08,55.643402099609375
2020-12-09,55.082969665527344
2020-12-10,54.42755889892578
2020-12-11,53.90513610839844
2020-12-14,53.6961555480957
2020-12-15,54.968994140625
2020-12-16,54.75051498413086
2020-12-17,54.46556091308594
2020-12-18,54.551048278808594
2020-12-21,54.02861785888672
2020-12-22,53.43020248413086
2020-12-23,54.32307815551758
2020-12-24,54.152099609375
2020-12-28,56.02334976196289
2020-12-29,55.19696044921875
2020-12-30,55.79537582397461
2020-12-31,56.61226272583008
2021-01-04,55.04498291015625
2021-01-05,56.46028518676758
2021-01-06,55.60540771484375
2021-01-07,55.23495864868164
2021-01-08,55.01648712158203
2021-01-11,53.58218002319336
2021-01-12,53.78165054321289
2021-01-13,52.52781677246094
2021-01-14,52.88876724243164
2021-01-15,50.76106262207031
2021-01-19,51.72043991088867
2021-01-20,51.7014274597168
2021-01-21,52.60381317138672
2021-01-22,51.463966369628906
2021-01-25,50.32412338256836
2021-01-26,49.79220199584961
2021-01-27,46.58163833618164
2021-01-28,46.61962890625
2021-01-29,45.679256439208984
2021-02-01,46.610137939453125
2021-02-02,49.54522705078125
2021-02-03,51.1030158996582
2021-02-04,50.29562759399414
2021-02-05,52.78428649902344
2021-02-08,52.52781677246094
2021-02-09,51.672935485839844
2021-02-10,52.727298736572266
2021-02-11,52.242862701416016
2021-02-12,53.21173095703125
2021-02-16,54.57954025268555
2021-02-17,55.082969665527344
2021-02-18,55.32044982910156
2021-02-19,57.16319274902344
2021-02-22,58.644996643066406
2021-02-23,61.15264892578125
2021-02-24,61.56108093261719
2021-02-25,59.41437911987305
2021-02-26,59.461875915527344
2021-03-01,59.889320373535156
2021-03-02,61.69407272338867
2021-03-03,62.52045440673828
2021-03-04,59.224403381347656
2021-03-05,59.30989074707031
2021-03-08,60.08878707885742
2021-03-09,59.00593185424805
2021-03-10,58.910945892333984
2021-03-11,59.99380111694336
2021-03-12,59.31939697265625
2021-03-15,62.88139724731445
2021-03-16,61.713077545166016
2021-03-17,62.62494659423828
2021-03-18,61.52309036254883
2021-03-19,60.54472732543945
2021-03-22,59.71833419799805
2021-03-23,56.37480163574219
2021-03-24,56.1943244934082
2021-03-25,57.67612075805664
2021-03-26,57.94208908081055
2021-03-29,56.726253509521484
2021-03-30,58.15105438232422
2021-03-31,57.714107513427734
2021-04-01,58.74946975708008
2021-04-05,59.461875915527344
2021-04-06,60.42124557495117
2021-04-07,59.01544189453125
2021-04-08,59.461875915527344
2021-04-09,58.8349609375
2021-04-12,58.521507263183594
2021-04-13,57.94208908081055
2021-04-14,58.23653793334961
2021-04-15,58.21754455566406
2021-04-16,57.94208908081055
2021-04-19,57.58113098144531
2021-04-20,56.0803337097168
2021-04-21,57.714107513427734
2021-04-22,55.40592956542969
2021-04-23,56.764244079589844
2021-04-26,56.32730484008789
2021-04-27,57.68561935424805
2021-04-28,58.644996643066406
2021-04-29,58.12255859375
2021-04-30,58.18905258178711
2021-05-03,57.99907684326172
2021-05-04,56.36530303955078
2021-05-05,56.47929000854492
2021-05-06,54.399070739746094
2021-05-07,54.80751419067383
2021-05-10,54.27558517456055
2021-05-11,53.42070770263672
2021-05-12,52.18586730957031
2021-05-13,52.96476364135742
2021-05-14,54.99748611450195
2021-05-17,53.91462707519531
2021-05-18,53.86713409423828
2021-05-19,53.31621551513672
2021-05-20,54.864501953125
2021-05-21,54.826507568359375
2021-05-24,54.84550476074219
2021-05-25,54.77900695800781
2021-05-26,56.05183792114258
2021-05-27,55.6244010925293
2021-05-28,54.855010986328125
2021-06-01,56.23231506347656
2021-06-02,55.96634292602539
2021-06-03,53.91462707519531
2021-06-04,53.68666076660156
2021-06-07,53.68666076660156
2021-06-08,53.11674499511719
2021-06-09,52.328346252441406
2021-06-10,52.613311767578125
2021-06-11,52.84128189086914
2021-06-14,51.43547439575195
2021-06-15,51.568450927734375
2021-06-16,51.64443588256836
2021-06-17,51.42597198486328
2021-06-18,50.34312438964844
2021-06-21,51.83441925048828
2021-06-22,50.91304397583008
2021-06-23,50.69457244873047
2021-06-24,49.3172607421875
2021-06-25,50.03916549682617
2021-06-28,48.794837951660156
2021-06-29,48.614356994628906
2021-06-30,50.04865264892578
2021-07-01,50.46660232543945
2021-07-02,50.409610748291016
2021-07-06,48.94681167602539
2021-07-07,48.3009033203125
2021-07-08,47.730979919433594
2021-07-09,48.756839752197266
2021-07-12,48.462379455566406
2021-07-13,47.958946228027344
2021-07-14,47.60749816894531
2021-07-15,46.96158218383789
2021-07-16,45.42279052734375
2021-07-19,44.96685791015625
2021-07-20,45.384796142578125
2021-07-21,46.94257354736328
2021-07-22,44.852867126464844
2021-07-23,43.475563049316406
2021-07-26,43.07661056518555
2021-07-27,41.4333381652832
2021-07-28,42.27872085571289
2021-07-29,40.834922790527344
2021-07-30,40.22699737548828
2021-08-02,39.42911148071289
2021-08-03,38.11829376220703
2021-08-04,36.91195297241211
2021-08-05,38.72621154785156
2021-08-06,38.82119369506836
2021-08-09,38.60272979736328
2021-08-10,38.91618347167969
2021-08-11,38.935184478759766
2021-08-12,38.74520492553711
2021-08-13,37.95681381225586
2021-08-16,37.37739944458008
2021-08-17,36.70298767089844
2021-08-18,36.399024963378906
2021-08-19,34.92673110961914
2021-08-20,35.66762924194336
2021-08-23,37.73834228515625
2021-08-24,40.578453063964844
2021-08-25,41.0723876953125
2021-08-26,40.863426208496094
2021-08-27,41.708805084228516
2021-08-30,41.26236343383789
2021-08-31,42.373714447021484
2021-09-01,41.90827178955078
2021-09-02,41.80378723144531
2021-09-03,40.96790313720703
2021-09-07,42.677669525146484
2021-09-08,41.73729705810547
2021-09-09,41.4808235168457
2021-09-10,39.74256896972656
2021-09-13,40.73992919921875
2021-09-14,36.76947784423828
2021-09-15,36.14255905151367
2021-09-16,35.63913345336914
2021-09-17,36.25654220581055
2021-09-20,35.80060958862305
2021-09-21,33.805885314941406
2021-09-22,34.3093147277832
2021-09-23,35.41115951538086
2021-09-24,35.05021667480469
2021-09-27,36.00008010864258
2021-09-28,35.43015670776367
2021-09-29,34.57527542114258
2021-09-30,34.76525115966797
2021-10-01,36.26604080200195
2021-10-04,35.05970764160156
2021-10-05,35.59164047241211
2021-10-06,34.9077262878418
2021-10-07,35.259178161621094
2021-10-08,36.304039001464844
2021-10-11,37.130428314208984
2021-10-12,38.213279724121094
2021-10-13,38.04230499267578
2021-10-14,38.34626007080078
2021-10-15,38.08979797363281
2021-10-18,38.032806396484375
2021-10-19,38.27976989746094
2021-10-20,37.53887939453125
2021-10-21,36.82646560668945
2021-10-22,36.095069885253906
2021-10-25,36.0855712890625
2021-10-26,37.07343673706055
2021-10-27,38.27976989746094
2021-10-28,37.74784469604492
2021-10-29,36.864463806152344
2021-11-01,38.96367645263672
2021-11-02,38.65972137451172
2021-11-03,39.02067184448242
2021-11-04,37.74784469604492
2021-11-05,40.502464294433594
2021-11-08,39.48610305786133
2021-11-09,39.02067184448242
2021-11-10,38.032806396484375
2021-11-11,37.51987075805664
2021-11-12,37.7098503112793
2021-11-15,39.267635345458984
2021-11-16,38.60272979736328
2021-11-17,37.32040023803711
2021-11-18,36.617496490478516
2021-11-19,36.34202575683594
2021-11-22,38.593238830566406
2021-11-23,37.8143310546875
2021-11-24,38.00429916381836
2021-11-26,35.97158432006836
2021-11-29,35.39216232299805
2021-11-30,33.83437728881836
2021-12-01,32.276588439941406
2021-12-02,33.805885314941406
2021-12-03,32.56155014038086
2021-12-06,34.898231506347656
2021-12-07,35.21168899536133
2021-12-08,36.76947784423828
2021-12-09,36.199554443359375
2021-12-10,35.77211380004883
2021-12-13,35.07870101928711
2021-12-14,34.54677200317383
2021-12-15,34.204830169677734
2021-12-16,33.34994125366211
2021-12-17,33.66340637207031
2021-12-20,32.43806457519531
2021-12-21,35.1641960144043
2021-12-22,35.17369842529297
2021-12-23,36.655494689941406
2021-12-27,35.97158432006836
2021-12-28,35.762611389160156
2021-12-29,35.32567596435547
2021-12-30,35.791107177734375
2021-12-31,35.753116607666016
2022-01-03,36.90244674682617
2022-01-04,36.72197723388672
2022-01-05,35.11670684814453
2022-01-06,35.93359375
2022-01-07,36.00008010864258
2022-01-10,34.6037712097168
2022-01-11,36.90244674682617
2022-01-12,36.997440338134766
2022-01-13,35.77211380004883
2022-01-14,40.834922790527344
2022-01-18,40.93941116333008
2022-01-19,41.71829605102539
2022-01-20,41.42384338378906
2022-01-21,41.556827545166016
2022-01-24,42.63967514038086
2022-01-25,42.62067794799805
2022-01-26,41.90827178955078
2022-01-27,39.97053909301758
2022-01-28,40.94890594482422
2022-01-31,41.60431671142578
2022-02-01,42.411705017089844
2022-02-02,42.50669479370117
2022-02-03,41.708805084228516
2022-02-04,41.9842643737793
2022-02-07,43.21908950805664
2022-02-08,43.45655822753906
2022-02-09,44.36843490600586
2022-02-10,44.31144714355469
2022-02-11,42.89613723754883
2022-02-14,43.89350509643555
2022-02-15,45.36579895019531
2022-02-16,45.22332000732422
2022-02-17,44.700889587402344
2022-02-18,44.757877349853516
2022-02-22,43.14310836791992
2022-02-23,42.88664627075195
2022-02-24,41.39535140991211
2022-02-25,42.28821563720703
2022-02-28,40.7114372253418
2022-03-01,38.27976989746094
2022-03-02,42.17423629760742
2022-03-03,40.246002197265625
2022-03-04,38.75471115112305
2022-03-07,34.29031753540039
2022-03-08,35.14519500732422
2022-03-09,36.82646560668945
2022-03-10,36.66498565673828
2022-03-11,34.59426498413086
2022-03-14,30.481332778930664
2022-03-15,31.022762298583984
2022-03-16,34.70825958251953
2022-03-17,35.49665451049805
2022-03-18,37.00694274902344
2022-03-21,36.7504768371582
2022-03-22,37.063934326171875
2022-03-23,36.25654220581055
2022-03-24,37.73834228515625
2022-03-25,37.23491668701172
2022-03-28,36.940452575683594
2022-03-29,37.994808197021484
2022-03-30,37.662357330322266
2022-03-31,36.92146301269531
2022-04-01,37.53887939453125
2022-04-04,37.928321838378906
2022-04-05,35.93359375
2022-04-06,35.14519500732422
2022-04-07,34.29981231689453
2022-04-08,34.14783477783203
2022-04-11,33.2834587097168
2022-04-12,33.27395248413086
2022-04-13,34.43280029296875
2022-04-14,35.107200622558594
2022-04-18,34.812747955322266
2022-04-19,36.32304000854492
2022-04-20,36.57950210571289
2022-04-21,35.344669342041016
2022-04-22,34.57527542114258
2022-04-25,34.47079849243164
2022-04-26,33.007991790771484
2022-04-27,33.09348678588867
2022-04-28,33.8913688659668
2022-04-29,33.65390396118164
2022-05-02,34.850738525390625
2022-05-03,34.6037712097168
2022-05-04,35.20219039916992
2022-05-05,33.76788330078125
2022-05-06,32.57105255126953
2022-05-09,30.262866973876953
2022-05-10,29.635950088500977
2022-05-11,28.8095645904541
2022-05-12,28.629087448120117
2022-05-13,32.94149398803711
2022-05-16,31.69716453552246
2022-05-17,32.95100021362305
2022-05-18,32.124610900878906
2022-05-19,31.592687606811523
2022-05-20,31.782651901245117
2022-05-23,31.33622169494629
2022-05-24,29.426977157592773
2022-05-25,30.46233558654785
2022-05-26,32.45706558227539
2022-05-27,32.88450622558594
2022-05-31,33.68239212036133
2022-06-01,33.39743423461914
2022-06-02,33.748897552490234
2022-06-03,33.20745849609375
2022-06-06,33.72038650512695
2022-06-07,34.03385543823242
2022-06-08,35.515647888183594
2022-06-09,33.52091598510742
2022-06-10,31.820653915405273
2022-06-13,29.066030502319336
2022-06-14,30.652311325073242
2022-06-15,31.003761291503906
2022-06-16,29.322498321533203
2022-06-17,30.08238983154297
2022-06-21,30.12038230895996
2022-06-22,30.015901565551758
2022-06-23,29.99690055847168
2022-06-24,31.75415802001953
2022-06-27,31.507190704345703
2022-06-28,32.78002166748047
2022-06-29,31.925138473510742
2022-06-30,31.906139373779297
2022-07-01,33.51142501831055
2022-07-05,33.01748275756836
2022-07-06,32.96050262451172
2022-07-07,33.55891418457031
2022-07-08,32.65653991699219
2022-07-11,30.59531593322754
2022-07-12,31.58318519592285
2022-07-13,31.564186096191406
2022-07-14,32.53306198120117
2022-07-15,32.799015045166016
2022-07-18,32.91300964355469
2022-07-19,33.748897552490234
2022-07-20,35.22119140625
2022-07-21,37.53887939453125
2022-07-22,37.035438537597656
2022-07-25,36.90244674682617
2022-07-26,36.304039001464844
2022-07-27,37.016441345214844
2022-07-28,36.5890007019043
2022-07-29,35.80060958862305
2022-08-01,35.87660217285156
2022-08-02,36.237552642822266
2022-08-03,37.00694274902344
2022-08-04,37.32989501953125
2022-08-05,36.44651412963867
2022-08-08,35.32567596435547
2022-08-09,35.05021667480469
2022-08-10,34.812747955322266
2022-08-11,35.80060958862305
2022-08-12,36.73147964477539
2022-08-15,36.7504768371582
2022-08-16,36.36103057861328
2022-08-17,35.57263946533203
2022-08-18,35.8291130065918
2022-08-19,35.74361038208008
2022-08-22,34.76525115966797
2022-08-23,35.03121566772461
2022-08-24,35.97158432006836
2022-08-25,37.11143112182617
2022-08-26,36.0285758972168
2022-08-29,35.99058151245117
2022-08-30,34.812747955322266
2022-08-31,35.74361038208008
2022-09-01,34.860233306884766
2022-09-02,34.394798278808594
2022-09-06,33.67290115356445
2022-09-07,34.57527542114258
2022-09-08,35.762611389160156
2022-09-09,36.25654220581055
2022-09-12,36.807464599609375
2022-09-13,35.943084716796875
2022-09-14,36.237552642822266
2022-09-15,37.700340270996094
2022-09-16,36.70298767089844
2022-09-19,36.87396240234375
2022-09-20,37.31089782714844
2022-09-21,34.78424835205078
2022-09-22,33.52091598510742
2022-09-23,33.69189453125
2022-09-26,37.67185592651367
2022-09-27,37.728843688964844
2022-09-28,37.7193489074707
2022-09-29,36.5984992980957
2022-09-30,35.63913345336914
2022-10-03,36.66498565673828
2022-10-04,39.89454650878906
2022-10-05,40.48347473144531
2022-10-06,40.91090774536133
2022-10-07,40.36948013305664
2022-10-10,37.32040023803711
2022-10-11,34.53727722167969
2022-10-12,34.670265197753906
2022-10-13,33.95785903930664
2022-10-14,33.45443344116211
2022-10-17,33.90086364746094
2022-10-18,34.0528450012207
2022-10-19,33.81538009643555
2022-10-20,35.705623626708984
2022-10-21,37.11143112182617
2022-10-24,33.29295349121094
2022-10-25,33.026981353759766
2022-10-26,33.69189453125
2022-10-27,33.29295349121094
2022-10-28,35.230682373046875
2022-10-31,36.10456085205078
2022-11-01,36.70298767089844
2022-11-02,36.26604080200195
2022-11-03,35.95258712768555
2022-11-04,38.222782135009766
2022-11-07,38.65972137451172
2022-11-08,38.62171936035156
2022-11-09,37.94731903076172
2022-11-10,38.99217224121094
2022-11-11,41.148380279541016
2022-11-14,40.84442138671875
2022-11-15,41.7277946472168
2022-11-16,41.708805084228516
2022-11-17,42.06025695800781
2022-11-18,41.4333381652832
2022-11-21,40.246002197265625
2022-11-22,40.54995346069336
2022-11-23,40.90141677856445
2022-11-25,41.00589370727539
2022-11-28,41.46183395385742
2022-11-29,42.421207427978516
2022-11-30,44.491920471191406
2022-12-01,44.53941345214844
2022-12-02,45.55577087402344
2022-12-05,45.308815002441406
2022-12-06,44.453922271728516
2022-12-07,44.76737976074219
2022-12-08,45.88822937011719
2022-12-09,44.938358306884766
2022-12-12,45.93572235107422
2022-12-13,46.23018264770508
2022-12-14,46.30617141723633
2022-12-15,46.21118927001953
2022-12-16,45.10934066772461
2022-12-19,44.03598403930664
2022-12-20,44.05498123168945
2022-12-21,44.53941345214844
2022-12-22,44.18796920776367
2022-12-23,44.18796920776367
2022-12-27,46.03070831298828
2022-12-28,43.86500930786133
2022-12-29,44.71989440917969
2022-12-30,45.66025924682617
2023-01-03,46.857093811035156
2023-01-04,49.28876876831055
2023-01-05,48.94681167602539
2023-01-06,48.984806060791016
2023-01-09,50.13414764404297
2023-01-10,51.1030158996582
2023-01-11,50.57109451293945
2023-01-12,50.81805419921875
2023-01-13,52.21437072753906
2023-01-17,51.72043991088867
2023-01-18,51.65393829345703
2023-01-19,51.64443588256836
2023-01-20,51.83441925048828
2023-01-23,52.613311767578125
2023-01-24,52.689300537109375
2023-01-25,52.26185607910156
2023-01-26,55.44392395019531
2023-01-27,55.96634292602539
2023-01-30,54.97848892211914
2023-01-31,56.04234313964844
2023-02-01,55.96634292602539
2023-02-02,54.52254867553711
2023-02-03,55.16846466064453
2023-02-06,54.94999313354492
2023-02-07,55.13045883178711
2023-02-08,54.646034240722656
2023-02-09,54.63654327392578
2023-02-10,53.962127685546875
2023-02-13,54.63654327392578
2023-02-14,54.67453384399414
2023-02-15,53.71516418457031
2023-02-16,53.97162628173828
2023-02-17,53.21173095703125
2023-02-21,53.525184631347656
2023-02-22,54.47505569458008
2023-02-23,53.62967300415039
2023-02-24,53.33521270751953
2023-02-27,53.21173095703125
2023-02-28,54.58904266357422
2023-03-01,55.6338996887207
2023-03-02,57.1536865234375
2023-03-03,57.75210952758789
2023-03-06,56.93522644042969
2023-03-07,56.04234313964844
2023-03-08,56.0898323059082
2023-03-09,53.68666076660156
2023-03-10,53.39220428466797
2023-03-13,53.135738372802734
2023-03-14,53.07875442504883
2023-03-15,50.447601318359375
2023-03-16,51.73942947387695
2023-03-17,51.94839859008789
2023-03-20,52.204856872558594
2023-03-21,52.39484405517578
2023-03-22,51.710941314697266
2023-03-23,51.98639678955078
2023-03-24,51.625450134277344
2023-03-27,51.53996276855469
2023-03-28,51.84392166137695
2023-03-29,52.14788055419922
2023-03-30,52.755794525146484
2023-03-31,54.570045471191406
2023-04-03,55.77638244628906
2023-04-04,54.7695198059082
2023-04-05,53.71516418457031
2023-04-06,54.152099609375
2023-04-10,54.161598205566406
2023-04-11,53.12623596191406
2023-04-12,53.07875442504883
2023-04-13,54.646034240722656
2023-04-14,55.32994079589844
2023-04-17,55.25394821166992
2023-04-18,56.37480163574219
2023-04-19,56.38429641723633
2023-04-20,58.445518493652344
2023-04-21,59.889320373535156
2023-04-24,60.74420166015625
2023-04-25,59.28140640258789
2023-04-26,58.70197296142578
2023-04-27,59.10092544555664
2023-04-28,60.64921569824219
2023-05-01,61.60858154296875
2023-05-02,60.440242767333984
2023-05-03,58.350521087646484
2023-05-04,58.60699462890625
2023-05-05,58.55950164794922
2023-05-08,59.08192825317383
2023-05-09,59.243404388427734
2023-05-10,59.385887145996094
2023-05-11,58.084564208984375
2023-05-12,57.106201171875
2023-05-15,56.94471740722656
2023-05-16,55.48191833496094
2023-05-17,56.65025329589844
2023-05-18,57.60013198852539
2023-05-19,57.4576530456543
2023-05-22,56.50777816772461
2023-05-23,52.91727066040039
2023-05-24,53.09775161743164
2023-05-25,53.021759033203125
2023-05-26,53.525184631347656
2023-05-30,52.271358489990234
2023-05-31,52.3663444519043
2023-06-01,52.67030334472656
2023-06-02,55.98534393310547
2023-06-05,54.855010986328125
2023-06-06,55.93785858154297
2023-06-07,55.55791473388672
2023-06-08,54.92148971557617
2023-06-09,55.54840850830078
2023-06-12,55.994842529296875
2023-06-13,56.403297424316406
2023-06-14,56.83073806762695
2023-06-15,55.71938705444336
2023-06-16,55.51991653442383
2023-06-20,55.74787521362305
2023-06-21,55.396427154541016
2023-06-22,55.2254524230957
2023-06-23,54.40856170654297
2023-06-26,55.11146926879883
2023-06-27,55.59590530395508
2023-06-28,54.83600616455078
2023-06-29,54.50355529785156
2023-06-30,55.09247589111328
2023-07-03,55.65289306640625
2023-07-05,52.52781677246094
2023-07-06,51.976898193359375
2023-07-07,52.9267692565918
2023-07-10,54.741024017333984
2023-07-11,55.54840850830078
2023-07-12,56.30830383300781
2023-07-13,57.11569595336914
2023-07-14,57.88508605957031
2023-07-17,56.42229461669922
2023-07-18,56.99220657348633
2023-07-19,56.66925048828125
2023-07-20,53.61067581176758
2023-07-21,53.16422653198242
2023-07-24,53.6961555480957
2023-07-25,54.47505569458008
2023-07-26,55.6338996887207
2023-07-27,55.40592956542969
2023-07-28,56.251312255859375
2023-07-31,56.811737060546875
2023-08-01,56.26081085205078
2023-08-02,55.13996887207031
2023-08-03,55.158958435058594
2023-08-04,55.03548049926758
2023-08-07,55.41674041748047
2023-08-08,54.82578659057617
2023-08-09,54.18716812133789
2023-08-10,54.711402893066406
2023-08-11,53.76777648925781
2023-08-14,53.18634796142578
2023-08-15,52.08068084716797
2023-08-16,51.11799240112305
2023-08-17,50.97501754760742
2023-08-18,50.84157180786133
2023-08-21,50.51749801635742
2023-08-22,50.9368896484375
2023-08-23,51.45159912109375
2023-08-24,50.87016677856445
2023-08-25,50.15530014038086
2023-08-28,51.29909133911133
2023-08-29,52.023494720458984
2023-08-30,52.33802795410156
2023-08-31,52.29037857055664
2023-09-01,52.35710144042969
2023-09-05,50.14576721191406
2023-09-06,49.97419738769531
2023-09-07,47.44832229614258
2023-09-08,46.58094787597656
2023-09-11,46.58094787597656
2023-09-12,46.6953239440918
2023-09-13,46.56188201904297
2023-09-14,46.63813400268555
2023-09-15,46.45703125
2023-09-18,46.8097038269043
2023-09-19,46.35219192504883
2023-09-20,45.66591262817383
2023-09-21,43.69287109375
2023-09-22,43.64521026611328
2023-09-25,43.2162971496582
2023-09-26,43.15909957885742
2023-09-27,43.99787521362305
2023-09-28,43.41645431518555
2023-09-29,43.69287109375
2023-10-02,43.55943298339844
2023-10-03,42.63486099243164
2023-10-04,42.14875793457031
2023-10-05,42.034366607666016
2023-10-06,43.397396087646484
2023-10-09,43.5784912109375
2023-10-10,44.15038299560547
2023-10-11,44.341026306152344
2023-10-12,43.79772186279297
2023-10-13,42.692047119140625
2023-10-16,43.263946533203125
2023-10-17,43.19722366333008
2023-10-18,42.510948181152344
2023-10-19,43.73099136352539
2023-10-20,43.19722366333008
2023-10-23,44.27429962158203
2023-10-24,45.4085578918457
2023-10-25,44.989166259765625
2023-10-26,45.303714752197266
2023-10-27,44.836666107177734
2023-10-30,45.58012390136719
2023-10-31,45.23699188232422
2023-11-01,44.54117965698242
2023-11-02,46.40938186645508
2023-11-03,46.55234909057617
2023-11-06,47.078739166259766
2023-11-07,46.22694396972656
2023-11-08,46.06424331665039
2023-11-09,45.83454513549805
2023-11-10,45.70054626464844
2023-11-13,45.566558837890625
2023-11-14,47.34673309326172
2023-11-15,47.164878845214844
2023-11-16,47.01175308227539
2023-11-17,46.97346878051758
2023-11-20,47.164878845214844
2023-11-21,47.318016052246094
2023-11-22,47.164878845214844
2023-11-24,46.820335388183594
2023-11-27,46.47578430175781
2023-11-28,45.61441421508789
2023-11-29,43.39399337768555
2023-11-30,44.14051055908203
2023-12-01,44.79132080078125
2023-12-04,43.67154312133789
2023-12-05,42.94416427612305
2023-12-06,42.90587615966797
2023-12-07,42.92502212524414
2023-12-08,44.39892578125
2023-12-11,45.566558837890625
2023-12-12,45.77711868286133
2023-12-13,46.542789459228516
2023-12-14,46.52363967895508
2023-12-15,45.81539535522461
2023-12-18,45.6814079284668
2023-12-19,47.14574432373047
2023-12-20,45.50913619995117
2023-12-21,46.69591522216797
2023-12-22,46.820335388183594
2023-12-26,46.935184478759766
2023-12-27,46.45664596557617
2023-12-28,46.98303985595703
2023-12-29,47.09788513183594
2024-01-02,49.126895904541016
2024-01-03,48.495216369628906
2024-01-04,48.0932502746582
2024-01-05,48.62921905517578
2024-01-08,49.557579040527344
2024-01-09,47.86355209350586
2024-01-10,47.17445373535156
2024-01-11,47.61471176147461
2024-01-12,47.48072052001953
2024-01-16,46.935184478759766
2024-01-17,46.159950256347656
2024-01-18,47.39458084106445
2024-01-19,46.75333786010742
2024-01-22,45.87282943725586
2024-01-23,46.91604232788086
2024-01-24,47.50943374633789
2024-01-25,47.99753952026367
2024-01-26,47.8826904296875
2024-01-29,48.236812591552734
2024-01-30,47.385013580322266
2024-01-31,46.820335388183594
2024-02-01,48.66749954223633
2024-02-02,48.31338119506836
2024-02-05,49.11091613769531
2024-02-06,50.12945556640625
2024-02-07,50.686767578125
2024-02-08,51.51313400268555
2024-02-09,51.52273941040039
2024-02-12,52.32988739013672
2024-02-13,51.753353118896484
2024-02-14,52.34910202026367
2024-02-15,52.81993865966797
2024-02-16,53.0889892578125
2024-02-20,50.98463821411133
2024-02-21,51.397830963134766
2024-02-22,51.55156707763672
2024-02-23,52.608543395996094
2024-02-26,51.820621490478516
2024-02-27,51.31134796142578
2024-02-28,51.52273941040039
2024-02-29,52.387535095214844
2024-03-01,49.274269104003906
2024-03-04,48.71695327758789
2024-03-05,48.918739318847656
2024-03-06,48.601646423339844
2024-03-07,49.47605895996094
2024-03-08,49.49526596069336
2024-03-11,50.552249908447266
2024-03-12,50.87894821166992
2024-03-13,51.263301849365234
2024-03-14,50.3120231628418
2024-03-15,49.0340461730957
2024-03-18,48.63047409057617
2024-03-19,48.793819427490234
2024-03-20,48.592041015625
2024-03-21,48.38064193725586
2024-03-22,48.140419006347656
2024-03-25,48.35181427001953
2024-03-26,48.861083984375
2024-03-27,49.46643829345703
2024-03-28,49.67783737182617
2024-04-01,51.099952697753906
2024-04-02,50.84051513671875
2024-04-03,51.84944534301758
2024-04-04,50.53303146362305
2024-04-05,51.099952697753906
2024-04-08,50.388893127441406
2024-04-09,50.39850616455078
2024-04-10,49.831581115722656
2024-04-11,49.59135818481445
2024-04-12,48.457515716552734
2024-04-15,48.28455352783203
2024-04-16,48.53437805175781
2024-04-17,48.26533508300781
2024-04-18,44.08547592163086
2024-04-19,43.68190383911133
2024-04-22,44.73888397216797
2024-04-23,44.210391998291016
2024-04-24,44.04704284667969
2024-04-25,43.76838684082031
2024-04-26,43.67229461669922
2024-04-29,43.9605598449707
2024-04-30,42.62493133544922
2024-05-01,42.79789733886719
2024-05-02,44.82536315917969
2024-05-03,45.0367546081543
2024-05-06,45.374507904052734
2024-05-07,45.08500671386719
2024-05-08,45.13325500488281
2024-05-09,45.5482063293457
2024-05-10,44.91130828857422
2024-05-13,45.27800750732422
2024-05-14,44.698997497558594
2024-05-15,44.49635314941406
2024-05-16,44.988502502441406
2024-05-17,45.3841552734375
2024-05-20,45.18150329589844
2024-05-21,44.59285354614258
2024-05-22,44.26475143432617
2024-05-23,43.23219680786133
2024-05-24,43.30939483642578
2024-05-28,43.16464614868164
2024-05-29,42.36369323730469
2024-05-30,42.4601936340332
2024-05-31,43.45415115356445
2024-06-03,43.290096282958984
2024-06-04,42.04524230957031
2024-06-05,42.07419204711914
2024-06-06,42.13209533691406
2024-06-07,43.444496154785156
2024-06-10,43.16464614868164
2024-06-11,42.575992584228516
2024-06-12,42.69179916381836
2024-06-13,42.527748107910156
2024-06-14,41.73644256591797
2024-06-17,42.79794692993164
2024-06-18,42.749691009521484
2024-06-20,43.04884719848633
2024-06-21,44.3033561706543
2024-06-24,43.27079391479492
2024-06-25,42.8172492980957
2024-06-26,42.2768440246582
2024-06-27,42.59529113769531
2024-06-28,42.70144271850586
2024-07-01,41.379390716552734
2024-07-02,40.82933807373047
2024-07-03,41.06093215942383
2024-07-05,40.617034912109375
2024-07-08,39.99943542480469
2024-07-09,40.16347885131836
2024-07-10,39.980133056640625
2024-07-11,40.8389892578125
2024-07-12,41.23463439941406
2024-07-15,40.77143478393555
2024-07-16,41.39868927001953
2024-07-17,40.85828399658203
2024-07-18,39.66168212890625
2024-07-19,39.63273239135742
2024-07-22,39.96083450317383
2024-07-23,39.69062805175781
2024-07-24,38.90898132324219
2024-07-25,37.9632682800293
2024-07-26,37.80887985229492
2024-07-29,38.165924072265625
2024-07-30,38.08872604370117
2024-07-31,38.2817268371582
2024-08-01,37.123714447021484
2024-08-02,36.72806930541992
2024-08-05,36.53506851196289
2024-08-06,37.3499755859375
2024-08-07,37.33057403564453
2024-08-08,38.63054275512695
2024-08-09,37.41788864135742
2024-08-12,37.29176712036133
2024-08-13,38.20368576049805
2024-08-14,38.320106506347656
2024-08-15,38.9312858581543
2024-08-16,39.16411590576172
2024-08-19,39.629783630371094
2024-08-20,39.74619674682617
2024-08-21,40.056640625
2024-08-22,39.84320831298828
2024-08-23,39.38724136352539
2024-08-26,39.338741302490234
2024-08-27,38.74696350097656
2024-08-28,37.84474182128906
2024-08-29,37.48579025268555
2024-08-30,37.825340270996094
2024-09-03,37.52459716796875
2024-09-04,38.66935348510742
2024-09-05,38.7857666015625
2024-09-06,38.51413345336914
2024-09-09,38.805171966552734
2024-09-10,38.10667037963867
2024-09-11,38.18429183959961
2024-09-12,38.23279571533203
2024-09-13,38.8245735168457
2024-09-16,39.057403564453125
2024-09-17,40.16334915161133
2024-09-18,39.571571350097656
2024-09-19,40.842437744140625
2024-09-20,40.72602462768555
2024-09-23,40.87154769897461
2024-09-24,43.0543327331543
2024-09-25,43.4811897277832
2024-09-26,46.954254150390625
2024-09-27,49.59300231933594
2024-09-30,48.836307525634766
2024-10-01,50.28179931640625
2024-10-02,50.2720947265625
2024-10-03,50.41761779785156
2024-10-04,51.00939178466797
2024-10-07,51.736995697021484
2024-10-08,50.29150390625
2024-10-09,50.37881851196289
2024-10-10,50.456417083740234
2024-10-11,51.29072952270508
2024-10-14,50.708656311035156
2024-10-15,49.42808532714844
2024-10-16,50.13628005981445
2024-10-17,49.28256607055664
2024-10-18,50.010162353515625
2024-10-21,49.64150619506836
2024-10-22,50.20418930053711
2024-10-23,49.5153923034668
2024-10-24,50.902679443359375
2024-10-25,51.184017181396484
2024-10-28,52.01832962036133
2024-10-29,51.795204162597656
2024-10-30,51.348941802978516
2024-10-31,50.30119705200195
2024-11-01,50.184783935546875
2024-11-04,49.835540771484375
2024-11-05,49.02717971801758
2024-11-06,49.3777961730957
2024-11-07,50.117977142333984
2024-11-08,49.06614303588867
2024-11-11,49.319358825683594
2024-11-12,47.97534942626953
2024-11-13,48.238304138183594
2024-11-14,47.26438522338867
2024-11-15,46.709251403808594
2024-11-18,47.85847854614258
2024-11-19,47.89743423461914
2024-11-20,48.608394622802734
2024-11-21,48.764225006103516
2024-11-22,48.773963928222656
2024-11-25,50.059539794921875
2024-11-26,49.59205627441406
2024-11-27,50.079017639160156
2024-11-29,51.676246643066406
2024-12-02,53.56565475463867
2024-12-03,52.49434280395508
2024-12-04,53.17608642578125
2024-12-05,52.435909271240234
2024-12-06,52.58199691772461
2024-12-09,53.731224060058594
2024-12-10,53.448787689208984
2024-12-11,53.03000259399414
2024-12-12,52.396949768066406
2024-12-13,52.465126037597656
2024-12-16,51.12111282348633
2024-12-17,52.24112319946289
2024-12-18,49.68944549560547
2024-12-19,49.94266891479492
2024-12-20,50.88737106323242
2024-12-23,50.31276321411133
2024-12-24,50.53675842285156
2024-12-26,50.61467361450195
2024-12-27,50.50754165649414
2024-12-30,49.3777961730957
2024-12-31,50.02058410644531
2025-01-02,48.598663330078125
2025-01-03,49.105098724365234
2025-01-06,49.60179901123047
2025-01-07,48.2090950012207
2025-01-08,47.86821746826172
2025-01-10,45.97880935668945
2025-01-13,45.64767837524414
2025-01-14,43.826446533203125
2025-01-15,43.04730987548828
2025-01-16,42.833045959472656
2025-01-17,43.24209213256836
2025-01-21,44.177059173583984
2025-01-22,42.85252380371094
2025-01-23,42.31686782836914
2025-01-24,42.365562438964844
2025-01-27,42.31686782836914
2025-01-28,42.102603912353516
2025-01-29,42.29738998413086
2025-01-30,46.98194885253906
2025-01-31,44.63479995727539
2025-02-03,43.758270263671875
2025-02-04,43.36869812011719
2025-02-05,42.394779205322266
2025-02-06,41.216339111328125
2025-02-07,41.85912322998047
2025-02-10,40.82072448730469
2025-02-11,40.4092903137207
2025-02-12,41.0362434387207
2025-02-13,41.3497200012207
2025-02-14,42.48607635498047
2025-02-18,42.92690658569336
2025-02-19,43.14242935180664
2025-02-20,44.053470611572266
2025-02-21,43.12282943725586
2025-02-24,44.190616607666016
2025-02-25,43.455902099609375
2025-02-26,42.8387451171875
2025-02-27,42.84854507446289
2025-02-28,43.798770904541016
2025-03-03,44.50409698486328
2025-03-04,44.171024322509766
2025-03-05,45.11145782470703
2025-03-06,44.46491241455078
2025-03-07,44.141639709472656
2025-03-10,44.415931701660156
2025-03-11,43.90652847290039
2025-03-12,41.91790771484375
2025-03-13,41.908103942871094
2025-03-14,42.30974578857422
2025-03-17,42.779964447021484
2025-03-18,42.388118743896484
2025-03-19,43.01507568359375
2025-03-20,42.00606918334961
2025-03-21,41.07543182373047
2025-03-24,40.654197692871094
2025-03-25,39.44926071166992
2025-03-26,39.48844528198242
2025-03-27,39.49824142456055
2025-03-28,37.40186309814453
2025-03-31,37.842689514160156
2025-04-01,38.35209274291992
2025-04-02,38.24433517456055
2025-04-03,35.667930603027344
2025-04-04,32.689884185791016
2025-04-07,31.445772171020508
2025-04-08,30.07430648803711
2025-04-09,33.04255294799805
2025-04-10,31.073516845703125
2025-04-11,31.435976028442383
2025-04-14,31.465364456176758
2025-04-15,32.004154205322266
2025-04-16,31.21066665649414
2025-04-17,32.10211944580078
2025-04-21,31.89640235900879
2025-04-22,33.24827194213867
2025-04-23,33.67930603027344
2025-04-24,35.86385726928711
2025-04-25,35.158531188964844
2025-04-28,35.30547332763672
2025-04-29,35.82467269897461
2025-04-30,35.92262649536133
2025-05-01,36.05978012084961
2025-05-02,37.294097900390625
2025-05-05,37.52920913696289
2025-05-06,38.26875305175781
2025-05-07,39.028011322021484
2025-05-08,39.20549774169922
2025-05-09,39.235076904296875
2025-05-12,41.798824310302734
2025-05-13,41.72979736328125
2025-05-14,41.828399658203125
2025-05-15,41.55230712890625
2025-05-16,41.83826446533203
2025-05-19,41.719940185546875
2025-05-20,40.36904525756836
2025-05-21,39.74782943725586
2025-05-22,39.5308952331543
2025-05-23,39.24494171142578
2025-05-27,41.05928039550781
2025-05-28,40.04364776611328
2025-05-29,40.645137786865234
2025-05-30,40.58597183227539
2025-06-02,40.53667068481445
2025-06-03,41.542449951171875
2025-06-04,40.77332305908203
2025-06-05,39.698524475097656
2025-06-06,39.659080505371094
2025-06-09,41.31565475463867
2025-06-10,41.89742660522461
2025-06-11,41.256492614746094
2025-06-12,41.32551574707031
2025-06-13,39.767555236816406
2025-06-16,42.21296310424805
2025-06-17,41.167747497558594
2025-06-18,41.19732666015625
2025-06-20,41.098724365234375
2025-06-23,41.36495590209961
2025-06-24,42.03547286987305
2025-06-25,42.30171203613281
2025-06-26,43.01166534423828
2025-06-27,43.50469207763672
2025-06-30,42.9031982421875
2025-07-01,46.71923065185547
2025-07-02,47.182674407958984
2025-07-03,47.547515869140625
2025-07-07,47.66584014892578
2025-07-08,48.42510223388672
2025-07-09,48.918128967285156
2025-07-10,49.81543731689453
2025-07-11,49.11534118652344
2025-07-14,49.529483795166016
2025-07-15,49.164642333984375
2025-07-16,48.43496322631836
2025-07-17,48.24760818481445
2025-07-18,47.99123764038086
2025-07-21,47.59681701660156
2025-07-22,47.84333038330078
2025-07-23,48.01095962524414
2025-07-24,50.08167266845703
2025-07-25,51.6790771484375
2025-07-28,51.757965087890625
2025-07-29,51.61005783081055
2025-07-30,52.23127365112305
2025-07-31,51.669219970703125
2025-08-01,51.53116989135742
2025-08-04,51.669219970703125
2025-08-05,51.71875762939453
2025-08-06,52.23396682739258
2025-08-07,52.52128982543945
2025-08-08,52.14479446411133
2025-08-11,52.53119659423828
2025-08-12,53.3931770324707
2025-08-13,53.829124450683594
2025-08-14,53.621055603027344
2025-08-15,53.16529846191406
2025-08-18,52.31322479248047
2025-08-19,53.10585021972656
2025-08-20,53.12566375732422
2025-08-21,53.01668167114258
2025-08-22,54.54248046875
2025-08-25,55.701698303222656
2025-08-26,55.67197036743164
2025-08-27,56.17727279663086
2025-08-28,57.17795944213867
2025-08-29,57.098697662353516
2025-09-02,56.484413146972656
2025-09-03,54.85953140258789
2025-09-04,54.601932525634766
2025-09-05,53.20492935180664
2025-09-08,53.25446701049805
2025-09-09,53.50216293334961
2025-09-10,53.997554779052734
2025-09-11,54.20561599731445
2025-09-12,53.006771087646484
2025-09-15,52.60055160522461
2025-09-16,51.381893157958984
2025-09-17,52.224056243896484
2025-09-18,52.719444274902344
2025-09-19,53.37335968017578
2025-09-22,52.37267303466797
2025-09-23,52.58073425292969
2025-09-24,52.5014762878418
2025-09-25,52.570831298828125
2025-09-26,53.51206970214844
2025-09-29,54.740638732910156
2025-09-30,53.29410171508789
2025-10-01,54.26506423950195
2025-10-02,54.54248046875
2025-10-03,50.500099182128906
2025-10-06,51.78811264038086
2025-10-07,51.322444915771484
2025-10-08,52.778892517089844
2025-10-09,51.381893157958984
2025-10-10,49.15263748168945
2025-10-13,46.04158401489258
2025-10-14,47.597110748291016
2025-10-15,48.577980041503906
2025-10-16,48.68696975708008
2025-10-17,48.09250259399414
2025-10-20,49.27153015136719
2025-10-21,50.153324127197266
2025-10-22,50.153324127197266
2025-10-23,56.36552047729492
2025-10-24,57.068973541259766
2025-10-27,58.89200973510742
2025-10-28,57.66344451904297
2025-10-29,58.238094329833984
2025-10-30,58.40652847290039
2025-10-31,58.80284118652344
2025-11-03,61.1609001159668
2025-11-04,60.961936950683594
2025-11-05,62.215396881103516
2025-11-06,62.4640998840332
2025-11-07,64.87153625488281
2025-11-10,65.78675842285156
2025-11-11,66.64229583740234
2025-11-12,66.30406951904297
2025-11-13,65.25951385498047
2025-11-14,65.04065704345703
2025-11-17,64.54325103759766
2025-11-18,64.44377136230469
2025-11-19,63.71756362915039
2025-11-20,63.15052032470703
2025-11-21,63.9762077331543
2025-11-24,65.32914733886719
2025-11-25,67.27897644042969
2025-11-26,67.89575958251953
2025-11-28,67.80622863769531
2025-12-01,69.12932586669922
2025-12-02,68.15441131591797
2025-12-03,66.53286743164062
2025-12-04,66.05536651611328
2025-12-05,65.90614318847656
2025-12-08,66.7318344116211
2025-12-09,66.085205078125
2025-12-10,66.125
2025-12-11,65.85639953613281
2025-12-12,64.90138244628906
2025-12-15,66.64229583740234
2025-12-16,66.97058868408203
2025-12-17,66.1448974609375
2025-12-18,66.61245727539062
2025-12-19,66.60250854492188
2025-12-22,66.5627212524414
2025-12-23,65.85639953613281
2025-12-24,65.96582794189453
2025-12-26,65.85639953613281
2025-12-29,65.29930877685547
2025-12-30,64.7621078491211
2025-12-31,64.75215911865234
2026-01-02,64.87153625488281
2026-01-05,64.30449676513672
2026-01-06,63.44895935058594
2026-01-07,61.11116027832031
2026-01-08,61.57872009277344
2026-01-09,58.6440315246582
2026-01-12,59.57915115356445
2026-01-13,59.56920623779297
2026-01-14,59.5890998840332
2026-01-15,60.295413970947266
2026-01-16,58.6440315246582
2026-01-20,58.23616027832031
2026-01-21,59.29065704345703
2026-01-22,59.62889099121094
2026-01-23,59.63883972167969
2026-01-26,60.56401443481445
2026-01-27,60.03676223754883
2026-01-28,60.942039489746094
2026-01-29,52.43641662597656
2026-01-30,52.45631408691406
2026-02-02,55.35121154785156
2026-02-03,56.64446258544922
2026-02-04,57.20155715942383
2026-02-05,56.64446258544922
2026-02-06,57.5
2026-02-09,57.18000030517578
2026-02-10,57.02000045776367
2026-02-11,57.709999084472656
2026-02-12,56.83000183105469
2026-02-13,57.150001525878906
2026-02-17,57.52000045776367
2026-02-18,58.84000015258789
2026-02-19,58.09000015258789
2026-02-20,58.0099983215332
2026-02-23,55.720001220703125
2026-02-24,55.04999923706055
2026-02-25,55.06999969482422
2026-02-26,56.13999938964844
