Date,Close
2014-04-16,11.238333702087402
2014-04-17,11.212546348571777
2014-04-21,11.152384757995605
2014-04-22,11.28131103515625
2014-04-23,11.552061080932617
2014-04-24,11.934552192687988
2014-04-25,11.586444854736328
2014-04-28,11.60363483428955
2014-04-29,11.582148551940918
2014-04-30,11.414541244506836
2014-05-01,11.48759651184082
2014-05-02,11.54776382446289
2014-05-05,11.461811065673828
2014-05-06,11.362969398498535
2014-05-07,11.48759651184082
2014-05-08,11.298501968383789
2014-05-09,11.840005874633789
2014-05-12,12.033393859863281
2014-05-13,12.678045272827148
2014-05-14,12.562007904052734
2014-05-15,12.527626037597656
2014-05-16,12.570597648620605
2014-05-19,12.884330749511719
2014-05-20,12.768295288085938
2014-05-21,12.935903549194336
2014-05-22,13.021856307983398
2014-05-23,12.99606990814209
2014-05-27,13.0519437789917
2014-05-28,13.013259887695312
2014-05-29,13.077725410461426
2014-05-30,13.52038288116455
2014-06-02,13.443021774291992
2014-06-03,13.838406562805176
2014-06-04,13.872784614562988
2014-06-05,13.928656578063965
2014-06-06,14.079072952270508
2014-06-09,14.401395797729492
2014-06-10,14.32404613494873
2014-06-11,14.319744110107422
2014-06-12,14.715129852294922
2014-06-13,14.654961585998535
2014-06-16,14.642067909240723
2014-06-17,14.654961585998535
2014-06-18,14.444374084472656
2014-06-19,14.530333518981934
2014-06-20,14.75380802154541
2014-06-23,15.26952075958252
2014-06-24,15.037454605102539
2014-06-25,14.770997047424316
2014-06-26,14.848353385925293
2014-06-27,14.268173217773438
2014-06-30,14.444374084472656
2014-07-01,14.440074920654297
2014-07-02,14.487353324890137
2014-07-03,14.452972412109375
2014-07-07,14.057589530944824
2014-07-08,13.47310733795166
2014-07-09,13.258224487304688
2014-07-10,13.155084609985352
2014-07-11,13.030447006225586
2014-07-14,13.073427200317383
2014-07-15,13.163675308227539
2014-07-16,13.249628067016602
2014-07-17,13.133593559265137
2014-07-18,13.524681091308594
2014-07-21,14.122049331665039
2014-07-22,14.444374084472656
2014-07-23,14.569007873535156
2014-07-24,14.861244201660156
2014-07-25,14.530333518981934
2014-07-28,14.225196838378906
2014-07-29,14.079072952270508
2014-07-30,14.646366119384766
2014-07-31,14.637770652770996
2014-08-01,14.633472442626953
2014-08-04,14.680740356445312
2014-08-05,14.57760238647461
2014-08-06,14.594794273376465
2014-08-07,14.534626960754395
2014-08-08,14.616278648376465
2014-08-11,14.646366119384766
2014-08-12,14.715129852294922
2014-08-13,15.067534446716309
2014-08-14,14.98157787322998
2014-08-15,15.024558067321777
2014-08-18,14.985875129699707
2014-08-19,14.766702651977539
2014-08-20,14.392804145812988
2014-08-21,14.721386909484863
2014-08-22,14.730033874511719
2014-08-25,14.803535461425781
2014-08-26,15.097526550292969
2014-08-27,15.15805721282959
2014-08-28,15.201288223266602
2014-08-29,15.689847946166992
2014-09-02,15.521222114562988
2014-09-03,15.196967124938965
2014-09-04,15.119141578674316
2014-09-05,15.183996200561523
2014-09-08,15.032676696777344
2014-09-09,14.764620780944824
2014-09-10,14.777589797973633
2014-09-11,15.201288223266602
2014-09-12,15.05862045288086
2014-09-15,14.669503211975098
2014-09-16,14.95052719116211
2014-09-17,15.1753511428833
2014-09-18,15.37855339050293
2014-09-19,15.153733253479004
2014-09-22,14.760296821594238
2014-09-23,14.786233901977539
2014-09-24,14.829469680786133
2014-09-25,14.751652717590332
2014-09-26,14.803535461425781
2014-09-29,14.604649543762207
2014-09-30,14.764620780944824
2014-10-01,14.691119194030762
2014-10-02,14.90297794342041
2014-10-03,14.85541820526123
2014-10-06,14.639242172241211
2014-10-07,14.371182441711426
2014-10-08,14.552772521972656
2014-10-09,13.787517547607422
2014-10-10,13.420022010803223
2014-10-13,13.350846290588379
2014-10-14,13.627554893493652
2014-10-15,13.311938285827637
2014-10-16,13.35949993133545
2014-10-17,13.277349472045898
2014-10-20,13.052533149719238
2014-10-21,13.104409217834473
2014-10-22,13.030916213989258
2014-10-23,13.022265434265137
2014-10-24,13.51945972442627
2014-10-27,13.437315940856934
2014-10-28,13.311938285827637
2014-10-29,13.545402526855469
2014-10-30,14.483596801757812
2014-10-31,14.768939018249512
2014-11-03,14.959175109863281
2014-11-04,14.959175109863281
2014-11-05,14.764620780944824
2014-11-06,14.943857192993164
2014-11-07,15.391946792602539
2014-11-10,14.975221633911133
2014-11-11,15.66080379486084
2014-11-12,15.38747501373291
2014-11-13,15.723542213439941
2014-11-14,15.687689781188965
2014-11-17,15.333697319030762
2014-11-18,14.276199340820312
2014-11-19,13.998387336730957
2014-11-20,14.002861976623535
2014-11-21,14.267241477966309
2014-11-24,14.397186279296875
2014-11-25,14.504727363586426
2014-11-26,14.549539566040039
2014-11-28,14.441995620727539
2014-12-01,14.235867500305176
2014-12-02,14.562978744506836
2014-12-03,15.033476829528809
2014-12-04,15.020029067993164
2014-12-05,15.253040313720703
2014-12-08,15.602548599243164
2014-12-09,15.495010375976562
2014-12-10,15.324739456176758
2014-12-11,15.212712287902832
2014-12-12,14.79598617553711
2014-12-15,14.728776931762695
2014-12-16,14.683963775634766
2014-12-17,14.975221633911133
2014-12-18,15.391946792602539
2014-12-19,15.396429061889648
2014-12-22,15.454680442810059
2014-12-23,15.759381294250488
2014-12-24,15.799712181091309
2014-12-26,15.701130867004395
2014-12-29,15.288887977600098
2014-12-30,15.423316955566406
2014-12-31,15.651846885681152
2015-01-02,15.808677673339844
2015-01-05,15.374016761779785
2015-01-06,14.997628211975098
2015-01-07,15.037957191467285
2015-01-08,14.881124496459961
2015-01-09,15.006589889526367
2015-01-12,15.073802947998047
2015-01-13,14.85423755645752
2015-01-14,14.612271308898926
2015-01-15,14.321006774902344
2015-01-16,14.114886283874512
2015-01-20,14.13729476928711
2015-01-21,13.890846252441406
2015-01-22,14.347898483276367
2015-01-23,14.84527587890625
2015-01-26,14.885601997375488
2015-01-27,14.872159004211426
2015-01-28,14.746698379516602
2015-01-29,14.612271308898926
2015-01-30,13.890846252441406
2015-02-02,13.613024711608887
2015-02-03,13.841553688049316
2015-02-04,13.91324520111084
2015-02-05,14.334453582763672
2015-02-06,13.326247215270996
2015-02-09,13.415867805480957
2015-02-10,13.68471908569336
2015-02-11,13.563737869262695
2015-02-12,13.563737869262695
2015-02-13,13.796744346618652
2015-02-17,13.657835960388184
2015-02-18,13.892379760742188
2015-02-19,14.15399169921875
2015-02-20,14.284791946411133
2015-02-23,14.095349311828613
2015-02-24,14.52385425567627
2015-02-25,14.411088943481445
2015-02-26,14.559934616088867
2015-02-27,14.514835357666016
2015-03-02,14.559934616088867
2015-03-03,14.546406745910645
2015-03-04,14.104372024536133
2015-03-05,13.914935111999512
2015-03-06,13.91042423248291
2015-03-09,13.743535041809082
2015-03-10,13.45486068725586
2015-03-11,14.140461921691895
2015-03-12,14.203609466552734
2015-03-13,13.896889686584473
2015-03-16,14.108884811401367
2015-03-17,14.023184776306152
2015-03-18,13.932978630065918
2015-03-19,13.842763900756836
2015-03-20,13.779617309570312
2015-03-23,13.788639068603516
2015-03-24,13.806683540344238
2015-03-25,13.779617309570312
2015-03-26,13.608217239379883
2015-03-27,13.522520065307617
2015-03-30,13.671364784240723
2015-03-31,13.585668563842773
2015-04-01,13.427797317504883
2015-04-02,13.459372520446777
2015-04-06,13.351119041442871
2015-04-07,13.328567504882812
2015-04-08,13.319546699523926
2015-04-09,13.39171028137207
2015-04-10,13.432311058044434
2015-04-13,13.396227836608887
2015-04-14,13.247379302978516
2015-04-15,13.37818431854248
2015-04-16,13.436817169189453
2015-04-17,13.287968635559082
2015-04-20,13.36014175415039
2015-04-21,13.554095268249512
2015-04-22,13.15265941619873
2015-04-23,13.319546699523926
2015-04-24,13.324056625366211
2015-04-27,13.107555389404297
2015-04-28,13.459372520446777
2015-04-29,13.287968635559082
2015-04-30,12.200936317443848
2015-05-01,12.24604606628418
2015-05-04,12.597862243652344
2015-05-05,12.38135814666748
2015-05-06,12.471566200256348
2015-05-07,12.566289901733398
2015-05-08,12.800835609436035
2015-05-11,12.787303924560547
2015-05-12,12.737686157226562
2015-05-13,12.796323776245117
2015-05-14,12.963212013244629
2015-05-15,12.94968318939209
2015-05-18,12.972238540649414
2015-05-19,12.913597106933594
2015-05-20,12.985767364501953
2015-05-21,12.985767364501953
2015-05-22,13.008479118347168
2015-05-26,12.935805320739746
2015-05-27,13.312792778015137
2015-05-28,13.231040000915527
2015-05-29,13.108402252197266
2015-06-01,13.099321365356445
2015-06-02,13.176536560058594
2015-06-03,13.48085880279541
2015-06-04,13.494481086730957
2015-06-05,13.65345573425293
2015-06-08,13.535355567932129
2015-06-09,13.589862823486328
2015-06-10,13.794255256652832
2015-06-11,13.86693000793457
2015-06-12,13.726125717163086
2015-06-15,13.67616081237793
2015-06-16,13.72158145904541
2015-06-17,13.644370079040527
2015-06-18,13.726125717163086
2015-06-19,13.816964149475098
2015-06-22,13.75338077545166
2015-06-23,13.62165355682373
2015-06-24,13.376388549804688
2015-06-25,13.231040000915527
2015-06-26,13.08569622039795
2015-06-29,12.917637825012207
2015-06-30,13.04027271270752
2015-07-01,13.18107795715332
2015-07-02,13.112943649291992
2015-07-06,13.09477710723877
2015-07-07,13.022102355957031
2015-07-08,12.763205528259277
2015-07-09,12.817712783813477
2015-07-10,13.153827667236328
2015-07-13,13.026646614074707
2015-07-14,13.221956253051758
2015-07-15,13.231040000915527
2015-07-16,13.053899765014648
2015-07-17,13.07660961151123
2015-07-20,13.04027271270752
2015-07-21,13.062984466552734
2015-07-22,13.185619354248047
2015-07-23,12.994853973388672
2015-07-24,12.785917282104492
2015-07-27,12.704160690307617
2015-07-28,12.695075988769531
2015-07-29,12.667825698852539
2015-07-30,13.349133491516113
2015-07-31,13.589862823486328
2015-08-03,13.871471405029297
2015-08-04,13.826050758361816
2015-08-05,13.726125717163086
2015-08-06,13.612569808959961
2015-08-07,13.635281562805176
2015-08-10,13.680706024169922
2015-08-11,13.707958221435547
2015-08-12,13.539897918701172
2015-08-13,13.567153930664062
2015-08-14,13.630741119384766
2015-08-17,13.698874473571777
2015-08-18,13.61711311340332
2015-08-19,13.567153930664062
2015-08-20,13.60385799407959
2015-08-21,13.167984008789062
2015-08-24,12.38800048828125
2015-08-25,12.27788257598877
2015-08-26,12.456819534301758
2015-08-27,12.484346389770508
2015-08-28,12.47976303100586
2015-08-31,12.516467094421387
2015-09-01,12.17694091796875
2015-09-02,12.076001167297363
2015-09-03,12.085184097290039
2015-09-04,12.048478126525879
2015-09-08,12.484346389770508
2015-09-09,12.342118263244629
2015-09-10,12.360466003417969
2015-09-11,12.3329439163208
2015-09-14,12.241174697875977
2015-09-15,12.209060668945312
2015-09-16,12.484346389770508
2015-09-17,12.539405822753906
2015-09-18,12.465995788574219
2015-09-21,12.846813201904297
2015-09-22,12.631171226501465
2015-09-23,12.663285255432129
2015-09-24,12.704583168029785
2015-09-25,12.566936492919922
2015-09-28,12.17694091796875
2015-09-29,11.920010566711426
2015-09-30,12.048478126525879
2015-10-01,11.998010635375977
2015-10-02,11.745657920837402
2015-10-05,12.227415084838867
2015-10-06,12.44305419921875
2015-10-07,12.55317211151123
2015-10-08,12.649521827697754
2015-10-09,12.60364055633545
2015-10-12,12.50728988647461
2015-10-13,12.461410522460938
2015-10-14,12.369649887084961
2015-10-15,12.814695358276367
2015-10-16,12.947751998901367
2015-10-19,12.828461647033691
2015-10-20,13.057867050170898
2015-10-21,12.74587631225586
2015-10-22,13.044097900390625
2015-10-23,13.255154609680176
2015-10-26,13.259745597839355
2015-10-27,13.085394859313965
2015-10-28,13.530442237854004
2015-10-29,13.842440605163574
2015-10-30,13.525856971740723
2015-11-02,13.746089935302734
2015-11-03,13.736913681030273
2015-11-04,13.741504669189453
2015-11-05,13.787379264831543
2015-11-06,14.081025123596191
2015-11-09,13.723148345947266
2015-11-10,13.580917358398438
2015-11-11,13.502920150756836
2015-11-12,13.044097900390625
2015-11-13,12.851400375366211
2015-11-16,12.979867935180664
2015-11-17,12.741284370422363
2015-11-18,12.865161895751953
2015-11-19,12.758496284484863
2015-11-20,13.008936882019043
2015-11-23,13.180532455444336
2015-11-24,13.435612678527832
2015-11-25,13.630395889282227
2015-11-27,13.644311904907227
2015-11-30,13.686049461364746
2015-12-01,13.829818725585938
2015-12-02,13.755620956420898
2015-12-03,13.458800315856934
2015-12-04,13.741704940795898
2015-12-07,13.741704940795898
2015-12-08,13.635037422180176
2015-12-09,13.630395889282227
2015-12-10,13.662859916687012
2015-12-11,12.971832275390625
2015-12-14,13.092413902282715
2015-12-15,13.556196212768555
2015-12-16,13.88547420501709
2015-12-17,13.593292236328125
2015-12-18,13.092413902282715
2015-12-21,12.823427200317383
2015-12-22,12.874443054199219
2015-12-23,12.948647499084473
2015-12-24,13.217638969421387
2015-12-28,13.384594917297363
2015-12-29,13.593292236328125
2015-12-30,13.607206344604492
2015-12-31,13.533003807067871
2016-01-04,13.203723907470703
2016-01-05,13.240826606750488
2016-01-06,12.837340354919434
2016-01-07,11.993266105651855
2016-01-08,11.937612533569336
2016-01-11,11.612967491149902
2016-01-12,12.086018562316895
2016-01-13,11.733553886413574
2016-01-14,11.747462272644043
2016-01-15,11.232673645019531
2016-01-19,11.31615161895752
2016-01-20,10.963682174682617
2016-01-21,11.13064193725586
2016-01-22,11.385713577270508
2016-01-25,11.177018165588379
2016-01-26,11.357891082763672
2016-01-27,11.292963027954102
2016-01-28,11.306875228881836
2016-01-29,11.798480987548828
2016-02-01,11.714999198913574
2016-02-02,11.469200134277344
2016-02-03,11.524848937988281
2016-02-04,11.710365295410156
2016-02-05,11.520211219787598
2016-02-08,11.510933876037598
2016-02-09,11.51557445526123
2016-02-10,11.580503463745117
2016-02-11,10.991507530212402
2016-02-12,11.283685684204102
2016-02-16,11.55267333984375
2016-02-17,11.965100288391113
2016-02-18,11.882611274719238
2016-02-19,11.829241752624512
2016-02-22,11.887469291687012
2016-02-23,11.766166687011719
2016-02-24,11.649715423583984
2016-02-25,11.693387985229492
2016-02-26,11.897173881530762
2016-02-29,11.99421215057373
2016-03-01,12.217406272888184
2016-03-02,12.139777183532715
2016-03-03,12.69775676727295
2016-03-04,12.717164039611816
2016-03-07,12.814205169677734
2016-03-08,12.581307411193848
2016-03-09,12.692906379699707
2016-03-10,12.663788795471191
2016-03-11,13.100472450256348
2016-03-14,12.993729591369629
2016-03-15,12.663788795471191
2016-03-16,12.76082992553711
2016-03-17,13.076213836669922
2016-03-18,13.396449089050293
2016-03-21,13.40130615234375
2016-03-22,13.25574016571045
2016-03-23,13.100472450256348
2016-03-24,13.260591506958008
2016-03-28,13.299405097961426
2016-03-29,13.624497413635254
2016-03-30,13.75064468383789
2016-03-31,13.69727611541748
2016-04-01,13.842833518981934
2016-04-04,13.62934398651123
2016-04-05,12.998579978942871
2016-04-06,13.279996871948242
2016-04-07,12.998579978942871
2016-04-08,13.051956176757812
2016-04-11,12.969467163085938
2016-04-12,13.124732971191406
2016-04-13,13.58082389831543
2016-04-14,13.503192901611328
2016-04-15,13.343074798583984
2016-04-18,13.668160438537598
2016-04-19,13.614789962768555
2016-04-20,13.813725471496582
2016-04-21,13.808870315551758
2016-04-22,13.818573951721191
2016-04-25,13.70698070526123
2016-04-26,13.7846097946167
2016-04-27,13.86709213256836
2016-04-28,13.726387023925781
2016-04-29,13.639045715332031
2016-05-02,14.007802963256836
2016-05-03,13.323662757873535
2016-05-04,13.168403625488281
2016-05-05,13.144142150878906
2016-05-06,13.158702850341797
2016-05-09,13.134439468383789
2016-05-10,13.265445709228516
2016-05-11,13.100472450256348
2016-05-12,13.056802749633789
2016-05-13,12.964618682861328
2016-05-16,12.959763526916504
2016-05-17,12.8627290725708
2016-05-18,13.132637977600098
2016-05-19,12.941245079040527
2016-05-20,13.083564758300781
2016-05-23,12.995227813720703
2016-05-24,13.279867172241211
2016-05-25,13.294590950012207
2016-05-26,13.250423431396484
2016-05-27,13.220977783203125
2016-05-31,13.083564758300781
2016-06-01,13.201348304748535
2016-06-02,13.093377113342285
2016-06-03,13.078660011291504
2016-06-06,13.201348304748535
2016-06-07,13.009954452514648
2016-06-08,12.965782165527344
2016-06-09,12.798925399780273
2016-06-10,12.553545951843262
2016-06-13,12.529008865356445
2016-06-14,12.195298194885254
2016-06-15,12.332708358764648
2016-06-16,12.558455467224121
2016-06-17,12.538827896118164
2016-06-20,12.838187217712402
2016-06-21,12.72531509399414
2016-06-22,12.911800384521484
2016-06-23,13.245514869689941
2016-06-24,11.94991683959961
2016-06-27,11.02729606628418
2016-06-28,10.806456565856934
2016-06-29,10.958589553833008
2016-06-30,11.042020797729492
2016-07-01,11.145076751708984
2016-07-05,10.919328689575195
2016-07-06,11.04692554473877
2016-07-07,11.21378231048584
2016-07-08,11.47879409790039
2016-07-11,11.621110916137695
2016-07-12,11.812506675720215
2016-07-13,11.827227592468262
2016-07-14,12.31798267364502
2016-07-15,12.38669204711914
2016-07-18,12.376877784729004
2016-07-19,12.268909454345703
2016-07-20,12.322893142700195
2016-07-21,12.210015296936035
2016-07-22,12.322893142700195
2016-07-25,12.303261756896973
2016-07-26,12.332708358764648
2016-07-27,12.460305213928223
2016-07-28,12.293444633483887
2016-07-29,12.214927673339844
2016-08-01,12.200201034545898
2016-08-02,11.984273910522461
2016-08-03,12.116777420043945
2016-08-04,12.980506896972656
2016-08-05,13.284771919250488
2016-08-08,13.27005386352539
2016-08-09,13.166994094848633
2016-08-10,12.9608793258667
2016-08-11,12.862722396850586
2016-08-12,12.901987075805664
2016-08-15,13.049212455749512
2016-08-16,12.990323066711426
2016-08-17,12.936334609985352
2016-08-18,12.936336517333984
2016-08-19,13.010856628417969
2016-08-22,13.149958610534668
2016-08-23,13.343703269958496
2016-08-24,13.358603477478027
2016-08-25,13.462934494018555
2016-08-26,13.353639602661133
2016-08-29,13.313896179199219
2016-08-30,13.398347854614258
2016-08-31,13.38841438293457
2016-09-01,13.159891128540039
2016-09-02,13.219508171081543
2016-09-06,12.901561737060547
2016-09-07,13.030732154846191
2016-09-08,13.08537769317627
2016-09-09,12.777364730834961
2016-09-12,13.125117301940918
2016-09-13,12.678011894226074
2016-09-14,12.762465476989746
2016-09-15,12.961176872253418
2016-09-16,12.990985870361328
2016-09-19,12.961176872253418
2016-09-20,12.891632080078125
2016-09-21,13.179767608642578
2016-09-22,13.298992156982422
2016-09-23,13.12015151977539
2016-09-26,12.91149616241455
2016-09-27,13.055567741394043
2016-09-28,13.115182876586914
2016-09-29,13.00589370727539
2016-09-30,13.358603477478027
2016-10-03,13.07544231414795
2016-10-04,12.946272850036621
2016-10-05,13.12015151977539
2016-10-06,13.035699844360352
2016-10-07,12.91149616241455
2016-10-10,12.817109107971191
2016-10-11,12.568717956542969
2016-10-12,12.345163345336914
2016-10-13,11.947731018066406
2016-10-14,12.220961570739746
2016-10-17,12.047089576721191
2016-10-18,12.121609687805176
2016-10-19,12.32032299041748
2016-10-20,12.29548168182373
2016-10-21,12.469355583190918
2016-10-24,12.444517135620117
2016-10-25,12.469355583190918
2016-10-26,12.369999885559082
2016-10-27,13.065500259399414
2016-10-28,12.990985870361328
2016-10-31,12.61839771270752
2016-11-01,12.61839771270752
2016-11-02,12.245805740356445
2016-11-03,12.146446228027344
2016-11-04,12.345163345336914
2016-11-07,12.543876647949219
2016-11-08,12.767430305480957
2016-11-09,13.015824317932129
2016-11-10,13.611968040466309
2016-11-11,13.86036491394043
2016-11-14,14.108758926391602
2016-11-15,14.15843391418457
2016-11-16,14.307472229003906
2016-11-17,14.232954978942871
2016-11-18,14.544438362121582
2016-11-21,14.569560050964355
2016-11-22,14.619803428649902
2016-11-23,14.619803428649902
2016-11-25,14.946358680725098
2016-11-28,14.167641639709473
2016-11-29,14.343482971191406
2016-11-30,14.670038223266602
2016-12-01,14.4941987991333
2016-12-02,14.443963050842285
2016-12-05,14.469079971313477
2016-12-06,14.59467887878418
2016-12-07,15.021717071533203
2016-12-08,15.071956634521484
2016-12-09,14.996597290039062
2016-12-12,14.845879554748535
2016-12-13,15.147324562072754
2016-12-14,15.524116516113281
2016-12-15,16.277719497680664
2016-12-16,16.478675842285156
2016-12-19,17.08155632019043
2016-12-20,17.759794235229492
2016-12-21,17.863954544067383
2016-12-22,17.6556339263916
2016-12-23,17.863954544067383
2016-12-27,17.811878204345703
2016-12-28,17.525423049926758
2016-12-29,17.759794235229492
2016-12-30,17.6556339263916
2017-01-03,17.70771598815918
2017-01-04,18.176441192626953
2017-01-05,17.49938201904297
2017-01-06,17.57750701904297
2017-01-09,17.681671142578125
2017-01-10,17.811878204345703
2017-01-11,17.785837173461914
2017-01-12,17.525423049926758
2017-01-13,17.863954544067383
2017-01-17,17.525423049926758
2017-01-18,17.811878204345703
2017-01-19,17.759794235229492
2017-01-20,17.62959098815918
2017-01-23,17.55146598815918
2017-01-24,17.916038513183594
2017-01-25,17.94207763671875
2017-01-26,17.94207763671875
2017-01-27,17.889999389648438
2017-01-30,17.759794235229492
2017-01-31,17.759794235229492
2017-02-01,17.837915420532227
2017-02-02,17.811878204345703
2017-02-03,18.228527069091797
2017-02-06,18.176441192626953
2017-02-07,18.228527069091797
2017-02-08,19.21808433532715
2017-02-09,19.556602478027344
2017-02-10,19.582643508911133
2017-02-13,19.712846755981445
2017-02-14,19.999296188354492
2017-02-15,19.738889694213867
2017-02-16,19.660762786865234
2017-02-17,19.556602478027344
2017-02-21,19.53055763244629
2017-02-22,19.556602478027344
2017-02-23,19.27015495300293
2017-02-24,19.322235107421875
2017-02-27,19.374317169189453
2017-02-28,19.165990829467773
2017-03-01,19.781532287597656
2017-03-02,19.83414649963379
2017-03-03,19.965673446655273
2017-03-06,19.88675880432129
2017-03-07,19.913057327270508
2017-03-08,20.04458236694336
2017-03-09,19.755233764648438
2017-03-10,19.860445022583008
2017-03-13,19.965673446655273
2017-03-14,19.755233764648438
2017-03-15,20.20241355895996
2017-03-16,20.360248565673828
2017-03-17,19.99198341369629
2017-03-20,19.88675880432129
2017-03-21,19.439565658569336
2017-03-22,19.202823638916016
2017-03-23,19.54478645324707
2017-03-24,19.781532287597656
2017-03-27,19.229124069213867
2017-03-28,19.46587562561035
2017-03-29,19.518484115600586
2017-03-30,19.965673446655273
2017-03-31,20.255029678344727
2017-04-03,19.492176055908203
2017-04-04,19.54478645324707
2017-04-05,19.12390899658203
2017-04-06,19.439565658569336
2017-04-07,19.15020751953125
2017-04-10,18.781940460205078
2017-04-11,19.12390899658203
2017-04-12,18.650413513183594
2017-04-13,18.334745407104492
2017-04-17,18.755632400512695
2017-04-18,19.83414649963379
2017-04-19,19.83414649963379
2017-04-20,20.360248565673828
2017-04-21,20.255029678344727
2017-04-24,20.465471267700195
2017-04-25,20.386552810668945
2017-04-26,20.465471267700195
2017-04-27,19.46587562561035
2017-04-28,19.308042526245117
2017-05-01,19.334346771240234
2017-05-02,19.939373016357422
2017-05-03,20.17611312866211
2017-05-04,19.965673446655273
2017-05-05,19.755233764648438
2017-05-08,20.031526565551758
2017-05-09,20.2706298828125
2017-05-10,20.323762893676758
2017-05-11,20.084665298461914
2017-05-12,19.81899070739746
2017-05-15,19.898691177368164
2017-05-16,19.792423248291016
2017-05-17,18.570343017578125
2017-05-18,18.78287696838379
2017-05-19,19.04854965209961
2017-05-22,19.28765296936035
2017-05-23,19.261083602905273
2017-05-24,19.234521865844727
2017-05-25,19.526748657226562
2017-05-26,19.526748657226562
2017-05-30,19.075111389160156
2017-05-31,18.650047302246094
2017-06-01,19.34078598022461
2017-06-02,19.20795249938965
2017-06-05,19.65959358215332
2017-06-06,19.633024215698242
2017-06-07,19.50018310546875
2017-06-08,19.50018310546875
2017-06-09,19.872119903564453
2017-06-12,19.712724685668945
2017-06-13,20.483163833618164
2017-06-14,20.13779640197754
2017-06-15,20.323762893676758
2017-06-16,20.11122703552246
2017-06-19,20.66913604736328
2017-06-20,20.7782039642334
2017-06-21,20.750944137573242
2017-06-22,20.7782039642334
2017-06-23,20.7782039642334
2017-06-26,20.723674774169922
2017-06-27,20.99635124206543
2017-06-28,21.078161239624023
2017-06-29,21.159955978393555
2017-06-30,21.187223434448242
2017-07-03,21.241762161254883
2017-07-05,21.296297073364258
2017-07-06,21.350830078125
2017-07-07,21.187223434448242
2017-07-10,21.323570251464844
2017-07-11,21.45990753173828
2017-07-12,21.67805290222168
2017-07-13,21.81439208984375
2017-07-14,21.54171371459961
2017-07-17,21.841663360595703
2017-07-18,21.868927001953125
2017-07-19,21.950727462768555
2017-07-20,22.032535552978516
2017-07-21,21.977998733520508
2017-07-24,22.168874740600586
2017-07-25,23.886751174926758
2017-07-26,22.632431030273438
2017-07-27,21.977998733520508
2017-07-28,21.67805290222168
2017-07-31,22.305217742919922
2017-08-01,22.42629623413086
2017-08-02,22.178634643554688
2017-08-03,21.930988311767578
2017-08-04,22.04105567932129
2017-08-07,21.986013412475586
2017-08-08,21.793392181396484
2017-08-09,21.8209171295166
2017-08-10,21.490711212158203
2017-08-11,21.21554183959961
2017-08-14,21.600780487060547
2017-08-15,21.573272705078125
2017-08-16,21.435678482055664
2017-08-17,21.1605167388916
2017-08-18,21.077960968017578
2017-08-21,21.353124618530273
2017-08-22,21.32561492919922
2017-08-23,21.298095703125
2017-08-24,21.408161163330078
2017-08-25,21.600780487060547
2017-08-28,21.710847854614258
2017-08-29,21.353124618530273
2017-08-30,21.54574203491211
2017-08-31,21.683334350585938
2017-09-01,21.8209171295166
2017-09-05,21.32561492919922
2017-09-06,21.298095703125
2017-09-07,21.18802833557129
2017-09-08,21.353124618530273
2017-09-11,21.793392181396484
2017-09-12,21.903465270996094
2017-09-13,21.930988311767578
2017-09-14,22.12360382080078
2017-09-15,22.23366928100586
2017-09-18,22.42629623413086
2017-09-19,22.756494522094727
2017-09-20,22.86656379699707
2017-09-21,23.05918312072754
2017-09-22,23.141725540161133
2017-09-25,23.05918312072754
2017-09-26,23.33434295654297
2017-09-27,23.802135467529297
2017-09-28,23.829652786254883
2017-09-29,23.692062377929688
2017-10-02,23.719579696655273
2017-10-03,23.719579696655273
2017-10-04,23.719579696655273
2017-10-05,23.719579696655273
2017-10-06,23.251800537109375
2017-10-09,23.141725540161133
2017-10-10,23.224285125732422
2017-10-11,23.196762084960938
2017-10-12,23.031661987304688
2017-10-13,23.05918312072754
2017-10-16,23.279314041137695
2017-10-17,23.33434295654297
2017-10-18,23.692062377929688
2017-10-19,23.774612426757812
2017-10-20,23.912202835083008
2017-10-23,23.692062377929688
2017-10-24,24.04979705810547
2017-10-25,24.24240493774414
2017-10-26,22.89407730102539
2017-10-27,23.52696418762207
2017-10-30,23.52696418762207
2017-10-31,23.52696418762207
2017-11-01,23.4719295501709
2017-11-02,23.66455078125
2017-11-03,23.398094177246094
2017-11-06,23.675649642944336
2017-11-07,23.2315616607666
2017-11-08,24.00872230529785
2017-11-09,24.36954689025879
2017-11-10,24.147493362426758
2017-11-13,24.61934471130371
2017-11-14,24.73037338256836
2017-11-15,24.50832748413086
2017-11-16,24.67486000061035
2017-11-17,24.785877227783203
2017-11-20,25.507532119750977
2017-11-21,26.034894943237305
2017-11-22,26.034894943237305
2017-11-24,26.007139205932617
2017-11-27,26.062650680541992
2017-11-28,26.090402603149414
2017-11-29,26.3402099609375
2017-11-30,26.590009689331055
2017-12-01,26.590009689331055
2017-12-04,26.617759704589844
2017-12-05,26.617759704589844
2017-12-06,26.007139205932617
2017-12-07,26.3402099609375
2017-12-08,26.72878646850586
2017-12-11,26.506742477416992
2017-12-12,26.895322799682617
2017-12-13,26.72878646850586
2017-12-14,26.395715713500977
2017-12-15,26.64551544189453
2017-12-18,26.784290313720703
2017-12-19,26.478986740112305
2017-12-20,26.617759704589844
2017-12-21,27.3116512298584
2017-12-22,27.47818374633789
2017-12-26,27.644731521606445
2017-12-27,27.172880172729492
2017-12-28,27.200634002685547
2017-12-29,26.92307472229004
2018-01-02,27.2283878326416
2018-01-03,26.673276901245117
2018-01-04,26.895322799682617
2018-01-05,26.95083236694336
2018-01-08,26.97858428955078
2018-01-09,27.367172241210938
2018-01-10,27.145116806030273
2018-01-11,27.53370475769043
2018-01-12,27.89452362060547
2018-01-16,27.700239181518555
2018-01-17,28.283105850219727
2018-01-18,28.061058044433594
2018-01-19,28.64393424987793
2018-01-22,28.616168975830078
2018-01-23,28.699438095092773
2018-01-24,28.449642181396484
2018-01-25,28.893739700317383
2018-01-26,28.78270149230957
2018-01-29,28.838218688964844
2018-01-30,28.283105850219727
2018-01-31,28.699438095092773
2018-02-01,28.727195739746094
2018-02-02,28.22759437561035
2018-02-05,27.450435638427734
2018-02-06,27.505943298339844
2018-02-07,27.616975784301758
2018-02-08,28.86597442626953
2018-02-09,28.893739700317383
2018-02-12,28.977008819580078
2018-02-13,29.33782386779785
2018-02-14,29.809667587280273
2018-02-15,30.142744064331055
2018-02-16,30.38467025756836
2018-02-20,30.499868392944336
2018-02-21,30.211862564086914
2018-02-22,29.578245162963867
2018-02-23,29.491846084594727
2018-02-26,29.60704231262207
2018-02-27,29.434240341186523
2018-02-28,29.232637405395508
2018-03-01,29.405441284179688
2018-03-02,29.463043212890625
2018-03-05,29.722257614135742
2018-03-06,29.92386245727539
2018-03-07,29.98146629333496
2018-03-08,29.92386245727539
2018-03-09,30.67266273498535
2018-03-12,30.499868392944336
2018-03-13,30.240663528442383
2018-03-14,30.298261642456055
2018-03-15,30.240663528442383
2018-03-16,30.615076065063477
2018-03-19,30.442270278930664
2018-03-20,31.162282943725586
2018-03-21,31.104679107666016
2018-03-22,29.29024887084961
2018-03-23,27.85021209716797
2018-03-26,28.68543243408203
2018-03-27,28.31102180480957
2018-03-28,28.714223861694336
2018-03-29,29.29024887084961
2018-04-02,28.800626754760742
2018-04-03,29.232637405395508
2018-04-04,29.491846084594727
2018-04-05,29.77985191345215
2018-04-06,29.088645935058594
2018-04-09,29.347850799560547
2018-04-10,29.808650970458984
2018-04-11,29.952659606933594
2018-04-12,30.38467025756836
2018-04-13,29.952659606933594
2018-04-16,30.499868392944336
2018-04-17,30.816675186157227
2018-04-18,30.70146942138672
2018-04-19,30.960674285888672
2018-04-20,31.075881958007812
2018-04-23,31.133485794067383
2018-04-24,31.738296508789062
2018-04-25,30.93187713623047
2018-04-26,31.24868392944336
2018-04-27,30.816675186157227
2018-04-30,30.98948097229004
2018-05-01,31.04708480834961
2018-05-02,30.942481994628906
2018-05-03,31.378299713134766
2018-05-04,31.87220573425293
2018-05-07,32.046539306640625
2018-05-08,32.30803680419922
2018-05-09,32.772891998291016
2018-05-10,32.91816711425781
2018-05-11,32.94721221923828
2018-05-14,32.94721221923828
2018-05-15,33.528297424316406
2018-05-16,33.9931526184082
2018-05-17,33.9640998840332
2018-05-18,34.02220916748047
2018-05-21,34.28369140625
2018-05-22,34.54518508911133
2018-05-23,34.57423400878906
2018-05-24,34.6032829284668
2018-05-25,34.80667495727539
2018-05-29,34.341800689697266
2018-05-30,34.45802688598633
2018-05-31,34.4289665222168
2018-06-01,34.69044494628906
2018-06-04,35.533016204833984
2018-06-05,35.82355499267578
2018-06-06,36.49180221557617
2018-06-07,36.49180221557617
2018-06-08,37.0728759765625
2018-06-11,36.69518280029297
2018-06-12,36.78234100341797
2018-06-13,37.27625274658203
2018-06-14,37.59584426879883
2018-06-15,38.32219696044922
2018-06-18,38.40936279296875
2018-06-19,38.351253509521484
2018-06-20,38.90327453613281
2018-06-21,35.50395965576172
2018-06-22,35.15531539916992
2018-06-25,34.69044494628906
2018-06-26,35.03909683227539
2018-06-27,34.28369140625
2018-06-28,34.28369140625
2018-06-29,34.080318450927734
2018-07-02,34.370845794677734
2018-07-03,34.370845794677734
2018-07-05,34.45802688598633
2018-07-06,34.74856185913086
2018-07-09,34.98099136352539
2018-07-10,34.4289665222168
2018-07-11,34.57423400878906
2018-07-12,34.48707962036133
2018-07-13,34.254642486572266
2018-07-16,34.66139602661133
2018-07-17,34.69044494628906
2018-07-18,35.44585418701172
2018-07-19,34.98099136352539
2018-07-20,35.707332611083984
2018-07-23,36.346527099609375
2018-07-24,37.0147705078125
2018-07-25,37.0147705078125
2018-07-26,36.81138610839844
2018-07-27,36.520851135253906
2018-07-30,35.85261154174805
2018-07-31,36.9566535949707
2018-08-01,37.02861785888672
2018-08-02,35.919254302978516
2018-08-03,35.589447021484375
2018-08-06,35.82931137084961
2018-08-07,35.46951675415039
2018-08-08,35.049766540527344
2018-08-09,34.8698616027832
2018-08-10,34.60002899169922
2018-08-13,34.300193786621094
2018-08-14,34.8698616027832
2018-08-15,34.39014434814453
2018-08-16,34.83988952636719
2018-08-17,34.80990219116211
2018-08-20,34.83988952636719
2018-08-21,35.139713287353516
2018-08-22,35.439537048339844
2018-08-23,34.74993896484375
2018-08-24,35.10973358154297
2018-08-27,35.46951675415039
2018-08-28,35.199676513671875
2018-08-29,34.83988952636719
2018-08-30,34.77992248535156
2018-08-31,34.80990219116211
2018-09-04,34.77992248535156
2018-09-05,34.36016082763672
2018-09-06,34.09030532836914
2018-09-07,33.97038650512695
2018-09-10,33.7605094909668
2018-09-11,34.03034973144531
2018-09-12,33.10089111328125
2018-09-13,33.13087463378906
2018-09-14,33.58061218261719
2018-09-17,33.610591888427734
2018-09-18,33.22081756591797
2018-09-19,33.400718688964844
2018-09-20,34.12030029296875
2018-09-21,34.33018112182617
2018-09-24,34.180274963378906
2018-09-25,34.27021408081055
2018-09-26,33.46068572998047
2018-09-27,33.19083786010742
2018-09-28,32.86102294921875
2018-10-01,33.35274124145508
2018-10-02,32.57319641113281
2018-10-03,33.13686752319336
2018-10-04,32.417274475097656
2018-10-05,32.33332824707031
2018-10-08,31.805633544921875
2018-10-09,31.979537963867188
2018-10-10,31.122037887573242
2018-10-11,30.006669998168945
2018-10-12,30.372465133666992
2018-10-15,30.474411010742188
2018-10-16,31.128034591674805
2018-10-17,31.571765899658203
2018-10-18,30.8941593170166
2018-10-19,30.46841049194336
2018-10-22,30.35447883605957
2018-10-23,25.281404495239258
2018-10-24,24.315963745117188
2018-10-25,24.405908584594727
2018-10-26,24.23801040649414
2018-10-29,23.776275634765625
2018-10-30,24.07610321044922
2018-10-31,24.488697052001953
2018-11-01,24.9498291015625
2018-11-02,25.332088470458984
2018-11-05,25.022634506225586
2018-11-06,26.3089599609375
2018-11-07,26.20581817626953
2018-11-08,26.25436019897461
2018-11-09,25.726478576660156
2018-11-12,24.858816146850586
2018-11-13,24.5372371673584
2018-11-14,24.361276626586914
2018-11-15,25.150056838989258
2018-11-16,24.9498291015625
2018-11-19,24.519031524658203
2018-11-20,23.73025131225586
2018-11-21,24.30059814453125
2018-11-23,24.15497398376465
2018-11-26,24.488697052001953
2018-11-27,23.845531463623047
2018-11-28,24.470487594604492
2018-11-29,24.33700942993164
2018-11-30,24.525108337402344
2018-12-03,25.332088470458984
2018-12-04,23.49968147277832
2018-12-06,23.657440185546875
2018-12-07,23.46934700012207
2018-12-10,23.29338264465332
2018-12-11,23.0567569732666
2018-12-12,23.026411056518555
2018-12-13,22.35291290283203
2018-12-14,22.14054298400879
2018-12-17,21.922119140625
2018-12-18,21.897844314575195
2018-12-19,20.945228576660156
2018-12-20,20.508371353149414
2018-12-21,20.314207077026367
2018-12-24,19.998695373535156
2018-12-26,21.090856552124023
2018-12-27,20.58725357055664
2018-12-28,20.85422134399414
2018-12-31,20.860294342041016
2019-01-02,21.515592575073242
2019-01-03,20.97557258605957
2019-01-04,21.970659255981445
2019-01-07,21.764358520507812
2019-01-08,22.079864501953125
2019-01-09,22.504600524902344
2019-01-10,22.996076583862305
2019-01-11,23.08708381652832
2019-01-14,23.408668518066406
2019-01-15,24.039688110351562
2019-01-16,25.089380264282227
2019-01-17,25.35028648376465
2019-01-18,26.145139694213867
2019-01-22,25.386703491210938
2019-01-23,25.574783325195312
2019-01-24,26.096599578857422
2019-01-25,26.57593536376953
2019-01-28,26.84290885925293
2019-01-29,25.799285888671875
2019-01-30,26.685150146484375
2019-01-31,26.545595169067383
2019-02-01,26.97032356262207
2019-02-04,27.128080368041992
2019-02-05,26.93998908996582
2019-02-06,26.800432205200195
2019-02-07,28.541837692260742
2019-02-08,28.050355911254883
2019-02-11,28.11103057861328
2019-02-12,28.578231811523438
2019-02-13,28.517559051513672
2019-02-14,28.01395034790039
2019-02-15,28.65091323852539
2019-02-19,28.5247802734375
2019-02-20,28.928407669067383
2019-02-21,28.37973403930664
2019-02-22,28.24729347229004
2019-02-25,28.272523880004883
2019-02-26,28.190536499023438
2019-02-27,28.505876541137695
2019-02-28,28.133779525756836
2019-03-01,28.600454330444336
2019-03-04,28.461721420288086
2019-03-05,28.240991592407227
2019-03-06,27.717538833618164
2019-03-07,27.42743492126465
2019-03-08,27.446359634399414
2019-03-11,27.749069213867188
2019-03-12,27.711233139038086
2019-03-13,27.66077995300293
2019-03-14,27.042736053466797
2019-03-15,26.60127067565918
2019-03-18,27.105792999267578
2019-03-19,26.98596954345703
2019-03-20,26.424678802490234
2019-03-21,26.582351684570312
2019-03-22,25.396703720092773
2019-03-25,25.516530990600586
2019-03-26,26.758934020996094
2019-03-27,26.979673385620117
2019-03-28,26.53820037841797
2019-03-29,26.241796493530273
2019-04-01,27.238235473632812
2019-04-02,27.124719619750977
2019-04-03,26.60127067565918
2019-04-04,26.44991683959961
2019-04-05,26.235490798950195
2019-04-08,24.917404174804688
2019-04-09,24.608386993408203
2019-04-10,24.589458465576172
2019-04-11,23.58670997619629
2019-04-12,24.204755783081055
2019-04-15,24.166919708251953
2019-04-16,24.728208541870117
2019-04-17,24.93002700805664
2019-04-18,25.169668197631836
2019-04-22,25.157060623168945
2019-04-23,25.60483169555664
2019-04-24,25.377790451049805
2019-04-25,25.857091903686523
2019-04-26,26.052597045898438
2019-04-29,26.6706485748291
2019-04-30,25.82555389404297
2019-05-01,24.147994995117188
2019-05-02,23.73807716369629
2019-05-03,23.826364517211914
2019-05-06,23.30290985107422
2019-05-07,22.716402053833008
2019-05-08,22.596576690673828
2019-05-09,22.718097686767578
2019-05-10,22.449462890625
2019-05-13,21.27263069152832
2019-05-14,21.163898468017578
2019-05-15,21.106342315673828
2019-05-16,21.69475555419922
2019-05-17,21.208669662475586
2019-05-20,21.368568420410156
2019-05-21,21.739530563354492
2019-05-22,21.547653198242188
2019-05-23,20.895273208618164
2019-05-24,21.240646362304688
2019-05-28,21.04877471923828
2019-05-29,21.029582977294922
2019-05-30,20.799335479736328
2019-05-31,20.326038360595703
2019-06-03,20.62025260925293
2019-06-04,21.151105880737305
2019-06-05,20.88248634338379
2019-06-06,20.876087188720703
2019-06-07,21.183088302612305
2019-06-10,20.895273208618164
2019-06-11,21.279024124145508
2019-06-12,21.522071838378906
2019-06-13,21.464506149291992
2019-06-14,21.074356079101562
2019-06-17,21.2022762298584
2019-06-18,21.86104965209961
2019-06-19,21.937793731689453
2019-06-20,22.37271499633789
2019-06-21,22.590177536010742
2019-06-24,22.020944595336914
2019-06-25,21.53485679626465
2019-06-26,21.822669982910156
2019-06-27,22.078508377075195
2019-06-28,22.35352897644043
2019-07-01,22.09130096435547
2019-07-02,21.675573348999023
2019-07-03,22.17444610595703
2019-07-05,21.91861343383789
2019-07-08,21.58602523803711
2019-07-09,21.63079833984375
2019-07-10,21.368568420410156
2019-07-11,21.48369598388672
2019-07-12,21.995357513427734
2019-07-15,22.193634033203125
2019-07-16,22.55180549621582
2019-07-17,22.641345977783203
2019-07-18,22.846010208129883
2019-07-19,22.9995174407959
2019-07-22,22.46865463256836
2019-07-23,22.475048065185547
2019-07-24,22.980327606201172
2019-07-25,22.596576690673828
2019-07-26,22.85880470275879
2019-07-29,22.948352813720703
2019-07-30,23.4536190032959
2019-07-31,23.306514739990234
2019-08-01,22.065717697143555
2019-08-02,22.040136337280273
2019-08-05,21.27263069152832
2019-08-06,21.57962989807129
2019-08-07,21.368568420410156
2019-08-08,22.076309204101562
2019-08-09,21.45947265625
2019-08-12,20.60239028930664
2019-08-13,21.25169563293457
2019-08-14,20.615371704101562
2019-08-15,20.485517501831055
2019-08-16,20.73874855041504
2019-08-19,20.959510803222656
2019-08-20,21.51790428161621
2019-08-21,21.751657485961914
2019-08-22,21.680234909057617
2019-08-23,21.446483612060547
2019-08-26,21.4270076751709
2019-08-27,21.128326416015625
2019-08-28,21.530895233154297
2019-08-29,21.888011932373047
2019-08-30,21.771137237548828
2019-09-03,21.362079620361328
2019-09-04,21.81658363342285
2019-09-05,21.64776611328125
2019-09-06,21.556867599487305
2019-09-09,22.017871856689453
2019-09-10,22.32305145263672
2019-09-11,22.628215789794922
2019-09-12,22.58926010131836
2019-09-13,22.420440673828125
2019-09-16,22.336029052734375
2019-09-17,22.46588897705078
2019-09-18,22.472383499145508
2019-09-19,22.21265983581543
2019-09-20,22.225645065307617
2019-09-23,21.524402618408203
2019-09-24,20.823156356811523
2019-09-25,21.23870849609375
2019-09-26,21.199750900268555
2019-09-27,21.141313552856445
2019-09-30,21.32961082458496
2019-10-01,20.823156356811523
2019-10-02,19.998537063598633
2019-10-03,19.47260284423828
2019-10-04,20.018016815185547
2019-10-07,19.8297176361084
2019-10-08,19.55051612854004
2019-10-09,19.498573303222656
2019-10-10,19.608959197998047
2019-10-11,20.550447463989258
2019-10-14,20.680309295654297
2019-10-15,20.91405487060547
2019-10-16,20.621870040893555
2019-10-17,20.86211395263672
2019-10-18,21.095867156982422
2019-10-21,21.23870849609375
2019-10-22,20.7777042388916
2019-10-23,20.6413516998291
2019-10-24,20.34267234802246
2019-10-25,20.466035842895508
2019-10-28,20.810169219970703
2019-10-29,20.84263038635254
2019-10-30,20.706275939941406
2019-10-31,23.167139053344727
2019-11-01,22.84248924255371
2019-11-04,22.965848922729492
2019-11-05,23.335956573486328
2019-11-06,22.719120025634766
2019-11-07,23.160459518432617
2019-11-08,23.160459518432617
2019-11-11,23.193391799926758
2019-11-12,23.193391799926758
2019-11-13,22.402931213378906
2019-11-14,22.080163955688477
2019-11-15,22.21190643310547
2019-11-18,22.066987991333008
2019-11-19,22.350234985351562
2019-11-20,21.915485382080078
2019-11-21,21.599300384521484
2019-11-22,21.8562068939209
2019-11-25,22.027467727661133
2019-11-26,21.889137268066406
2019-11-27,21.94841766357422
2019-11-29,21.711284637451172
2019-12-02,21.72446060180664
2019-12-03,21.520254135131836
2019-12-04,21.803504943847656
2019-12-05,21.98794174194336
2019-12-06,22.725709915161133
2019-12-09,22.521501541137695
2019-12-10,21.204072952270508
2019-12-11,20.742971420288086
2019-12-12,20.960346221923828
2019-12-13,20.54535675048828
2019-12-16,20.802255630493164
2019-12-17,21.045978546142578
2019-12-18,21.02621841430664
2019-12-19,21.26994514465332
2019-12-20,21.572954177856445
2019-12-23,21.619064331054688
2019-12-24,21.605892181396484
2019-12-26,22.053817749023438
2019-12-27,21.599300384521484
2019-12-30,21.513668060302734
2019-12-31,21.02621841430664
2020-01-02,21.355575561523438
2020-01-03,20.808841705322266
2020-01-06,20.789079666137695
2020-01-07,21.052566528320312
2020-01-08,21.204072952270508
2020-01-09,21.072328567504883
2020-01-10,20.808841705322266
2020-01-13,21.355575561523438
2020-01-14,21.55978012084961
2020-01-15,22.034055709838867
2020-01-16,23.002365112304688
2020-01-17,23.048477172851562
2020-01-21,23.048477172851562
2020-01-22,23.153871536254883
2020-01-23,23.213159561157227
2020-01-24,23.252674102783203
2020-01-27,23.081417083740234
2020-01-28,23.489816665649414
2020-01-29,23.78624153137207
2020-01-30,24.023374557495117
2020-01-31,23.713781356811523
2020-02-03,23.917980194091797
2020-02-04,24.27368927001953
2020-02-05,25.11025619506836
2020-02-06,26.315711975097656
2020-02-07,25.768980026245117
2020-02-10,25.77556037902832
2020-02-11,25.768980026245117
2020-02-12,25.40009307861328
2020-02-13,24.991687774658203
2020-02-14,24.855426788330078
2020-02-18,25.134775161743164
2020-02-19,25.795673370361328
2020-02-20,25.461816787719727
2020-02-21,24.909929275512695
2020-02-24,24.017364501953125
2020-02-25,23.629005432128906
2020-02-26,23.308765411376953
2020-02-27,22.586544036865234
2020-02-28,21.77574920654297
2020-03-02,21.993778228759766
2020-03-03,20.97176170349121
2020-03-04,21.61904525756836
2020-03-05,20.05194854736328
2020-03-06,19.833919525146484
2020-03-09,18.552989959716797
2020-03-10,19.54775047302246
2020-03-11,18.8868465423584
2020-03-12,17.19711685180664
2020-03-13,19.540935516357422
2020-03-16,18.552989959716797
2020-03-17,19.479618072509766
2020-03-18,16.236421585083008
2020-03-19,17.510536193847656
2020-03-20,17.14261245727539
2020-03-23,17.476465225219727
2020-03-24,18.95498275756836
2020-03-25,19.295658111572266
2020-03-26,21.176166534423828
2020-03-27,20.351741790771484
2020-03-30,20.331300735473633
2020-03-31,19.145761489868164
2020-04-01,18.457603454589844
2020-04-02,19.63633155822754
2020-04-03,20.33810806274414
2020-04-06,20.706035614013672
2020-04-07,19.929306030273438
2020-04-08,20.113265991210938
2020-04-09,20.40625
2020-04-13,19.90886688232422
2020-04-14,19.813478469848633
2020-04-15,19.827104568481445
2020-04-16,20.038320541381836
2020-04-17,20.583396911621094
2020-04-20,20.488006591796875
2020-04-21,20.481191635131836
2020-04-22,21.10121726989746
2020-04-23,19.772600173950195
2020-04-24,18.062427520751953
2020-04-27,19.254777908325195
2020-04-28,19.929306030273438
2020-04-29,20.20184326171875
2020-04-30,20.351741790771484
2020-05-01,19.860383987426758
2020-05-04,19.640478134155273
2020-05-05,20.293325424194336
2020-05-06,20.41702651977539
2020-05-07,20.472003936767578
2020-05-08,21.028640747070312
2020-05-11,21.227933883666992
2020-05-12,20.293325424194336
2020-05-13,19.111324310302734
2020-05-14,19.51677703857422
2020-05-15,19.55113983154297
2020-05-18,20.54072380065918
2020-05-19,19.92223358154297
2020-05-20,20.293325424194336
2020-05-21,20.176498413085938
2020-05-22,20.465126037597656
2020-05-26,21.440969467163086
2020-05-27,22.994068145751953
2020-05-28,22.89098358154297
2020-05-29,23.110889434814453
2020-06-01,23.10401153564453
2020-06-02,23.93553924560547
2020-06-03,24.554035186767578
2020-06-04,25.241241455078125
2020-06-05,26.010913848876953
2020-06-08,25.8597354888916
2020-06-09,25.722288131713867
2020-06-10,25.481761932373047
2020-06-11,24.382230758666992
2020-06-12,23.804973602294922
2020-06-15,24.127960205078125
2020-06-16,24.18293571472168
2020-06-17,23.853076934814453
2020-06-18,24.533418655395508
2020-06-19,23.475112915039062
2020-06-22,23.798095703125
2020-06-23,23.16586685180664
2020-06-24,21.880781173706055
2020-06-25,22.13504981994629
2020-06-26,20.685035705566406
2020-06-29,21.159215927124023
2020-06-30,21.413476943969727
2020-07-01,21.042388916015625
2020-07-02,21.117977142333984
2020-07-06,21.61277198791504
2020-07-07,20.080293655395508
2020-07-08,20.472003936767578
2020-07-09,19.894742965698242
2020-07-10,20.334558486938477
2020-07-13,20.066545486450195
2020-07-14,20.2039852142334
2020-07-15,21.200448989868164
2020-07-16,21.337890625
2020-07-17,21.35162925720215
2020-07-20,21.599029541015625
2020-07-21,21.963247299194336
2020-07-22,21.17295265197754
2020-07-23,21.090490341186523
2020-07-24,21.07674789428711
2020-07-27,21.049257278442383
2020-07-28,20.815610885620117
2020-07-29,20.80873680114746
2020-07-30,20.506362915039062
2020-07-31,20.472003936767578
2020-08-03,20.92555809020996
2020-08-04,20.7125244140625
2020-08-05,21.07674789428711
2020-08-06,21.358505249023438
2020-08-07,21.590620040893555
2020-08-10,21.957857131958008
2020-08-11,22.2142276763916
2020-08-12,22.332015991210938
2020-08-13,22.18651008605957
2020-08-14,21.99250602722168
2020-08-17,21.659912109375
2020-08-18,21.971712112426758
2020-08-19,22.027149200439453
2020-08-20,22.00636100769043
2020-08-21,22.207294464111328
2020-08-24,22.796262741088867
2020-08-25,23.024917602539062
2020-08-26,22.83090591430664
2020-08-27,22.505239486694336
2020-08-28,22.255800247192383
2020-08-31,22.11029815673828
2020-09-01,22.338951110839844
2020-09-02,22.539886474609375
2020-09-03,22.06178855895996
2020-09-04,21.86778450012207
2020-09-08,21.784629821777344
2020-09-09,22.05486297607422
2020-09-10,21.299606323242188
2020-09-11,21.68070411682129
2020-09-14,22.754690170288086
2020-09-15,22.553743362426758
2020-09-16,23.12885093688965
2020-09-17,23.496082305908203
2020-09-18,23.703954696655273
2020-09-21,22.726974487304688
2020-09-22,22.934837341308594
2020-09-23,22.532960891723633
2020-09-24,22.685401916503906
2020-09-25,22.83090591430664
2020-09-28,23.724742889404297
2020-09-29,23.69009780883789
2020-09-30,24.348344802856445
2020-10-01,24.341415405273438
2020-10-02,24.96501922607422
2020-10-05,25.408475875854492
2020-10-06,25.422330856323242
2020-10-07,25.85886001586914
2020-10-08,26.399316787719727
2020-10-09,26.579469680786133
2020-10-12,26.87741470336914
2020-10-13,26.627975463867188
2020-10-14,26.4062442779541
2020-10-15,26.392391204833984
2020-10-16,26.45475196838379
2020-10-19,26.094440460205078
2020-10-20,26.336956024169922
2020-10-21,26.496322631835938
2020-10-22,26.704193115234375
2020-10-23,27.043710708618164
2020-10-26,26.482463836669922
2020-10-27,27.21693229675293
2020-10-28,25.33225440979004
2020-10-29,25.969724655151367
2020-10-30,25.775711059570312
2020-11-02,26.066726684570312
2020-11-03,25.94200325012207
2020-11-04,26.336956024169922
2020-11-05,26.444047927856445
2020-11-06,25.632104873657227
2020-11-09,25.912086486816406
2020-11-10,26.829025268554688
2020-11-11,26.25506019592285
2020-11-12,26.03108024597168
2020-11-13,26.33205795288086
2020-11-16,26.752023696899414
2020-11-17,27.018003463745117
2020-11-18,26.696027755737305
2020-11-19,26.647031784057617
2020-11-20,26.738033294677734
2020-11-23,27.38897705078125
2020-11-24,27.850942611694336
2020-11-25,27.94193458557129
2020-11-27,27.780954360961914
2020-11-30,27.465978622436523
2020-12-01,28.144927978515625
2020-12-02,28.606889724731445
2020-12-03,29.215843200683594
2020-12-04,29.56581687927246
2020-12-07,29.978788375854492
2020-12-08,30.195770263671875
2020-12-09,30.433753967285156
2020-12-10,30.46175193786621
2020-12-11,31.2106990814209
2020-12-14,31.49767303466797
2020-12-15,32.05763626098633
2020-12-16,31.777652740478516
2020-12-17,31.63121223449707
2020-12-18,32.7734489440918
2020-12-21,33.27134704589844
2020-12-22,34.0328369140625
2020-12-23,34.779685974121094
2020-12-24,34.567359924316406
2020-12-28,34.5234260559082
2020-12-29,33.77656555175781
2020-12-30,34.01088333129883
2020-12-31,34.23786163330078
2021-01-04,33.63013458251953
2021-01-05,33.85712432861328
2021-01-06,36.485721588134766
2021-01-07,37.93549346923828
2021-01-08,37.56938171386719
2021-01-11,38.31623458862305
2021-01-12,38.740909576416016
2021-01-13,38.84342575073242
2021-01-14,39.89779281616211
2021-01-15,40.41033935546875
2021-01-19,40.29318618774414
2021-01-20,40.307830810546875
2021-01-21,39.72206115722656
2021-01-22,39.89047622680664
2021-01-25,39.033790588378906
2021-01-26,37.671897888183594
2021-01-27,36.1489143371582
2021-01-28,37.48152160644531
2021-01-29,36.397865295410156
2021-02-01,37.525455474853516
2021-02-02,38.04532241821289
2021-02-03,38.426063537597656
2021-02-04,38.09657287597656
2021-02-05,37.86226272583008
2021-02-08,38.61643981933594
2021-02-09,38.79217529296875
2021-02-10,40.124778747558594
2021-02-11,39.53169631958008
2021-02-12,40.014949798583984
2021-02-16,40.13210678100586
2021-02-17,40.36640167236328
2021-02-18,39.7293815612793
2021-02-19,40.49868392944336
2021-02-22,40.3359375
2021-02-23,39.19680404663086
2021-02-24,39.29296875
2021-02-25,37.480690002441406
2021-02-26,38.19820785522461
2021-03-01,40.313758850097656
2021-03-02,39.463096618652344
2021-03-03,39.5296630859375
2021-03-04,38.50148391723633
2021-03-05,39.3669319152832
2021-03-08,40.506080627441406
2021-03-09,41.001678466796875
2021-03-10,41.253173828125
2021-03-11,42.266571044921875
2021-03-12,41.90411376953125
2021-03-15,41.52686309814453
2021-03-16,41.82274627685547
2021-03-17,42.87311553955078
2021-03-18,42.133419036865234
2021-03-19,41.852333068847656
2021-03-22,41.30495071411133
2021-03-23,40.67620849609375
2021-03-24,40.37293243408203
2021-03-25,40.631832122802734
2021-03-26,41.401119232177734
2021-03-29,40.71318817138672
2021-03-30,40.91291046142578
2021-03-31,40.59484100341797
2021-04-01,41.534263610839844
2021-04-05,42.7029914855957
2021-04-06,42.170406341552734
2021-04-07,41.72658157348633
2021-04-08,40.65400695800781
2021-04-09,40.084442138671875
2021-04-12,40.20279312133789
2021-04-13,38.9453125
2021-04-14,39.174617767333984
2021-04-15,38.568058013916016
2021-04-16,40.10663986206055
2021-04-19,40.77975845336914
2021-04-20,39.82554244995117
2021-04-21,40.809349060058594
2021-04-22,40.94249725341797
2021-04-23,42.118621826171875
2021-04-26,41.77836227416992
2021-04-27,42.22218704223633
2021-04-28,41.97808074951172
2021-04-29,41.534263610839844
2021-04-30,40.1510124206543
2021-05-03,40.34333801269531
2021-05-04,40.350738525390625
2021-05-05,41.11262512207031
2021-05-06,41.24578094482422
2021-05-07,41.61009979248047
2021-05-10,40.87369918823242
2021-05-11,39.70323181152344
2021-05-12,39.734230041503906
2021-05-13,40.65666198730469
2021-05-14,41.23802947998047
2021-05-17,41.12175750732422
2021-05-18,40.21482849121094
2021-05-19,40.9279670715332
2021-05-20,40.77293014526367
2021-05-21,41.09074783325195
2021-05-24,41.20702362060547
2021-05-25,40.5403938293457
2021-05-26,41.261287689208984
2021-05-27,41.43956756591797
2021-05-28,41.617855072021484
2021-06-01,42.42400360107422
2021-06-02,41.3930549621582
2021-06-03,41.09074783325195
2021-06-04,41.18376159667969
2021-06-07,41.43956756591797
2021-06-08,42.15270233154297
2021-06-09,41.63335037231445
2021-06-10,41.8426399230957
2021-06-11,42.35424041748047
2021-06-14,41.757381439208984
2021-06-15,42.50152587890625
2021-06-16,42.41625213623047
2021-06-17,41.6721076965332
2021-06-18,40.99773406982422
2021-06-21,41.65660858154297
2021-06-22,41.92790603637695
2021-06-23,42.43175506591797
2021-06-24,42.96661376953125
2021-06-25,43.54022216796875
2021-06-28,43.30767822265625
2021-06-29,43.94329833984375
2021-06-30,44.09832763671875
2021-07-01,44.191349029541016
2021-07-02,44.284366607666016
2021-07-06,43.10614013671875
2021-07-07,43.640995025634766
2021-07-08,42.14495086669922
2021-07-09,42.408504486083984
2021-07-12,43.38519287109375
2021-07-13,43.865787506103516
2021-07-14,42.42400360107422
2021-07-15,42.39299774169922
2021-07-16,41.7961311340332
2021-07-19,41.00548553466797
2021-07-20,42.548038482666016
2021-07-21,43.94329833984375
2021-07-22,45.05176544189453
2021-07-23,45.31531524658203
2021-07-26,45.69514465332031
2021-07-27,44.8967399597168
2021-07-28,45.05952453613281
2021-07-29,46.12921905517578
2021-07-30,46.395469665527344
2021-08-02,46.418968200683594
2021-08-03,45.682899475097656
2021-08-04,46.05091857910156
2021-08-05,46.606895446777344
2021-08-06,47.014060974121094
2021-08-09,46.974918365478516
2021-08-10,47.69532012939453
2021-08-11,48.58800506591797
2021-08-12,49.190940856933594
2021-08-13,48.744606018066406
2021-08-16,48.57233428955078
2021-08-17,47.96156692504883
2021-08-18,47.44474792480469
2021-08-19,46.317161560058594
2021-08-20,47.4290885925293
2021-08-23,48.400062561035156
2021-08-24,48.423553466796875
2021-08-25,48.6976203918457
2021-08-26,48.14165496826172
2021-08-27,49.54330825805664
2021-08-30,49.13612365722656
2021-08-31,48.50969314575195
2021-09-01,49.112632751464844
2021-09-02,49.464996337890625
2021-09-03,49.464996337890625
2021-09-07,48.6976203918457
2021-09-08,48.36874008178711
2021-09-09,48.611488342285156
2021-09-10,48.33742141723633
2021-09-13,48.68978500366211
2021-09-14,48.29043197631836
2021-09-15,49.58246612548828
2021-09-16,49.20659637451172
2021-09-17,48.470542907714844
2021-09-20,47.092376708984375
2021-09-21,46.33281707763672
2021-09-22,47.46040344238281
2021-09-23,48.83074188232422
2021-09-24,49.53547668457031
2021-09-27,49.919166564941406
2021-09-28,48.77592086791992
2021-09-29,49.457183837890625
2021-09-30,48.44704818725586
2021-10-01,50.764869689941406
2021-10-04,51.258182525634766
2021-10-05,52.385765075683594
2021-10-06,52.47190856933594
2021-10-07,53.01219940185547
2021-10-08,53.45854187011719
2021-10-11,52.644168853759766
2021-10-12,53.38806915283203
2021-10-13,53.30192184448242
2021-10-14,53.662132263183594
2021-10-15,55.51795959472656
2021-10-18,55.423980712890625
2021-10-19,55.4709587097168
2021-10-20,56.18354034423828
2021-10-21,56.449771881103516
2021-10-22,56.113075256347656
2021-10-25,56.53590774536133
2021-10-26,55.72937774658203
2021-10-27,53.685630798339844
2021-10-28,54.90717697143555
2021-10-29,56.95874786376953
2021-11-01,59.94216537475586
2021-11-02,60.239723205566406
2021-11-03,60.27886199951172
2021-11-04,59.60543441772461
2021-11-05,61.00947570800781
2021-11-08,59.907474517822266
2021-11-09,58.6585578918457
2021-11-10,57.474945068359375
2021-11-11,57.83409881591797
2021-11-12,57.24637222290039
2021-11-15,57.327999114990234
2021-11-16,57.5647087097168
2021-11-17,56.47904968261719
2021-11-18,56.11989974975586
2021-11-19,54.919944763183594
2021-11-22,54.47098159790039
2021-11-23,54.78118133544922
2021-11-24,53.866920471191406
2021-11-26,51.532352447509766
2021-11-29,52.35679626464844
2021-11-30,50.046695709228516
2021-12-01,49.834468841552734
2021-12-02,51.33644485473633
2021-12-03,50.09568405151367
2021-12-06,50.38954162597656
2021-12-07,51.2140007019043
2021-12-08,50.38137435913086
2021-12-09,49.5732536315918
2021-12-10,48.84675216674805
2021-12-13,48.27535629272461
2021-12-14,50.56096267700195
2021-12-15,50.52014923095703
2021-12-16,50.68341064453125
2021-12-17,50.209957122802734
2021-12-20,49.25489044189453
2021-12-21,50.038536071777344
2021-12-22,50.92829513549805
2021-12-23,50.91197204589844
2021-12-27,51.720096588134766
2021-12-28,51.44255447387695
2021-12-29,51.736419677734375
2021-12-30,51.23847961425781
2021-12-31,51.0262451171875
2022-01-03,51.01808547973633
2022-01-04,51.140533447265625
2022-01-05,48.83042907714844
2022-01-06,50.40586853027344
2022-01-07,50.944618225097656
2022-01-10,50.60993576049805
2022-01-11,51.483367919921875
2022-01-12,50.658912658691406
2022-01-13,49.409996032714844
2022-01-14,48.60186004638672
2022-01-18,45.695884704589844
2022-01-19,45.07549285888672
2022-01-20,44.81428909301758
2022-01-21,44.079620361328125
2022-01-24,43.76942443847656
2022-01-25,43.61433792114258
2022-01-26,44.02248764038086
2022-01-27,43.76942443847656
2022-01-28,44.95304870605469
2022-01-31,46.095855712890625
2022-02-01,46.406044006347656
2022-02-02,45.33671188354492
2022-02-03,44.67551803588867
2022-02-04,44.79795837402344
2022-02-07,45.05916976928711
2022-02-08,46.04688262939453
2022-02-09,47.72844314575195
2022-02-10,43.23068618774414
2022-02-11,41.8348274230957
2022-02-14,41.924617767333984
2022-02-15,42.11236572265625
2022-02-16,42.1531867980957
2022-02-17,40.7001953125
2022-02-18,40.33664321899414
2022-02-22,39.60130310058594
2022-02-23,38.708961486816406
2022-02-24,39.18818283081055
2022-02-25,40.49363327026367
2022-02-28,39.83264923095703
2022-03-01,39.237762451171875
2022-03-02,40.01441192626953
2022-03-03,39.74176025390625
2022-03-04,38.89073944091797
2022-03-07,37.2134895324707
2022-03-08,36.692962646484375
2022-03-09,38.01493835449219
2022-03-10,37.477874755859375
2022-03-11,37.320892333984375
2022-03-14,37.44483184814453
2022-03-15,38.023197174072266
2022-03-16,38.88247299194336
2022-03-17,38.428043365478516
2022-03-18,39.237762451171875
2022-03-21,38.304115295410156
2022-03-22,39.30385208129883
2022-03-23,38.11408233642578
2022-03-24,38.19670867919922
2022-03-25,38.19670867919922
2022-03-28,38.70070266723633
2022-03-29,40.047462463378906
2022-03-30,39.11381912231445
2022-03-31,38.79159927368164
2022-04-01,39.19643783569336
2022-04-04,39.543453216552734
2022-04-05,38.23801803588867
2022-04-06,36.80862808227539
2022-04-07,37.106075286865234
2022-04-08,36.9490966796875
2022-04-11,36.77558898925781
2022-04-12,36.684696197509766
2022-04-13,37.139137268066406
2022-04-14,37.30436706542969
2022-04-18,37.329166412353516
2022-04-19,39.19643783569336
2022-04-20,39.65913009643555
2022-04-21,39.146873474121094
2022-04-22,37.924049377441406
2022-04-25,38.626346588134766
2022-04-26,37.27959060668945
2022-04-27,37.0812873840332
2022-04-28,38.85768508911133
2022-04-29,36.569026947021484
2022-05-02,37.23827362060547
2022-05-03,36.74254608154297
2022-05-04,37.04823684692383
2022-05-05,35.932830810546875
2022-05-06,35.75689697265625
2022-05-09,35.37150955200195
2022-05-10,35.279354095458984
2022-05-11,34.265625
2022-05-12,34.04780197143555
2022-05-13,35.3128662109375
2022-05-16,35.63959884643555
2022-05-17,37.315181732177734
2022-05-18,36.427120208740234
2022-05-19,36.68683624267578
2022-05-20,36.887908935546875
2022-05-23,37.29842758178711
2022-05-24,36.921417236328125
2022-05-25,37.3403205871582
2022-05-26,38.38755416870117
2022-05-27,39.21696090698242
2022-05-31,39.30912399291992
2022-06-01,38.54673385620117
2022-06-02,39.82017517089844
2022-06-03,38.446197509765625
2022-06-06,38.982391357421875
2022-06-07,38.80644989013672
2022-06-08,37.64192199707031
2022-06-09,36.0166130065918
2022-06-10,33.57026290893555
2022-06-13,32.037105560302734
2022-06-14,32.02872085571289
2022-06-15,32.70734405517578
2022-06-16,31.986831665039062
2022-06-17,32.37222671508789
2022-06-21,32.73246383666992
2022-06-22,32.63194274902344
2022-06-23,32.5816650390625
2022-06-24,33.419464111328125
2022-06-27,33.35243225097656
2022-06-28,33.42784118652344
2022-06-29,33.42784118652344
2022-06-30,32.96704864501953
2022-07-01,33.22677230834961
2022-07-05,34.21535873413086
2022-07-06,33.50323486328125
2022-07-07,33.980777740478516
2022-07-08,33.67079544067383
2022-07-11,33.04245376586914
2022-07-12,33.46134567260742
2022-07-13,32.866512298583984
2022-07-14,32.61518478393555
2022-07-15,34.20698928833008
2022-07-18,33.788082122802734
2022-07-19,34.868839263916016
2022-07-20,35.47203826904297
2022-07-21,35.7652702331543
2022-07-22,35.74013900756836
2022-07-25,36.05849838256836
2022-07-26,35.7652702331543
2022-07-27,36.80413055419922
2022-07-28,37.71732711791992
2022-07-29,39.02427291870117
2022-08-01,38.555118560791016
2022-08-02,37.71732711791992
2022-08-03,38.06081771850586
2022-08-04,37.85974884033203
2022-08-05,38.004085540771484
2022-08-08,38.42862319946289
2022-08-09,37.97861099243164
2022-08-10,38.87013626098633
2022-08-11,39.617313385009766
2022-08-12,40.568260192871094
2022-08-15,40.37297821044922
2022-08-16,40.4409065246582
2022-08-17,40.254112243652344
2022-08-18,40.254112243652344
2022-08-19,39.201263427734375
2022-08-22,37.36728286743164
2022-08-23,37.77484130859375
2022-08-24,37.41823959350586
2022-08-25,38.122962951660156
2022-08-26,36.98521423339844
2022-08-29,36.390869140625
2022-08-30,35.59274673461914
2022-08-31,35.37199020385742
2022-09-01,35.37199020385742
2022-09-02,34.53990936279297
2022-09-06,34.53141784667969
2022-09-07,35.22765350341797
2022-09-08,35.618221282958984
2022-09-09,36.87483596801758
2022-09-12,36.747474670410156
2022-09-13,34.00499725341797
2022-09-14,32.88422775268555
2022-09-15,33.393672943115234
2022-09-16,33.23235321044922
2022-09-19,33.58045959472656
2022-09-20,32.91819381713867
2022-09-21,32.25593185424805
2022-09-22,31.449316024780273
2022-09-23,29.68326187133789
2022-09-26,28.69835090637207
2022-09-27,28.638914108276367
2022-09-28,29.445526123046875
2022-09-29,28.689861297607422
2022-09-30,28.70684242248535
2022-10-03,29.343637466430664
2022-10-04,32.5531005859375
2022-10-05,31.5596923828125
2022-10-06,31.457807540893555
2022-10-07,30.36251449584961
2022-10-10,30.76157569885254
2022-10-11,30.252145767211914
2022-10-12,30.91440773010254
2022-10-13,32.44271469116211
2022-10-14,31.67007064819336
2022-10-17,31.262521743774414
2022-10-18,32.34083557128906
2022-10-19,31.984220504760742
2022-10-20,31.644603729248047
2022-10-21,33.716312408447266
2022-10-24,34.13235855102539
2022-10-25,32.671966552734375
2022-10-26,33.99651336669922
2022-10-27,34.82010269165039
2022-10-28,35.91539001464844
2022-10-31,36.051239013671875
2022-11-01,37.01917266845703
2022-11-02,36.51823425292969
2022-11-03,33.89461898803711
2022-11-04,34.36160659790039
2022-11-07,34.429527282714844
2022-11-08,34.64179611206055
2022-11-09,33.7927360534668
2022-11-10,38.54267883300781
2022-11-11,39.90473556518555
2022-11-14,39.48232650756836
2022-11-15,39.99094009399414
2022-11-16,39.1030158996582
2022-11-17,37.18923568725586
2022-11-18,36.3099479675293
2022-11-21,36.32718276977539
2022-11-22,36.577186584472656
2022-11-23,36.63753128051758
2022-11-25,36.827186584472656
2022-11-28,35.82719421386719
2022-11-29,36.025474548339844
2022-11-30,37.25821304321289
2022-12-01,37.6719970703125
2022-12-02,38.10302734375
2022-12-05,36.60304641723633
2022-12-06,35.12030029296875
2022-12-07,34.835819244384766
2022-12-08,35.568572998046875
2022-12-09,35.91339111328125
2022-12-12,36.53407669067383
2022-12-13,37.12028121948242
2022-12-14,36.809940338134766
2022-12-15,35.516849517822266
2022-12-16,35.14616394042969
2022-12-19,34.10307693481445
2022-12-20,34.32720947265625
2022-12-21,35.13754653930664
2022-12-22,34.18928146362305
2022-12-23,33.6375617980957
2022-12-27,33.646175384521484
2022-12-28,33.01688003540039
2022-12-29,33.43928909301758
2022-12-30,33.07722091674805
2023-01-03,33.59445571899414
2023-01-04,34.38755416870117
2023-01-05,35.516849517822266
2023-01-06,36.58579635620117
2023-01-09,36.930625915527344
2023-01-10,37.83578872680664
2023-01-11,38.232337951660156
2023-01-12,39.08578109741211
2023-01-13,38.91336441040039
2023-01-17,38.69784927368164
2023-01-18,38.93060302734375
2023-01-19,38.68922424316406
2023-01-20,39.09439468383789
2023-01-23,39.70646286010742
2023-01-24,39.163368225097656
2023-01-25,38.87888717651367
2023-01-26,39.34438705444336
2023-01-27,39.80128479003906
2023-01-30,39.51681137084961
2023-01-31,40.3012809753418
2023-02-01,40.79265594482422
2023-02-02,42.24091720581055
2023-02-03,42.53401565551758
2023-02-06,42.24953842163086
2023-02-07,41.10299301147461
2023-02-08,40.568519592285156
2023-02-09,37.706485748291016
2023-02-10,38.14613342285156
2023-02-13,40.490936279296875
2023-02-14,40.23231887817383
2023-02-15,40.27541732788086
2023-02-16,39.22370529174805
2023-02-17,39.65176010131836
2023-02-21,38.06184387207031
2023-02-22,37.84346008300781
2023-02-23,37.36298370361328
2023-02-24,36.92620086669922
2023-02-27,37.59011459350586
2023-02-28,37.41539764404297
2023-03-01,37.50275802612305
2023-03-02,37.46782302856445
2023-03-03,37.65126419067383
2023-03-06,36.899986267089844
2023-03-07,36.20112991333008
2023-03-08,36.47193145751953
2023-03-09,35.353755950927734
2023-03-10,34.122005462646484
2023-03-13,33.11738586425781
2023-03-14,33.72016143798828
2023-03-15,33.851200103759766
2023-03-16,34.847076416015625
2023-03-17,34.1307373046875
2023-03-20,34.48017501831055
2023-03-21,34.83833694458008
2023-03-22,33.737632751464844
2023-03-23,33.70268630981445
2023-03-24,32.97761917114258
2023-03-27,33.28336715698242
2023-03-28,32.76795959472656
2023-03-29,32.750484466552734
2023-03-30,32.453468322753906
2023-03-31,33.58038330078125
2023-04-03,33.16106414794922
2023-04-04,32.60198211669922
2023-04-05,33.23095703125
2023-04-06,33.65900802612305
2023-04-10,34.20062255859375
2023-04-11,35.14409637451172
2023-04-12,35.02179718017578
2023-04-13,35.6944465637207
2023-04-14,36.323429107666016
2023-04-17,36.3146858215332
2023-04-18,36.323429107666016
2023-04-19,36.41078186035156
2023-04-20,36.45446014404297
2023-04-21,37.37171936035156
2023-04-24,37.214473724365234
2023-04-25,36.637908935546875
2023-04-26,35.467315673828125
2023-04-27,32.645660400390625
2023-04-28,33.09117889404297
2023-05-01,32.8116455078125
2023-05-02,32.06035232543945
2023-05-03,31.49253273010254
2023-05-04,31.090682983398438
2023-05-05,31.081798553466797
2023-05-08,30.815229415893555
2023-05-09,31.028486251831055
2023-05-10,31.152889251708984
2023-05-11,30.406497955322266
2023-05-12,30.593093872070312
2023-05-15,31.179542541503906
2023-05-16,30.761920928955078
2023-05-17,32.07698440551758
2023-05-18,32.512386322021484
2023-05-19,32.405757904052734
2023-05-22,33.43648147583008
2023-05-23,33.676395416259766
2023-05-24,33.65862274169922
2023-05-25,33.854103088378906
2023-05-26,34.17398452758789
2023-05-30,34.3961296081543
2023-05-31,33.64973068237305
2023-06-01,33.87187957763672
2023-06-02,35.34688186645508
2023-06-05,35.39131546020508
2023-06-06,36.11993408203125
2023-06-07,37.168434143066406
2023-06-08,37.81707763671875
2023-06-09,38.32356262207031
2023-06-12,38.7767219543457
2023-06-13,40.47386932373047
2023-06-14,41.131404876708984
2023-06-15,41.34465408325195
2023-06-16,40.322818756103516
2023-06-20,39.08771514892578
2023-06-21,38.501277923583984
2023-06-22,38.527923583984375
2023-06-23,37.568275451660156
2023-06-26,38.208038330078125
2023-06-27,39.64751434326172
2023-06-28,40.46498107910156
2023-06-29,41.14029312133789
2023-06-30,40.28727340698242
2023-07-03,40.393898010253906
2023-07-05,39.78079605102539
2023-07-06,39.34539794921875
2023-07-07,39.64751434326172
2023-07-10,40.758209228515625
2023-07-11,42.117706298828125
2023-07-12,42.52644348144531
2023-07-13,43.086238861083984
2023-07-14,43.13066101074219
2023-07-17,43.912593841552734
2023-07-18,44.783390045166016
2023-07-19,45.52088165283203
2023-07-20,45.15658187866211
2023-07-21,44.88111877441406
2023-07-24,45.08549880981445
2023-07-25,46.00959396362305
2023-07-26,46.213966369628906
2023-07-27,42.553104400634766
2023-07-28,42.304298400878906
2023-07-31,43.38834762573242
2023-08-01,43.3172607421875
2023-08-02,42.561981201171875
2023-08-03,43.01515197753906
2023-08-04,43.29405212402344
2023-08-07,43.590965270996094
2023-08-08,43.00615692138672
2023-08-09,42.95217514038086
2023-08-10,43.2040901184082
2023-08-11,43.186092376708984
2023-08-14,42.75423049926758
2023-08-15,41.359683990478516
2023-08-16,40.45097732543945
2023-08-17,39.95613479614258
2023-08-18,40.0640983581543
2023-08-21,39.71321105957031
2023-08-22,39.47929382324219
2023-08-23,39.87515640258789
2023-08-24,40.29801940917969
2023-08-25,40.61292266845703
2023-08-28,41.431663513183594
2023-08-29,43.10511779785156
2023-08-30,42.87120056152344
2023-08-31,42.655269622802734
2023-09-01,43.09611892700195
2023-09-05,40.80186462402344
2023-09-06,41.02678680419922
2023-09-07,41.269710540771484
2023-09-08,42.1964111328125
2023-09-11,41.93549728393555
2023-09-12,42.67325973510742
2023-09-13,42.21440887451172
2023-09-14,43.195091247558594
2023-09-15,43.56397247314453
2023-09-18,43.21308517456055
2023-09-19,41.78255081176758
2023-09-20,41.05377960205078
2023-09-21,40.33401870727539
2023-09-22,40.13607406616211
2023-09-25,40.80186462402344
2023-09-26,39.97412872314453
2023-09-27,40.34300994873047
2023-09-28,41.260719299316406
2023-09-29,40.60393142700195
2023-10-02,39.6412353515625
2023-10-03,39.272361755371094
2023-10-04,39.434303283691406
2023-10-05,40.145076751708984
2023-10-06,39.18238830566406
2023-10-09,39.650230407714844
2023-10-10,40.0101203918457
2023-10-11,40.80186462402344
2023-10-12,39.407310485839844
2023-10-13,39.23637390136719
2023-10-16,39.53327178955078
2023-10-17,39.87515640258789
2023-10-18,38.282676696777344
2023-10-19,37.27499771118164
2023-10-20,36.75315856933594
2023-10-23,36.61820983886719
2023-10-24,36.36629104614258
2023-10-25,35.160682678222656
2023-10-26,36.37528610229492
2023-10-27,35.907440185546875
2023-10-30,36.17734909057617
2023-10-31,37.46393585205078
2023-11-01,38.327659606933594
2023-11-02,39.38032150268555
2023-11-03,39.011436462402344
2023-11-06,38.480613708496094
2023-11-07,37.93178939819336
2023-11-08,38.04875183105469
2023-11-09,37.571903228759766
2023-11-10,37.94615936279297
2023-11-13,37.92790222167969
2023-11-14,40.21910095214844
2023-11-15,41.06802749633789
2023-11-16,40.94023132324219
2023-11-17,41.369258880615234
2023-11-20,40.803306579589844
2023-11-21,40.492950439453125
2023-11-22,40.848941802978516
2023-11-24,41.049766540527344
2023-11-27,41.90782165527344
2023-11-28,42.30034255981445
2023-11-29,43.00321960449219
2023-11-30,43.31357192993164
2023-12-01,44.92927932739258
2023-12-04,46.7275390625
2023-12-05,46.4445686340332
2023-12-06,46.83708572387695
2023-12-07,48.16067886352539
2023-12-08,48.91832733154297
2023-12-11,48.16980743408203
2023-12-12,48.16067886352539
2023-12-13,49.83115005493164
2023-12-14,52.52398681640625
2023-12-15,53.12644958496094
2023-12-18,51.84849548339844
2023-12-19,52.52398681640625
2023-12-20,50.97218322753906
2023-12-21,51.85762405395508
2023-12-22,51.67506408691406
2023-12-26,52.204505920410156
2023-12-27,52.56962966918945
2023-12-28,52.23188400268555
2023-12-29,51.23689651489258
2024-01-02,50.826133728027344
2024-01-03,49.69422149658203
2024-01-04,49.502532958984375
2024-01-05,49.78551483154297
2024-01-08,51.20038604736328
2024-01-09,49.92243194580078
2024-01-10,49.03699493408203
2024-01-11,48.10591506958008
2024-01-12,48.56232452392578
2024-01-16,48.88180923461914
2024-01-17,48.635345458984375
2024-01-18,48.59883499145508
2024-01-19,49.183048248291016
2024-01-22,50.707462310791016
2024-01-23,50.24192810058594
2024-01-24,50.433616638183594
2024-01-25,50.798744201660156
2024-01-26,50.56140899658203
2024-01-29,52.64265441894531
2024-01-30,51.99454879760742
2024-01-31,50.17802429199219
2024-02-01,51.00869369506836
2024-02-02,51.90326690673828
2024-02-05,50.232791900634766
2024-02-06,49.958953857421875
2024-02-07,49.92243194580078
2024-02-08,50.40623474121094
2024-02-09,49.44776153564453
2024-02-12,51.191261291503906
2024-02-13,48.95484161376953
2024-02-14,49.411251068115234
2024-02-15,51.45597839355469
2024-02-16,51.40061569213867
2024-02-20,51.08692169189453
2024-02-21,50.542564392089844
2024-02-22,51.271446228027344
2024-02-23,49.785987854003906
2024-02-26,49.38925552368164
2024-02-27,49.30621337890625
2024-02-28,49.619911193847656
2024-02-29,49.859806060791016
2024-03-01,49.4261589050293
2024-03-04,48.06986618041992
2024-03-05,48.291297912597656
2024-03-06,48.023738861083984
2024-03-07,48.162132263183594
2024-03-08,49.08478546142578
2024-03-11,49.2969856262207
2024-03-12,48.3651123046875
2024-03-13,50.15504837036133
2024-03-14,49.08478546142578
2024-03-15,49.499969482421875
2024-03-18,49.555328369140625
2024-03-19,50.79166793823242
2024-03-20,51.36371994018555
2024-03-21,52.71078109741211
2024-03-22,51.382171630859375
2024-03-25,51.05001449584961
2024-03-26,50.90239715576172
2024-03-27,53.042938232421875
2024-03-28,52.37862777709961
2024-04-01,51.82503890991211
2024-04-02,51.437530517578125
2024-04-03,51.908077239990234
2024-04-04,51.40061569213867
2024-04-05,52.00033950805664
2024-04-08,52.31404495239258
2024-04-09,52.70155715942383
2024-04-10,49.859806060791016
2024-04-11,49.2969856262207
2024-04-12,48.023738861083984
2024-04-15,47.72848892211914
2024-04-16,47.15645217895508
2024-04-17,47.29484558105469
2024-04-18,47.02728271484375
2024-04-19,47.65467834472656
2024-04-22,49.10323715209961
2024-04-23,50.376487731933594
2024-04-24,49.81367111206055
2024-04-25,46.372196197509766
2024-04-26,45.901649475097656
2024-04-29,46.17844009399414
2024-04-30,45.283477783203125
2024-05-01,46.50136947631836
2024-05-02,47.84843444824219
2024-05-03,48.14714050292969
2024-05-06,48.90322494506836
2024-05-07,48.56718826293945
2024-05-08,49.407283782958984
2024-05-09,50.53675842285156
2024-05-10,50.807464599609375
2024-05-13,51.37685775756836
2024-05-14,52.0302734375
2024-05-15,52.300968170166016
2024-05-16,52.56233596801758
2024-05-17,52.889041900634766
2024-05-20,53.122406005859375
2024-05-21,54.065181732177734
2024-05-22,53.90650177001953
2024-05-23,52.87970733642578
2024-05-24,54.02784729003906
2024-05-28,53.990509033203125
2024-05-29,51.89958953857422
2024-05-30,52.59033966064453
2024-05-31,52.842369079589844
2024-06-03,51.79690933227539
2024-06-04,51.162166595458984
2024-06-05,51.55421447753906
2024-06-06,50.8914680480957
2024-06-07,50.499420166015625
2024-06-10,49.28593826293945
2024-06-11,48.828556060791016
2024-06-12,49.42596435546875
2024-06-13,48.8192138671875
2024-06-14,48.921897888183594
2024-06-17,48.87522506713867
2024-06-18,50.11670684814453
2024-06-20,50.18204879760742
2024-06-21,49.15525817871094
2024-06-24,49.62198257446289
2024-06-25,49.32327651977539
2024-06-26,49.76199722290039
2024-06-27,51.04081344604492
2024-06-28,53.07573318481445
2024-07-01,53.33708953857422
2024-07-02,53.43044662475586
2024-07-03,53.4491081237793
2024-07-05,54.21453857421875
2024-07-08,53.93450164794922
2024-07-09,54.27988052368164
2024-07-10,54.923954010009766
2024-07-11,56.10942459106445
2024-07-12,56.95886993408203
2024-07-15,59.66585922241211
2024-07-16,61.86878967285156
2024-07-17,62.400856018066406
2024-07-18,60.75798797607422
2024-07-19,60.05790328979492
2024-07-22,60.46862030029297
2024-07-23,60.47795867919922
2024-07-24,58.61106491088867
2024-07-25,62.37285232543945
2024-07-26,63.548988342285156
2024-07-29,62.9049186706543
2024-07-30,64.52911376953125
2024-07-31,63.47431564331055
2024-08-01,59.97389602661133
2024-08-02,58.079002380371094
2024-08-05,56.28818130493164
2024-08-06,57.32497787475586
2024-08-07,56.15623092651367
2024-08-08,57.03278350830078
2024-08-09,57.58887481689453
2024-08-12,56.674625396728516
2024-08-13,58.49371337890625
2024-08-14,59.059234619140625
2024-08-15,60.4636116027832
2024-08-16,61.132816314697266
2024-08-19,61.01028823852539
2024-08-20,59.615333557128906
2024-08-21,60.350502014160156
2024-08-22,61.65121078491211
2024-08-23,63.90386199951172
2024-08-26,64.43168640136719
2024-08-27,64.3280029296875
2024-08-28,63.01788330078125
2024-08-29,62.81995391845703
2024-08-30,62.951904296875
2024-09-03,60.906612396240234
2024-09-04,60.65211868286133
2024-09-05,61.53810119628906
2024-09-06,59.83211135864258
2024-09-09,60.65211868286133
2024-09-10,59.8038444519043
2024-09-11,59.08750915527344
2024-09-12,60.41648864746094
2024-09-13,63.47972106933594
2024-09-16,64.37512969970703
2024-09-17,65.29882049560547
2024-09-18,64.96893310546875
2024-09-19,66.56182098388672
2024-09-20,66.13768005371094
2024-09-23,66.06226348876953
2024-09-24,66.51467895507812
2024-09-25,65.44020080566406
2024-09-26,65.23284912109375
2024-09-27,64.96893310546875
2024-09-30,64.57306671142578
2024-10-01,64.02639770507812
2024-10-02,62.62202453613281
2024-10-03,62.603172302246094
2024-10-04,64.74272155761719
2024-10-07,62.772823333740234
2024-10-08,63.35720443725586
2024-10-09,63.35720443725586
2024-10-10,62.895362854003906
2024-10-11,65.01605987548828
2024-10-14,65.6664047241211
2024-10-15,66.87284851074219
2024-10-16,67.62687683105469
2024-10-17,67.76826477050781
2024-10-18,67.22158813476562
2024-10-21,66.58067321777344
2024-10-22,66.34503173828125
2024-10-23,64.31858825683594
2024-10-24,63.112144470214844
2024-10-25,62.10361862182617
2024-10-28,63.18754196166992
2024-10-29,63.602264404296875
2024-10-30,63.03672790527344
2024-10-31,62.58431625366211
2024-11-01,63.0838623046875
2024-11-04,62.522727966308594
2024-11-05,64.67213439941406
2024-11-06,76.5508804321289
2024-11-07,73.48847198486328
2024-11-08,73.24119567871094
2024-11-11,74.1827392578125
2024-11-12,73.16510772705078
2024-11-13,71.67194366455078
2024-11-14,72.59447479248047
2024-11-15,71.03473663330078
2024-11-18,70.0456314086914
2024-11-19,70.31192779541016
2024-11-20,69.78883361816406
2024-11-21,70.98716735839844
2024-11-22,71.37711334228516
2024-11-25,73.78328704833984
2024-11-26,73.13656616210938
2024-11-27,72.13795471191406
2024-11-29,73.21266174316406
2024-12-02,72.09991455078125
2024-12-03,71.76704406738281
2024-12-04,72.22356414794922
2024-12-05,71.56732177734375
2024-12-06,71.98578643798828
2024-12-09,71.90019226074219
2024-12-10,70.02660369873047
2024-12-11,70.65431213378906
2024-12-12,71.42466735839844
2024-12-13,70.31192779541016
2024-12-16,72.27111053466797
2024-12-17,70.75892639160156
2024-12-18,67.51580047607422
2024-12-19,68.2100830078125
2024-12-20,70.19778442382812
2024-12-23,70.64479064941406
2024-12-24,71.1773910522461
2024-12-26,71.71949768066406
2024-12-27,70.81598663330078
2024-12-30,70.54017639160156
2024-12-31,70.26436614990234
2025-01-02,70.56871032714844
2025-01-03,71.1964111328125
2025-01-06,71.76704406738281
2025-01-07,70.26436614990234
2025-01-08,71.0727767944336
2025-01-10,67.94378662109375
2025-01-13,67.25901794433594
2025-01-14,69.2467269897461
2025-01-15,71.5958480834961
2025-01-16,72.82272338867188
2025-01-17,73.55503845214844
2025-01-21,75.33352661132812
2025-01-22,74.64875030517578
2025-01-23,74.0591049194336
2025-01-24,74.22077941894531
2025-01-27,72.27111053466797
2025-01-28,73.93547058105469
2025-01-29,73.57405853271484
2025-01-30,73.9639892578125
2025-01-31,74.45855712890625
2025-02-03,73.78328704833984
2025-02-04,73.81182861328125
2025-02-05,75.78052520751953
2025-02-06,77.22612762451172
2025-02-07,74.94359588623047
2025-02-10,74.66777801513672
2025-02-11,73.77378845214844
2025-02-12,72.29964447021484
2025-02-13,72.05237579345703
2025-02-14,72.23307037353516
2025-02-18,74.18997955322266
2025-02-19,74.5832748413086
2025-02-20,70.56393432617188
2025-02-21,68.36720275878906
2025-02-24,67.54224395751953
2025-02-25,66.22803497314453
2025-02-26,67.71488952636719
2025-02-27,66.72685241699219
2025-02-28,67.76286315917969
2025-03-03,65.39347076416016
2025-03-04,62.03602600097656
2025-03-05,61.67150115966797
2025-03-06,59.92562484741211
2025-03-07,59.302101135253906
2025-03-10,56.82718276977539
2025-03-11,57.35478210449219
2025-03-12,57.64256286621094
2025-03-13,56.165283203125
2025-03-14,57.12455368041992
2025-03-17,57.74808120727539
2025-03-18,56.990257263183594
2025-03-19,57.72889709472656
2025-03-20,58.035858154296875
2025-03-21,58.40998077392578
2025-03-24,60.4244499206543
2025-03-25,60.357295989990234
2025-03-26,59.11983871459961
2025-03-27,57.23007583618164
2025-03-28,55.551353454589844
2025-03-31,55.98302459716797
2025-04-01,56.0022087097168
2025-04-02,57.680931091308594
2025-04-03,50.783775329589844
2025-04-04,48.50071716308594
2025-04-07,48.01148986816406
2025-04-08,46.86995315551758
2025-04-09,52.09798049926758
2025-04-10,48.71175003051758
2025-04-11,48.539085388183594
2025-04-14,49.99717330932617
2025-04-15,50.217811584472656
2025-04-16,48.70216369628906
2025-04-17,49.52713394165039
2025-04-21,47.618186950683594
2025-04-22,49.2777214050293
2025-04-23,50.02595520019531
2025-04-24,50.46722412109375
2025-04-25,50.39047622680664
2025-04-28,50.678260803222656
2025-04-29,51.13870620727539
2025-04-30,51.3977165222168
2025-05-01,51.23463821411133
2025-05-02,52.577613830566406
2025-05-05,51.88835906982422
2025-05-06,50.888450622558594
2025-05-07,51.40296936035156
2025-05-08,53.5192756652832
2025-05-09,53.354244232177734
2025-05-12,58.945953369140625
2025-05-13,59.35368347167969
2025-05-14,59.013912200927734
2025-05-15,59.285728454589844
2025-05-16,59.674041748046875
2025-05-19,59.101280212402344
2025-05-20,58.421730041503906
2025-05-21,55.11136245727539
2025-05-22,54.917205810546875
2025-05-23,54.89778518676758
2025-05-27,56.66461181640625
2025-05-28,55.451133728027344
2025-05-29,56.16951370239258
2025-05-30,55.441429138183594
2025-06-02,55.21814727783203
2025-06-03,55.742366790771484
2025-06-04,55.33463668823242
2025-06-05,55.63558578491211
2025-06-06,57.33445739746094
2025-06-09,56.76169204711914
2025-06-10,56.101558685302734
2025-06-11,56.305423736572266
2025-06-12,57.188838958740234
2025-06-13,54.35415267944336
2025-06-16,55.023990631103516
2025-06-17,54.43181228637695
2025-06-18,54.85895919799805
2025-06-20,54.917205810546875
2025-06-23,57.79072189331055
2025-06-24,60.382713317871094
2025-06-25,59.95556640625
2025-06-26,61.14963150024414
2025-06-27,61.120506286621094
2025-06-30,60.49920654296875
2025-07-01,62.13011932373047
2025-07-02,63.57658767700195
2025-07-03,63.87753677368164
2025-07-07,63.663963317871094
2025-07-08,64.26583862304688
2025-07-09,66.25595092773438
2025-07-10,68.31401062011719
2025-07-11,67.4403076171875
2025-07-14,68.66349792480469
2025-07-15,67.4985580444336
2025-07-16,69.0032730102539
2025-07-17,69.73136138916016
2025-07-18,68.39167022705078
2025-07-21,66.79959106445312
2025-07-22,68.29459381103516
2025-07-23,68.90619659423828
2025-07-24,68.96443176269531
2025-07-25,68.34313201904297
2025-07-28,69.19742584228516
2025-07-29,69.0226821899414
2025-07-30,69.08092498779297
2025-07-31,68.09072875976562
2025-08-01,66.57630920410156
2025-08-04,67.9974136352539
2025-08-05,68.8500747680664
2025-08-06,68.69326782226562
2025-08-07,68.105224609375
2025-08-08,68.6246566772461
2025-08-11,69.67333984375
2025-08-12,72.1333236694336
2025-08-13,73.56422424316406
2025-08-14,72.86837005615234
2025-08-15,70.64360809326172
2025-08-18,70.19277954101562
2025-08-19,69.91835021972656
2025-08-20,68.9186782836914
2025-08-21,67.9974136352539
2025-08-22,71.104248046875
2025-08-25,70.55540466308594
2025-08-26,72.15292358398438
2025-08-27,71.0650405883789
2025-08-28,71.4864730834961
2025-08-29,70.67301177978516
2025-09-02,69.79093933105469
2025-09-03,68.86967468261719
2025-09-04,70.30059051513672
2025-09-05,69.2715072631836
2025-09-08,70.9768295288086
2025-09-09,70.75141906738281
2025-09-10,71.82949829101562
2025-09-11,74.14247131347656
2025-09-12,73.20159912109375
2025-09-15,72.99578857421875
2025-09-16,72.75077056884766
2025-09-17,73.92684936523438
2025-09-18,76.20062255859375
2025-09-19,75.64197540283203
2025-09-22,74.29927825927734
2025-09-23,73.64263153076172
2025-09-24,71.29045867919922
2025-09-25,70.32998657226562
2025-09-26,70.95723724365234
2025-09-29,70.82002258300781
2025-09-30,69.89875030517578
2025-10-01,67.3309555053711
2025-10-02,67.4583740234375
2025-10-03,66.90953063964844
2025-10-06,66.19407653808594
2025-10-07,65.46882629394531
2025-10-08,64.40055084228516
2025-10-09,64.37114715576172
2025-10-10,61.83275604248047
2025-10-13,64.4593505859375
2025-10-14,66.3410873413086
2025-10-15,67.2133560180664
2025-10-16,65.77265167236328
2025-10-17,66.35088348388672
2025-10-20,67.2819595336914
2025-10-21,67.64458465576172
2025-10-22,67.29176330566406
2025-10-23,67.60539245605469
2025-10-24,69.50672149658203
2025-10-27,70.65340423583984
2025-10-28,69.90855407714844
2025-10-29,65.50802612304688
2025-10-30,62.98923873901367
2025-10-31,62.06797790527344
2025-11-03,62.13658142089844
2025-11-04,60.90168762207031
2025-11-05,62.36199951171875
2025-11-06,61.67594909667969
2025-11-07,62.63642120361328
2025-11-10,62.76513671875
2025-11-11,63.309715270996094
2025-11-12,64.61670684814453
2025-11-13,62.39878463745117
2025-11-14,62.72553253173828
2025-11-17,60.02244186401367
2025-11-18,60.3788948059082
2025-11-19,60.72544479370117
2025-11-20,60.23037338256836
2025-11-21,62.10174560546875
2025-11-24,61.93341827392578
2025-11-25,63.4681396484375
2025-11-26,63.616661071777344
2025-11-28,63.53744888305664
2025-12-01,63.200801849365234
2025-12-02,62.874053955078125
2025-12-03,64.5969009399414
2025-12-04,65.79497528076172
2025-12-05,68.00299072265625
2025-12-08,66.98314666748047
2025-12-09,68.90402221679688
2025-12-10,69.85456085205078
2025-12-11,70.28032684326172
2025-12-12,69.06244659423828
2025-12-15,68.72579956054688
2025-12-16,68.68619537353516
2025-12-17,68.69609069824219
2025-12-18,69.35948944091797
2025-12-19,69.33968353271484
2025-12-22,70.37933349609375
2025-12-23,69.69613647460938
2025-12-24,70.4189453125
2025-12-26,70.87440490722656
2025-12-29,70.8447036743164
2025-12-30,69.76544189453125
2025-12-31,68.0624008178711
2026-01-02,70.51795959472656
2026-01-05,73.81513214111328
2026-01-06,75.83501434326172
2026-01-07,73.85472869873047
2026-01-08,73.5774917602539
2026-01-09,73.84483337402344
2026-01-12,74.2804946899414
2026-01-13,72.8843994140625
2026-01-14,72.95370483398438
2026-01-15,76.98358917236328
2026-01-16,76.75585174560547
2026-01-20,74.07256317138672
2026-01-21,75.9538345336914
2026-01-22,76.15187072753906
2026-01-23,72.91410064697266
2026-01-26,73.37947082519531
2026-01-27,72.66656494140625
2026-01-28,72.181396484375
2026-01-29,71.02293395996094
2026-01-30,70.96351623535156
2026-02-02,70.94371795654297
2026-02-03,68.69609069824219
2026-02-04,70.19120788574219
2026-02-05,70.97341918945312
2026-02-06,72.52794647216797
2026-02-09,72.49823760986328
2026-02-10,72.12197875976562
2026-02-11,68.38914489746094
2026-02-12,64.18104553222656
2026-02-13,65.29000091552734
2026-02-17,63.0099983215332
2026-02-18,63.88999938964844
2026-02-19,62.72999954223633
2026-02-20,63.18000030517578
2026-02-23,60.7599983215332
2026-02-24,62.40999984741211
2026-02-25,62.720001220703125
2026-02-26,63.849998474121094
