Date,Close
1994-07-01,0.5975454449653625
1994-07-05,0.6205966472625732
1994-07-06,0.6418741941452026
1994-07-07,0.6507397294044495
1994-07-08,0.6542859673500061
1994-07-11,0.6702445149421692
1994-07-12,0.6932947635650635
1994-07-13,0.6986145973205566
1994-07-14,0.682655930519104
1994-07-15,0.6666979789733887
1994-07-18,0.6844295263290405
1994-07-19,0.6702445149421692
1994-07-20,0.6666979789733887
1994-07-21,0.6737902760505676
1994-07-22,0.6791099905967712
1994-07-25,0.6791099905967712
1994-07-26,0.6879755854606628
1994-07-27,0.6968411207199097
1994-07-28,0.6862024068832397
1994-07-29,0.6968411207199097
1994-08-01,0.7057071924209595
1994-08-02,0.6986145973205566
1994-08-03,0.7039334774017334
1994-08-04,0.6950680017471313
1994-08-05,0.6950680017471313
1994-08-08,0.691521942615509
1994-08-09,0.6844295263290405
1994-08-10,0.6791099905967712
1994-08-11,0.682655930519104
1994-08-12,0.675563633441925
1994-08-15,0.682655930519104
1994-08-16,0.6791099905967712
1994-08-17,0.6968411207199097
1994-08-18,0.734076976776123
1994-08-19,0.7464888095855713
1994-08-22,0.7429426908493042
1994-08-23,0.7447155117988586
1994-08-24,0.7429426908493042
1994-08-25,0.7518083453178406
1994-08-26,0.7482620477676392
1994-08-29,0.7500351071357727
1994-08-30,0.7571278810501099
1994-08-31,0.7766320705413818
1994-09-01,0.7801784873008728
1994-09-02,0.7854980826377869
1994-09-06,0.7819514274597168
1994-09-07,0.7819514274597168
1994-09-08,0.7908174991607666
1994-09-09,0.7943633198738098
1994-09-12,0.8156411051750183
1994-09-13,0.797910213470459
1994-09-14,0.8014560341835022
1994-09-15,0.7996827960014343
1994-09-16,0.8014560341835022
1994-09-19,0.7996827960014343
1994-09-20,0.7784055471420288
1994-09-21,0.7784055471420288
1994-09-22,0.7801784873008728
1994-09-23,0.7996827960014343
1994-09-26,0.8014560341835022
1994-09-27,0.8174141049385071
1994-09-28,0.826279878616333
1994-09-29,0.8315991163253784
1994-09-30,0.8298261761665344
1994-10-03,0.8386920094490051
1994-10-04,0.8298261761665344
1994-10-05,0.8191878795623779
1994-10-06,0.8014560341835022
1994-10-07,0.7943633198738098
1994-10-10,0.8032291531562805
1994-10-11,0.8493307828903198
1994-10-12,0.8652888536453247
1994-10-13,0.8812469244003296
1994-10-14,0.9273486733436584
1994-10-17,0.9379873275756836
1994-10-18,0.9326680898666382
1994-10-19,1.0248711109161377
1994-10-20,1.079837441444397
1994-10-21,1.0638794898986816
1994-10-24,1.0266438722610474
1994-10-25,1.0514676570892334
1994-10-26,1.0762919187545776
1994-10-27,1.0993422269821167
1994-10-28,1.083384394645691
1994-10-31,1.0656523704528809
1994-11-01,1.0479216575622559
1994-11-02,1.0443750619888306
1994-11-03,1.0532410144805908
1994-11-04,1.040829062461853
1994-11-07,1.0160049200057983
1994-11-08,1.035509705543518
1994-11-09,1.0443750619888306
1994-11-10,1.0461485385894775
1994-11-11,1.049694538116455
1994-11-14,1.0461485385894775
1994-11-15,1.0390560626983643
1994-11-16,1.0656523704528809
1994-11-17,1.0514676570892334
1994-11-18,1.0284171104431152
1994-11-21,1.0177786350250244
1994-11-22,0.9752233028411865
1994-11-23,0.9805423617362976
1994-11-25,0.987634539604187
1994-11-28,0.9805423617362976
1994-11-29,0.9805423617362976
1994-11-30,0.9911810755729675
1994-12-01,1.000046968460083
1994-12-02,0.9982737302780151
1994-12-05,1.021324634552002
1994-12-06,1.0106860399246216
1994-12-07,1.005366325378418
1994-12-08,0.9858617186546326
1994-12-09,0.9823154807090759
1994-12-12,0.9663571715354919
1994-12-13,0.9663571715354919
1994-12-14,0.987634539604187
1994-12-15,0.9947275519371033
1994-12-16,1.0089125633239746
1994-12-19,1.0142321586608887
1994-12-20,1.0106860399246216
1994-12-21,1.005366325378418
1994-12-22,1.0142321586608887
1994-12-23,1.0319633483886719
1994-12-27,1.0319633483886719
1994-12-28,1.056787133216858
1994-12-29,1.0532410144805908
1994-12-30,1.0638794898986816
1995-01-03,1.0479216575622559
1995-01-04,1.0514676570892334
1995-01-05,1.0550141334533691
1995-01-06,1.070971965789795
1995-01-09,1.0975698232650757
1995-01-10,1.138351321220398
1995-01-11,1.1206198930740356
1995-01-12,1.1241663694381714
1995-01-13,1.1365779638290405
1995-01-16,1.1277124881744385
1995-01-17,1.1259394884109497
1995-01-18,1.1401246786117554
1995-01-19,1.147217035293579
1995-01-20,1.1543093919754028
1995-01-23,1.1312586069107056
1995-01-24,1.1206198930740356
1995-01-25,1.113527536392212
1995-01-26,1.092249870300293
1995-01-27,1.070971965789795
1995-01-30,1.049694538116455
1995-01-31,1.0372825860977173
1995-02-01,1.0762919187545776
1995-02-02,1.1082077026367188
1995-02-03,1.1259394884109497
1995-02-06,1.1312586069107056
1995-02-07,1.102888822555542
1995-02-08,1.0674262046813965
1995-02-09,1.092249870300293
1995-02-10,1.092249870300293
1995-02-13,1.0993422269821167
1995-02-14,1.1277124881744385
1995-02-15,1.1223927736282349
1995-02-16,1.113527536392212
1995-02-17,1.0426020622253418
1995-02-21,1.0461485385894775
1995-02-22,1.0461485385894775
1995-02-23,1.0638794898986816
1995-02-24,1.0532410144805908
1995-02-27,1.0443750619888306
1995-02-28,1.0674262046813965
1995-03-01,1.056787133216858
1995-03-02,1.070971965789795
1995-03-03,1.085157036781311
1995-03-06,1.0975698232650757
1995-03-07,1.0780647993087769
1995-03-08,1.0674262046813965
1995-03-09,1.0745185613632202
1995-03-10,1.086930513381958
1995-03-13,1.0887038707733154
1995-03-14,1.1064345836639404
1995-03-15,1.1170737743377686
1995-03-16,1.1046618223190308
1995-03-17,1.102888822555542
1995-03-20,1.092249870300293
1995-03-21,1.0638794898986816
1995-03-22,1.049694538116455
1995-03-23,1.0390560626983643
1995-03-24,1.0514676570892334
1995-03-27,1.0443750619888306
1995-03-28,1.035509705543518
1995-03-29,1.0142321586608887
1995-03-30,1.0256235599517822
1995-03-31,1.0598711967468262
1995-04-03,1.0652786493301392
1995-04-04,1.0995265245437622
1995-04-05,1.104933738708496
1995-04-06,1.1103410720825195
1995-04-07,1.1103410720825195
1995-04-10,1.0995265245437622
1995-04-11,1.074291467666626
1995-04-12,1.0833033323287964
1995-04-13,1.0995265245437622
1995-04-17,1.0905137062072754
1995-04-18,1.0977232456207275
1995-04-19,1.0652786493301392
1995-04-20,1.067081093788147
1995-04-21,1.0923166275024414
1995-04-24,1.1139463186264038
1995-04-25,1.182441234588623
1995-04-26,1.178836464881897
1995-04-27,1.168021321296692
1995-04-28,1.182441234588623
1995-05-01,1.2329117059707642
1995-05-02,1.2473313808441162
1995-05-03,1.2509361505508423
1995-05-04,1.2509361505508423
1995-05-05,1.2293065786361694
1995-05-08,1.276171326637268
1995-05-09,1.2617512941360474
1995-05-10,1.2689611911773682
1995-05-11,1.2365165948867798
1995-05-12,1.225701093673706
1995-05-15,1.2401213645935059
1995-05-16,1.2545413970947266
1995-05-17,1.2653566598892212
1995-05-18,1.2473313808441162
1995-05-19,1.279776692390442
1995-05-22,1.3122215270996094
1995-05-23,1.3266417980194092
1995-05-24,1.362691044807434
1995-05-25,1.3518763780593872
1995-05-26,1.3554813861846924
1995-05-30,1.3446669578552246
1995-05-31,1.3410613536834717
1995-06-01,1.3699010610580444
1995-06-02,1.3843213319778442
1995-06-05,1.4023468494415283
1995-06-06,1.398741602897644
1995-06-07,1.4095568656921387
1995-06-08,1.4311866760253906
1995-06-09,1.4311866760253906
1995-06-12,1.4564216136932373
1995-06-13,1.4347918033599854
1995-06-14,1.3662962913513184
1995-06-15,1.398741602897644
1995-06-16,1.5717819929122925
1995-06-19,1.647486925125122
1995-06-20,1.679931879043579
1995-06-21,1.6979572772979736
1995-06-22,1.7412165403366089
1995-06-23,1.7376117706298828
1995-06-26,1.6583020687103271
1995-06-27,1.6691169738769531
1995-06-28,1.6186472177505493
1995-06-29,1.726797342300415
1995-06-30,1.726797342300415
1995-07-03,1.7159816026687622
1995-07-05,1.8205269575119019
1995-07-06,1.8457623720169067
1995-07-07,1.8818113803863525
1995-07-10,1.8133172988891602
1995-07-11,1.8926267623901367
1995-07-12,1.9791470766067505
1995-07-13,2.00077748298645
1995-07-14,1.9286774396896362
1995-07-17,1.9863566160202026
1995-07-18,1.910651683807373
1995-07-19,1.852972388267517
1995-07-20,1.8313417434692383
1995-07-21,1.8565770387649536
1995-07-24,1.9755417108535767
1995-07-25,1.9647265672683716
1995-07-26,2.015197277069092
1995-07-27,2.004382371902466
1995-07-28,1.989961862564087
1995-07-31,1.9034422636032104
1995-08-01,1.863787293434143
1995-08-02,1.8926267623901367
1995-08-03,1.8962324857711792
1995-08-04,1.9214675426483154
1995-08-07,1.9178624153137207
1995-08-08,1.9070472717285156
1995-08-09,1.8962324857711792
1995-08-10,1.9322820901870728
1995-08-11,1.9214675426483154
1995-08-14,1.935887098312378
1995-08-15,1.9142571687698364
1995-08-16,1.8962324857711792
1995-08-17,1.9575169086456299
1995-08-18,1.9503072500228882
1995-08-21,1.9322820901870728
1995-08-22,1.9286774396896362
1995-08-23,1.9827523231506348
1995-08-24,2.004382371902466
1995-08-25,1.9827523231506348
1995-08-28,1.9539121389389038
1995-08-29,1.9575169086456299
1995-08-30,2.00077748298645
1995-08-31,1.9971716403961182
1995-09-01,1.989961862564087
1995-09-05,2.015197277069092
1995-09-06,2.123347282409668
1995-09-07,2.1630022525787354
1995-09-08,2.1197423934936523
1995-09-11,2.181027889251709
1995-09-12,2.1630022525787354
1995-09-13,2.1702122688293457
1995-09-14,2.202657461166382
1995-09-15,2.0548524856567383
1995-09-18,2.087296962738037
1995-09-19,2.090902805328369
1995-09-20,2.036827564239502
1995-09-21,2.033222198486328
1995-09-22,2.0404324531555176
1995-09-25,2.0404324531555176
1995-09-26,1.9755417108535767
1995-09-27,1.9034422636032104
1995-09-28,1.9683324098587036
1995-09-29,2.011592388153076
1995-10-02,1.9647265672683716
1995-10-03,1.8962324857711792
1995-10-04,1.7988967895507812
1995-10-05,1.8962324857711792
1995-10-06,1.9070472717285156
1995-10-09,1.8205269575119019
1995-10-10,1.7376117706298828
1995-10-11,1.8385518789291382
1995-10-12,1.9791470766067505
1995-10-13,1.935887098312378
1995-10-16,1.8998371362686157
1995-10-17,1.9467027187347412
1995-10-18,1.9863566160202026
1995-10-19,1.7448220252990723
1995-10-20,1.6691169738769531
1995-10-23,1.6438815593719482
1995-10-24,1.6691169738769531
1995-10-25,1.6546968221664429
1995-10-26,1.636672019958496
1995-10-27,1.6835370063781738
1995-10-30,1.6330676078796387
1995-10-31,1.6078312397003174
1995-11-01,1.5753870010375977
1995-11-02,1.5934110879898071
1995-11-03,1.679931879043579
1995-11-06,1.6655117273330688
1995-11-07,1.6006217002868652
1995-11-08,1.625856637954712
1995-11-09,1.6727215051651
1995-11-10,1.6907469034194946
1995-11-13,1.647486925125122
1995-11-14,1.5465470552444458
1995-11-15,1.5970172882080078
1995-11-16,1.5717819929122925
1995-11-17,1.5321266651153564
1995-11-20,1.5645713806152344
1995-11-21,1.4816569089889526
1995-11-22,1.5213112831115723
1995-11-24,1.5681769847869873
1995-11-27,1.5681769847869873
1995-11-28,1.6402770280838013
1995-11-29,1.5934110879898071
1995-11-30,1.5645713806152344
1995-12-01,1.5104968547821045
1995-12-04,1.5068917274475098
1995-12-05,1.4780515432357788
1995-12-06,1.4239767789840698
1995-12-07,1.3807168006896973
1995-12-08,1.5068917274475098
1995-12-11,1.4888668060302734
1995-12-12,1.4528167247772217
1995-12-13,1.3338515758514404
1995-12-14,1.0238209962844849
1995-12-15,0.9661410450935364
1995-12-18,0.9445111155509949
1995-12-19,0.9553260803222656
1995-12-20,1.0274263620376587
1995-12-21,1.0995265245437622
1995-12-22,1.0887110233306885
1995-12-26,1.1572062969207764
1995-12-27,1.1211562156677246
1995-12-28,1.106736421585083
1995-12-29,1.1247612237930298
1996-01-02,1.1536012887954712
1996-01-03,1.1247612237930298
1996-01-04,1.0815011262893677
1996-01-05,1.020216703414917
1996-01-08,1.0094012022018433
1996-01-09,1.0094012022018433
1996-01-10,0.9949809312820435
1996-01-11,1.0454514026641846
1996-01-12,1.0094012022018433
1996-01-15,0.9877708554267883
1996-01-16,1.0382411479949951
1996-01-17,1.016611099243164
1996-01-18,1.0562665462493896
1996-01-19,1.0598711967468262
1996-01-22,1.0923166275024414
1996-01-23,1.077896237373352
1996-01-24,1.0959211587905884
1996-01-25,1.0598711967468262
1996-01-26,1.0851062536239624
1996-01-29,1.0851062536239624
1996-01-30,1.0959211587905884
1996-01-31,1.077896237373352
1996-02-01,1.1211562156677246
1996-02-02,1.1139463186264038
1996-02-05,1.128366470336914
1996-02-06,1.1319714784622192
1996-02-07,1.0887110233306885
1996-02-08,1.0815011262893677
1996-02-09,1.0706863403320312
1996-02-12,1.0887110233306885
1996-02-13,1.067081093788147
1996-02-14,1.0526612997055054
1996-02-15,1.03463613986969
1996-02-16,1.0238209962844849
1996-02-20,1.0274263620376587
1996-02-21,1.0706863403320312
1996-02-22,1.1247612237930298
1996-02-23,1.0815011262893677
1996-02-26,1.0815011262893677
1996-02-27,1.077896237373352
1996-02-28,1.016611099243164
1996-02-29,1.0057964324951172
1996-03-01,1.0057964324951172
1996-03-04,1.020216703414917
1996-03-05,1.0526612997055054
1996-03-06,1.0310310125350952
1996-03-07,1.0418463945388794
1996-03-08,1.016611099243164
1996-03-11,1.0526612997055054
1996-03-12,1.0490559339523315
1996-03-13,1.0454514026641846
1996-03-14,1.0238209962844849
1996-03-15,1.0238209962844849
1996-03-18,1.0382411479949951
1996-03-19,1.0454514026641846
1996-03-20,1.0274263620376587
1996-03-21,1.013006329536438
1996-03-22,1.013006329536438
1996-03-25,1.002191185951233
1996-03-26,0.9877708554267883
1996-03-27,0.9841663241386414
1996-03-28,0.9913763999938965
1996-03-29,0.9877708554267883
1996-04-01,0.9805611371994019
1996-04-02,0.9517211318016052
1996-04-03,0.933695912361145
1996-04-04,0.9376084804534912
1996-04-08,0.9339314103126526
1996-04-09,0.9376084804534912
1996-04-10,0.9854083061218262
1996-04-11,0.9670242071151733
1996-04-12,0.9707004427909851
1996-04-15,0.9927617311477661
1996-04-16,0.9817312359809875
1996-04-17,0.9854083061218262
1996-04-18,1.0442382097244263
1996-04-19,1.0295311212539673
1996-04-22,1.0405620336532593
1996-04-23,1.0442382097244263
1996-04-24,1.0552691221237183
1996-04-25,1.0479156970977783
1996-04-26,1.0442382097244263
1996-04-29,1.051592230796814
1996-04-30,1.0736533403396606
1996-05-01,1.062623143196106
1996-05-02,1.0552691221237183
1996-05-03,1.1251299381256104
1996-05-06,1.1104223728179932
1996-05-07,1.0957151651382446
1996-05-08,1.0957151651382446
1996-05-09,1.0920381546020508
1996-05-10,1.051592230796814
1996-05-13,1.051592230796814
1996-05-14,1.051592230796814
1996-05-15,1.0663000345230103
1996-05-16,1.0663000345230103
1996-05-17,1.069976568222046
1996-05-20,1.1582224369049072
1996-05-21,1.1435147523880005
1996-05-22,1.1435147523880005
1996-05-23,1.1582224369049072
1996-05-24,1.1986682415008545
1996-05-28,1.180283784866333
1996-05-29,1.1839606761932373
1996-05-30,1.2464680671691895
1996-05-31,1.279559850692749
1996-06-03,1.2464680671691895
1996-06-04,1.2244062423706055
1996-06-05,1.1876379251480103
1996-06-06,1.1729300022125244
1996-06-07,1.1618990898132324
1996-06-10,1.1471912860870361
1996-06-11,1.1508687734603882
1996-06-12,1.1839606761932373
1996-06-13,1.165576457977295
1996-06-14,1.1618990898132324
1996-06-17,1.139837622642517
1996-06-18,1.1435147523880005
1996-06-19,1.1508687734603882
1996-06-20,1.1361607313156128
1996-06-21,1.1104223728179932
1996-06-24,1.0883610248565674
1996-06-25,1.0846843719482422
1996-06-26,1.058946132659912
1996-06-27,1.0773309469223022
1996-06-28,1.0883610248565674
1996-07-01,1.1288073062896729
1996-07-02,1.132483959197998
1996-07-03,1.1214536428451538
1996-07-05,1.0810071229934692
1996-07-08,1.1104223728179932
1996-07-09,1.1251299381256104
1996-07-10,1.0773309469223022
1996-07-11,1.0368846654891968
1996-07-12,1.014823079109192
1996-07-15,0.9633467197418213
1996-07-16,0.9890852570533752
1996-07-17,1.0368846654891968
1996-07-18,1.0295311212539673
1996-07-19,1.014823079109192
1996-07-22,1.003792643547058
1996-07-23,1.0001156330108643
1996-07-24,0.9964390397071838
1996-07-25,1.0221772193908691
1996-07-26,1.0479156970977783
1996-07-29,1.0221772193908691
1996-07-30,1.025854229927063
1996-07-31,1.0368846654891968
1996-08-01,1.058946132659912
1996-08-02,1.099392056465149
1996-08-05,1.0846843719482422
1996-08-06,1.0663000345230103
1996-08-07,1.0736533403396606
1996-08-08,1.1729300022125244
1996-08-09,1.1618990898132324
1996-08-12,1.180283784866333
1996-08-13,1.1582224369049072
1996-08-14,1.1618990898132324
1996-08-15,1.180283784866333
1996-08-16,1.1766067743301392
1996-08-19,1.1618990898132324
1996-08-20,1.1949913501739502
1996-08-21,1.1876379251480103
1996-08-22,1.2060216665267944
1996-08-23,1.2060216665267944
1996-08-26,1.2023452520370483
1996-08-27,1.2133755683898926
1996-08-28,1.2538219690322876
1996-08-29,1.2464680671691895
1996-08-30,1.242790699005127
1996-09-03,1.2170530557632446
1996-09-04,1.231760025024414
1996-09-05,1.1986682415008545
1996-09-06,1.2244062423706055
1996-09-09,1.231760025024414
1996-09-10,1.2133755683898926
1996-09-11,1.2170530557632446
1996-09-12,1.1986682415008545
1996-09-13,1.261175513267517
1996-09-16,1.294266939163208
1996-09-17,1.2685291767120361
1996-09-18,1.2574986219406128
1996-09-19,1.2574986219406128
1996-09-20,1.2722063064575195
1996-09-23,1.2685291767120361
1996-09-24,1.2758827209472656
1996-09-25,1.29794442653656
1996-09-26,1.3200056552886963
1996-09-27,1.3236827850341797
1996-09-30,1.3016210794448853
1996-10-01,1.294266939163208
1996-10-02,1.3383902311325073
1996-10-03,1.3898662328720093
1996-10-04,1.3678048849105835
1996-10-07,1.3383902311325073
1996-10-08,1.364128589630127
1996-10-09,1.3273597955703735
1996-10-10,1.3052982091903687
1996-10-11,1.3273597955703735
1996-10-14,1.3273597955703735
1996-10-15,1.3273597955703735
1996-10-16,1.3200056552886963
1996-10-17,1.3604516983032227
1996-10-18,1.3788357973098755
1996-10-21,1.3678048849105835
1996-10-22,1.3494207859039307
1996-10-23,1.3604516983032227
1996-10-24,1.3678048849105835
1996-10-25,1.3972201347351074
1996-10-28,1.3825129270553589
1996-10-29,1.3457438945770264
1996-10-30,1.3347132205963135
1996-10-31,1.364128589630127
1996-11-01,1.3678048849105835
1996-11-04,1.3530977964401245
1996-11-05,1.3825129270553589
1996-11-06,1.4229590892791748
1996-11-07,1.441343069076538
1996-11-08,1.4670815467834473
1996-11-11,1.518558144569397
1996-11-12,1.5001734495162964
1996-11-13,1.5001734495162964
1996-11-14,1.7060794830322266
1996-11-15,1.6766645908355713
1996-11-18,1.6619569063186646
1996-11-19,1.6656346321105957
1996-11-20,1.680341124534607
1996-11-21,1.6987258195877075
1996-11-22,1.7097572088241577
1996-11-25,1.7171107530593872
1996-11-26,1.6509268283843994
1996-11-27,1.6509268283843994
1996-11-29,1.6509268283843994
1996-12-02,1.6509268283843994
1996-12-03,1.680341124534607
1996-12-04,1.680341124534607
1996-12-05,1.654603362083435
1996-12-06,1.6068037748336792
1996-12-09,1.6619569063186646
1996-12-10,1.691372275352478
1996-12-11,1.6472489833831787
1996-12-12,1.6362190246582031
1996-12-13,1.6178345680236816
1996-12-16,1.5847421884536743
1996-12-17,1.5884186029434204
1996-12-18,1.6840178966522217
1996-12-19,1.680341124534607
1996-12-20,1.6619569063186646
1996-12-23,1.6509268283843994
1996-12-24,1.654603362083435
1996-12-26,1.6766645908355713
1996-12-27,1.6876951456069946
1996-12-30,1.6876951456069946
1996-12-31,1.6950489282608032
1997-01-02,1.6619569063186646
1997-01-03,1.6987258195877075
1997-01-06,1.6950489282608032
1997-01-07,1.7538790702819824
1997-01-08,1.7832945585250854
1997-01-09,1.853155493736267
1997-01-10,1.8678628206253052
1997-01-13,1.8605096340179443
1997-01-14,1.8678628206253052
1997-01-15,1.9119857549667358
1997-01-16,1.9046318531036377
1997-01-17,1.9119857549667358
1997-01-20,1.959786057472229
1997-01-21,1.9524314403533936
1997-01-22,1.974493145942688
1997-01-23,1.9340481758117676
1997-01-24,1.9083093404769897
1997-01-27,1.8421249389648438
1997-01-28,1.8641866445541382
1997-01-29,1.8605096340179443
1997-01-30,1.9083093404769897
1997-01-31,1.9708166122436523
1997-02-03,1.9340481758117676
1997-02-04,1.959786057472229
1997-02-05,1.9377244710922241
1997-02-06,1.9266934394836426
1997-02-07,1.9340481758117676
1997-02-10,1.9671398401260376
1997-02-11,1.9230166673660278
1997-02-12,1.9708166122436523
1997-02-13,1.8825706243515015
1997-02-14,1.8163864612579346
1997-02-18,1.7649099826812744
1997-02-19,1.8053561449050903
1997-02-20,1.7796176671981812
1997-02-21,1.7832945585250854
1997-02-24,1.8090322017669678
1997-02-25,1.8090322017669678
1997-02-26,1.7832945585250854
1997-02-27,1.768587350845337
1997-02-28,1.7207871675491333
1997-03-03,1.742848515510559
1997-03-04,1.7796176671981812
1997-03-05,1.7869714498519897
1997-03-06,1.8053561449050903
1997-03-07,1.812709927558899
1997-03-10,1.9046318531036377
1997-03-11,1.900955319404602
1997-03-12,1.8568328619003296
1997-03-13,1.8274177312850952
1997-03-14,1.8458012342453003
1997-03-17,1.8310940265655518
1997-03-18,1.8163864612579346
1997-03-19,1.7612334489822388
1997-03-20,1.7649099826812744
1997-03-21,1.7796176671981812
1997-03-24,1.7612334489822388
1997-03-25,1.7538790702819824
1997-03-26,1.794325590133667
1997-03-27,1.7664194107055664
1997-03-31,1.7329509258270264
1997-04-01,1.7478258609771729
1997-04-02,1.6585749387741089
1997-04-03,1.6734505891799927
1997-04-04,1.7143566608428955
1997-04-07,1.777576208114624
1997-04-08,1.7887327671051025
1997-04-09,1.7552635669708252
1997-04-10,1.7701383829116821
1997-04-11,1.7180755138397217
1997-04-14,1.6957629919052124
1997-04-15,1.669731855392456
1997-04-16,1.7143566608428955
1997-04-17,1.7106382846832275
1997-04-18,1.7515448331832886
1997-04-21,1.7366697788238525
1997-04-22,1.7552635669708252
1997-04-23,1.7515448331832886
1997-04-24,1.7664194107055664
1997-04-25,1.6920443773269653
1997-04-28,1.7180755138397217
1997-04-29,1.8333580493927002
1997-04-30,1.9226083755493164
1997-05-01,1.9002960920333862
1997-05-02,1.9040144681930542
1997-05-05,1.937483310699463
1997-05-06,1.9040144681930542
1997-05-07,1.8631080389022827
1997-05-08,1.8891390562057495
1997-05-09,1.8891390562057495
1997-05-12,1.9300464391708374
1997-05-13,1.9188896417617798
1997-05-14,1.9709523916244507
1997-05-15,1.95979642868042
1997-05-16,1.9560781717300415
1997-05-19,1.937483310699463
1997-05-20,1.9858274459838867
1997-05-21,2.023015260696411
1997-05-22,2.0378901958465576
1997-05-23,2.063922643661499
1997-05-27,2.04532790184021
1997-05-28,2.019296884536743
1997-05-29,2.01185941696167
1997-05-30,1.963514804840088
1997-06-02,1.9783902168273926
1997-06-03,1.9895468950271606
1997-06-04,1.937483310699463
1997-06-05,1.952358365058899
1997-06-06,2.04532790184021
1997-06-09,2.049046754837036
1997-06-10,2.034172296524048
1997-06-11,2.067641019821167
1997-06-12,2.0825159549713135
1997-06-13,2.078796863555908
1997-06-16,2.0825159549713135
1997-06-17,2.0713584423065186
1997-06-18,2.0825159549713135
1997-06-19,2.127140998840332
1997-06-20,2.1345789432525635
1997-06-23,2.1382975578308105
1997-06-24,2.2015163898468018
1997-06-25,2.208954095840454
1997-06-26,2.2126729488372803
1997-06-27,2.240563154220581
1997-06-30,2.1940791606903076
1997-07-01,2.1643285751342773
1997-07-02,2.2145328521728516
1997-07-03,2.2535791397094727
1997-07-07,2.313080072402954
1997-07-08,2.380018472671509
1997-07-09,2.413487434387207
1997-07-10,2.365143060684204
1997-07-11,2.3539867401123047
1997-07-14,2.387455463409424
1997-07-15,2.391174554824829
1997-07-16,2.5380659103393555
1997-07-17,2.487863063812256
1997-07-18,2.391174554824829
1997-07-21,2.316798686981201
1997-07-22,2.3335342407226562
1997-07-23,2.335392713546753
1997-07-24,2.448815107345581
1997-07-25,2.465550422668457
1997-07-28,2.4581124782562256
1997-07-29,2.5138936042785645
1997-07-30,2.5585198402404785
1997-07-31,2.54736328125
1997-08-01,2.601285696029663
1997-08-04,2.506456136703491
1997-08-05,2.5343475341796875
1997-08-06,2.577113628387451
1997-08-07,2.5566604137420654
1997-08-08,2.48972225189209
1997-08-11,2.521331787109375
1997-08-12,2.476705551147461
1997-08-13,2.4971601963043213
1997-08-14,2.472987651824951
1997-08-15,2.413487434387207
1997-08-18,2.420924663543701
1997-08-19,2.487863063812256
1997-08-20,2.526909589767456
1997-08-21,2.4636902809143066
1997-08-22,2.393033981323242
1997-08-25,2.361424684524536
1997-08-26,2.3279552459716797
1997-08-27,2.357705593109131
1997-08-28,2.331674337387085
1997-08-29,2.3056418895721436
1997-09-02,2.39675235748291
1997-09-03,2.471128225326538
1997-09-04,2.476705551147461
1997-09-05,2.504596471786499
1997-09-08,2.478565216064453
1997-09-09,2.504596471786499
1997-09-10,2.446956157684326
1997-09-11,2.380018472671509
1997-09-12,2.448815107345581
1997-09-15,2.420924663543701
1997-09-16,2.493440866470337
1997-09-17,2.471128225326538
1997-09-18,2.500878095626831
1997-09-19,2.5585198402404785
1997-09-22,2.577113628387451
1997-09-23,2.631035804748535
1997-09-24,2.6700825691223145
1997-09-25,2.655208110809326
1997-09-26,2.7518961429595947
1997-09-29,2.7760677337646484
1997-09-30,2.790943145751953
1997-10-01,2.8560216426849365
1997-10-02,2.8299903869628906
1997-10-03,2.922959327697754
1997-10-06,2.9303975105285645
1997-10-07,3.02522611618042
1997-10-08,2.975022554397583
1997-10-09,2.986180067062378
1997-10-10,2.943413257598877
1997-10-13,2.9341166019439697
1997-10-14,2.943413257598877
1997-10-15,2.9118032455444336
1997-10-16,2.872755765914917
1997-10-17,2.8244118690490723
1997-10-20,2.885772228240967
1997-10-21,3.0084924697875977
1997-10-22,3.027085065841675
1997-10-23,2.8448660373687744
1997-10-24,2.683098793029785
1997-10-27,2.363283634185791
1997-10-28,2.625457525253296
1997-10-29,2.577113628387451
1997-10-30,2.504596471786499
1997-10-31,2.625457525253296
1997-11-03,2.703551769256592
1997-11-04,2.692394971847534
1997-11-05,2.7240052223205566
1997-11-06,2.6700825691223145
1997-11-07,2.625457525253296
1997-11-10,2.59942626953125
1997-11-11,2.517613172531128
1997-11-12,2.3056418895721436
1997-11-13,2.409768581390381
1997-11-14,2.48972225189209
1997-11-17,2.595707416534424
1997-11-18,2.543644905090332
1997-11-19,2.573394775390625
1997-11-20,2.6384732723236084
1997-11-21,2.608722686767578
1997-11-24,2.4395182132720947
1997-11-25,2.446956157684326
1997-11-26,2.4004714488983154
1997-11-28,2.472987651824951
1997-12-01,2.4525341987609863
1997-12-02,2.3037831783294678
1997-12-03,2.2424235343933105
1997-12-04,2.3428304195404053
1997-12-05,2.3837358951568604
1997-12-08,2.39675235748291
1997-12-09,2.2982046604156494
1997-12-10,2.1382975578308105
1997-12-11,2.0546247959136963
1997-12-12,2.052765369415283
1997-12-15,2.015578031539917
1997-12-16,2.049046754837036
1997-12-17,2.1290009021759033
1997-12-18,2.0825159549713135
1997-12-19,2.0583438873291016
1997-12-22,2.004422187805176
1997-12-23,1.9188896417617798
1997-12-24,1.9263272285461426
1997-12-26,1.963514804840088
1997-12-29,2.078796863555908
1997-12-30,2.102969169616699
1997-12-31,2.067641019821167
1998-01-02,2.19779896736145
1998-01-05,2.1643285751342773
1998-01-06,2.207094430923462
1998-01-07,2.2015163898468018
1998-01-08,2.1885006427764893
1998-01-09,2.063922643661499
1998-01-12,2.026733875274658
1998-01-13,2.063922643661499
1998-01-14,2.2015163898468018
1998-01-15,2.1754860877990723
1998-01-16,2.19779896736145
1998-01-20,2.2870492935180664
1998-01-21,2.234985589981079
1998-01-22,2.207094430923462
1998-01-23,2.2015163898468018
1998-01-26,2.1699068546295166
1998-01-27,2.2684550285339355
1998-01-28,2.409768581390381
1998-01-29,2.335392713546753
1998-01-30,2.261017084121704
1998-02-02,2.3465492725372314
1998-02-03,2.357705593109131
1998-02-04,2.4116272926330566
1998-02-05,2.4246437549591064
1998-02-06,2.467409610748291
1998-02-09,2.4004714488983154
1998-02-10,2.4302217960357666
1998-02-11,2.461831569671631
1998-02-12,2.727724075317383
1998-02-13,2.703551769256592
1998-02-17,2.833709716796875
1998-02-18,2.88763165473938
1998-02-19,2.8504443168640137
1998-02-20,2.8783347606658936
1998-02-23,2.976881265640259
1998-02-24,2.9192423820495605
1998-02-25,2.982459545135498
1998-02-26,2.9843192100524902
1998-02-27,2.997335433959961
1998-03-02,3.002913475036621
1998-03-03,2.900646209716797
1998-03-04,2.8783347606658936
1998-03-05,2.8113956451416016
1998-03-06,2.895068645477295
1998-03-09,2.84114670753479
1998-03-10,2.8932106494903564
1998-03-11,2.9564290046691895
1998-03-12,3.0233676433563232
1998-03-13,3.086585760116577
1998-03-16,3.157243013381958
1998-03-17,3.133070945739746
1998-03-18,3.1981494426727295
1998-03-19,3.2018682956695557
1998-03-20,3.2055859565734863
1998-03-23,3.1683990955352783
1998-03-24,3.200007915496826
1998-03-25,3.251399278640747
1998-03-26,3.2532806396484375
1998-03-27,3.223158597946167
1998-03-30,3.19680118560791
1998-03-31,3.251399278640747
1998-04-01,3.3285882472991943
1998-04-02,3.3323545455932617
1998-04-03,3.4528462886810303
1998-04-06,3.449079990386963
1998-04-07,3.4189577102661133
1998-04-08,3.490499973297119
1998-04-09,3.4754390716552734
1998-04-13,3.5149753093719482
1998-04-14,3.60534405708313
1998-04-15,3.780432939529419
1998-04-16,3.6674718856811523
1998-04-17,3.772902488708496
1998-04-20,3.9837634563446045
1998-04-21,3.9536397457122803
1998-04-22,3.855741024017334
1998-04-23,3.915987014770508
1998-04-24,3.9611730575561523
1998-04-27,3.9611730575561523
1998-04-28,3.882098913192749
1998-04-29,3.8406789302825928
1998-04-30,4.0289483070373535
1998-05-01,4.123083591461182
1998-05-04,4.156970024108887
1998-05-05,4.164501667022705
1998-05-06,4.066601276397705
1998-05-07,4.032712936401367
1998-05-08,4.066601276397705
1998-05-11,4.138144016265869
1998-05-12,4.209685802459717
1998-05-13,4.1080217361450195
1998-05-14,4.032712936401367
1998-05-15,3.900925636291504
1998-05-18,3.848210573196411
1998-05-19,3.938579797744751
1998-05-20,4.013886451721191
1998-05-21,4.051540374755859
1998-05-22,4.017653465270996
1998-05-26,4.062836647033691
1998-05-27,3.9611730575561523
1998-05-28,3.9762325286865234
1998-05-29,3.912221908569336
1998-06-01,3.8105568885803223
1998-06-02,3.7992615699768066
1998-06-03,3.855741024017334
1998-06-04,3.979998826980591
1998-06-05,4.134378433227539
1998-06-08,4.160736083984375
1998-06-09,4.126847267150879
1998-06-10,4.013886451721191
1998-06-11,3.8256173133850098
1998-06-12,3.855741024017334
1998-06-15,3.6072263717651367
1998-06-16,3.7352488040924072
1998-06-17,3.908456325531006
1998-06-18,3.818087577819824
1998-06-19,3.848210573196411
1998-06-22,3.92728328704834
1998-06-23,4.104254722595215
1998-06-24,4.119317531585693
1998-06-25,4.070367336273193
1998-06-26,4.217216968536377
1998-06-29,4.49208927154541
1998-06-30,4.38289213180542
1998-07-01,4.5184454917907715
1998-07-02,4.529743194580078
1998-07-06,4.797083854675293
1998-07-07,4.699183464050293
1998-07-08,4.755665302276611
1998-07-09,4.672826766967773
1998-07-10,4.672826766967773
1998-07-13,4.740602016448975
1998-07-14,4.857330799102783
1998-07-15,4.985353469848633
1998-07-16,5.011712074279785
1998-07-17,5.098313808441162
1998-07-20,5.294112682342529
1998-07-21,5.309175491333008
1998-07-22,5.120905876159668
1998-07-23,5.000414848327637
1998-07-24,5.542628288269043
1998-07-27,5.4522576332092285
1998-07-28,5.188681602478027
1998-07-29,5.158560276031494
1998-07-30,5.4221367835998535
1998-07-31,5.256459712982178
1998-08-03,5.203742504119873
1998-08-04,5.01547384262085
1998-08-05,5.007944583892822
1998-08-06,5.083252429962158
1998-08-07,4.951464653015137
1998-08-10,4.966525554656982
1998-08-11,4.714245796203613
1998-08-12,4.804614067077637
1998-08-13,4.563630104064941
1998-08-14,4.567397117614746
1998-08-17,4.729307174682617
1998-08-18,4.947698593139648
1998-08-19,4.910045623779297
1998-08-20,4.891218185424805
1998-08-21,4.691653251647949
1998-08-24,4.657764434814453
1998-08-25,4.684122562408447
1998-08-26,4.605051040649414
1998-08-27,4.303821086883545
1998-08-28,4.217216968536377
1998-08-31,4.025182723999023
1998-09-01,4.47326135635376
1998-09-02,4.413017749786377
1998-09-03,4.232277870178223
1998-09-04,4.367832660675049
1998-09-08,4.955229759216309
1998-09-09,4.808381080627441
1998-09-10,4.751899242401123
1998-09-11,4.812146186828613
1998-09-14,4.9891180992126465
1998-09-15,4.943934440612793
1998-09-16,4.898749351501465
1998-09-17,4.5485687255859375
1998-09-18,4.5485687255859375
1998-09-21,4.529743194580078
1998-09-22,4.480792045593262
1998-09-23,5.023005962371826
1998-09-24,4.82720422744751
1998-09-25,4.898749351501465
1998-09-28,4.966525554656982
1998-09-29,4.8723907470703125
1998-09-30,4.714245796203613
1998-10-01,4.503384590148926
1998-10-02,4.582457542419434
1998-10-05,4.134378433227539
1998-10-06,4.209685802459717
1998-10-07,4.1456756591796875
1998-10-08,3.780432939529419
1998-10-09,4.156970024108887
1998-10-12,4.35276985168457
1998-10-13,4.2661662101745605
1998-10-14,4.386658191680908
1998-10-15,4.812146186828613
1998-10-16,4.774492263793945
1998-10-19,4.857330799102783
1998-10-20,4.8723907470703125
1998-10-21,5.000414848327637
1998-10-22,5.196213722229004
1998-10-23,5.143497943878174
1998-10-26,5.218805313110352
1998-10-27,5.260225772857666
1998-10-28,5.271520614624023
1998-10-29,5.482381820678711
1998-10-30,5.606639385223389
1998-11-02,5.553923606872559
1998-11-03,5.523801326751709
1998-11-04,5.572751045227051
1998-11-05,5.531330108642578
1998-11-06,5.4522576332092285
1998-11-09,5.305410385131836
1998-11-10,5.316705703735352
1998-11-11,5.309175491333008
1998-11-12,5.3129401206970215
1998-11-13,5.410838603973389
1998-11-16,5.376952171325684
1998-11-17,5.504972457885742
1998-11-18,5.772317409515381
1998-11-19,5.779843807220459
1998-11-20,5.911636829376221
1998-11-23,6.122496128082275
1998-11-24,5.915399551391602
1998-11-25,5.979410648345947
1998-11-27,6.039655685424805
1998-11-30,5.904102802276611
1998-12-01,6.077309608459473
1998-12-02,6.054718494415283
1998-12-03,6.186506748199463
1998-12-04,6.547983169555664
1998-12-07,6.634585380554199
1998-12-08,6.506561279296875
1998-12-09,6.525388717651367
1998-12-10,6.386072158813477
1998-12-11,6.5291547775268555
1998-12-14,6.423724174499512
1998-12-15,6.74754524230957
1998-12-16,6.8529767990112305
1998-12-17,6.958407402038574
1998-12-18,7.041244029998779
1998-12-21,7.093961715698242
1998-12-22,7.188097953796387
1998-12-23,7.425313949584961
1998-12-24,7.447907447814941
1998-12-28,7.51944637298584
1998-12-29,7.410250186920166
1998-12-30,7.233280181884766
1998-12-31,7.255871772766113
1999-01-04,7.722775936126709
1999-01-05,8.103080749511719
1999-01-06,8.569986343383789
1999-01-07,8.434433937072754
1999-01-08,8.13320255279541
1999-01-11,8.264992713928223
1999-01-12,8.088018417358398
1999-01-13,8.099313735961914
1999-01-14,7.967526912689209
1999-01-15,8.351593971252441
1999-01-19,8.675416946411133
1999-01-20,9.036890983581543
1999-01-21,8.735665321350098
1999-01-22,8.709303855895996
1999-01-25,8.675416946411133
1999-01-26,8.758255004882812
1999-01-27,8.750723838806152
1999-01-28,9.277875900268555
1999-01-29,8.682947158813477
1999-02-01,8.216041564941406
1999-02-02,7.944937705993652
1999-02-03,8.246166229248047
1999-02-04,7.9976487159729
1999-02-05,7.854564666748047
1999-02-08,8.13320255279541
1999-02-09,7.6813578605651855
1999-02-10,7.711482048034668
1999-02-11,8.24239730834961
1999-02-12,8.050365447998047
1999-02-16,8.012712478637695
1999-02-17,7.703950881958008
1999-02-18,7.903514862060547
1999-02-19,7.828209400177002
1999-02-22,8.20850944519043
1999-02-23,8.317705154418945
1999-02-24,8.396778106689453
1999-02-25,8.321471214294434
1999-02-26,8.170855522155762
1999-03-01,8.121907234191895
1999-03-02,8.13320255279541
1999-03-03,8.291350364685059
1999-03-04,8.32900333404541
1999-03-05,8.792143821716309
1999-03-08,8.901342391967773
1999-03-09,9.014300346374512
1999-03-10,9.063249588012695
1999-03-11,9.021831512451172
1999-03-12,8.758255004882812
1999-03-15,8.773316383361816
1999-03-16,8.784612655639648
1999-03-17,8.863685607910156
1999-03-18,8.896082878112793
1999-03-19,9.100851058959961
1999-03-22,9.062933921813965
1999-03-23,8.73681926727295
1999-03-24,8.6761474609375
1999-03-25,9.161524772644043
1999-03-26,9.131190299987793
1999-03-29,9.184277534484863
1999-03-30,9.487639427185059
1999-03-31,9.44972038269043
1999-04-01,9.646906852722168
1999-04-05,9.923722267150879
1999-04-06,9.866842269897461
1999-04-07,9.935098648071289
1999-04-08,10.147451400756836
1999-04-09,10.25362491607666
1999-04-12,10.109532356262207
1999-04-13,10.11711597442627
1999-04-14,9.821337699890137
1999-04-15,9.464887619018555
1999-04-16,9.20703125
1999-04-19,8.85816478729248
1999-04-20,8.767155647277832
1999-04-21,9.540726661682129
1999-04-22,9.851673126220703
1999-04-23,9.608986854553223
1999-04-26,9.457304954528809
1999-04-27,9.525562286376953
1999-04-28,8.979508399963379
1999-04-29,9.146357536315918
1999-04-30,9.002260208129883
1999-05-03,9.161524772644043
1999-05-04,8.842992782592773
1999-05-05,8.979508399963379
1999-05-06,8.744402885437012
1999-05-07,9.116020202636719
1999-05-10,9.351129531860352
1999-05-11,9.548311233520508
1999-05-12,9.540726661682129
1999-05-13,9.525562286376953
1999-05-14,9.373879432678223
1999-05-17,9.305624008178711
1999-05-18,9.040183067321777
1999-05-19,9.070516586303711
1999-05-20,8.926422119140625
1999-05-21,8.706482887268066
1999-05-24,8.463793754577637
1999-05-25,8.653396606445312
1999-05-26,8.698901176452637
1999-05-27,8.554802894592285
1999-05-28,8.645813941955566
1999-06-01,8.91883659362793
1999-06-02,8.812661170959473
1999-06-03,8.911253929138184
1999-06-04,9.358711242675781
1999-06-07,9.502812385559082
1999-06-08,9.510391235351562
1999-06-09,9.563481330871582
1999-06-10,9.495222091674805
1999-06-11,9.798585891723633
1999-06-14,9.631736755371094
1999-06-15,9.95026683807373
1999-06-16,10.192954063415527
1999-06-17,10.177787780761719
1999-06-18,10.450812339782715
1999-06-21,10.966530799865723
1999-06-22,10.784510612487793
1999-06-23,10.458399772644043
1999-06-24,10.230875968933105
1999-06-25,10.344636917114258
1999-06-28,10.352221488952637
1999-06-29,10.723837852478027
1999-06-30,11.110627174377441
1999-07-01,11.467074394226074
1999-07-02,11.474662780761719
1999-07-06,11.558087348937988
1999-07-07,11.702181816101074
1999-07-08,11.421568870544434
1999-07-09,11.459490776062012
1999-07-12,11.277471542358398
1999-07-13,11.239555358886719
1999-07-14,11.527748107910156
1999-07-15,11.770437240600586
1999-07-16,11.906952857971191
1999-07-19,11.861445426940918
1999-07-20,11.262307167053223
1999-07-21,11.482245445251465
1999-07-22,10.481149673461914
1999-07-23,10.746593475341797
1999-07-26,10.556989669799805
1999-07-27,10.769344329833984
1999-07-28,10.602496147155762
1999-07-29,10.314300537109375
1999-07-30,10.32188892364502
1999-08-02,10.299131393432617
1999-08-03,10.147451400756836
1999-08-04,9.555896759033203
1999-08-05,9.882011413574219
1999-08-06,9.912345886230469
1999-08-09,9.942683219909668
1999-08-10,9.616569519042969
1999-08-11,9.935098648071289
1999-08-12,10.048860549926758
1999-08-13,10.405308723449707
1999-08-16,10.405308723449707
1999-08-17,10.579744338989258
1999-08-18,10.450812339782715
1999-08-19,10.132283210754395
1999-08-20,10.177787780761719
1999-08-23,10.268798828125
1999-08-24,10.155036926269531
1999-08-25,10.435647010803223
1999-08-26,10.185373306274414
1999-08-27,10.170204162597656
1999-08-30,9.904762268066406
1999-08-31,10.147451400756836
1999-09-01,9.98060131072998
1999-09-02,10.177787780761719
1999-09-03,10.632828712463379
1999-09-07,10.541820526123047
1999-09-08,10.663166046142578
1999-09-09,10.860353469848633
1999-09-10,10.81484603881836
1999-09-13,10.80726432800293
1999-09-14,10.731423377990723
1999-09-15,10.390142440795898
1999-09-16,10.481149673461914
1999-09-17,10.511487007141113
1999-09-20,10.867937088012695
1999-09-21,10.685919761657715
1999-09-22,10.845183372497559
1999-09-23,10.5949125289917
1999-09-24,10.716255187988281
1999-09-27,10.708672523498535
1999-09-28,11.012032508850098
1999-09-29,10.860353469848633
1999-09-30,10.905854225158691
1999-10-01,10.83001708984375
1999-10-04,11.383651733398438
1999-10-05,11.770437240600586
1999-10-06,11.66425895690918
1999-10-07,11.671846389770508
1999-10-08,12.073801040649414
1999-10-11,12.05104923248291
1999-10-12,11.922118186950684
1999-10-13,11.800776481628418
1999-10-14,11.573253631591797
1999-10-15,11.269890785217285
1999-10-18,11.527748107910156
1999-10-19,11.66425895690918
1999-10-20,11.618758201599121
1999-10-21,12.619851112365723
1999-10-22,12.756365776062012
1999-10-25,12.566761016845703
1999-10-26,12.475753784179688
1999-10-27,12.748781204223633
1999-10-28,13.393424034118652
1999-10-29,14.02290153503418
1999-11-01,13.681614875793457
1999-11-02,13.590611457824707
1999-11-03,13.863630294799805
1999-11-04,14.030482292175293
1999-11-05,14.06081771850586
1999-11-08,14.136658668518066
1999-11-09,13.772624015808105
1999-11-10,14.265588760375977
1999-11-11,14.318679809570312
1999-11-12,14.834388732910156
1999-11-15,14.58411979675293
1999-11-16,15.213592529296875
1999-11-17,15.433531761169434
1999-11-18,16.624221801757812
1999-11-19,16.199520111083984
1999-11-22,15.865825653076172
1999-11-23,17.10960578918457
1999-11-24,16.89725112915039
1999-11-26,17.80733871459961
1999-11-29,18.262380599975586
1999-11-30,16.98826026916504
1999-12-01,17.20061492919922
1999-12-02,17.549482345581055
1999-12-03,19.65784454345703
1999-12-06,21.409753799438477
1999-12-07,21.41734504699707
1999-12-08,21.204992294311523
1999-12-09,20.780284881591797
1999-12-10,20.385908126831055
1999-12-13,20.27215576171875
1999-12-14,19.41515350341797
1999-12-15,18.80843162536621
1999-12-16,19.90053367614746
1999-12-17,20.446582794189453
1999-12-20,20.83336639404297
1999-12-21,20.567930221557617
1999-12-22,20.02187728881836
1999-12-23,21.11397933959961
1999-12-27,20.734783172607422
1999-12-28,20.294902801513672
1999-12-29,22.206085205078125
1999-12-30,21.842050552368164
1999-12-31,23.184431076049805
2000-01-03,22.69146728515625
2000-01-04,20.99263572692871
2000-01-05,20.62860107421875
2000-01-06,18.565738677978516
2000-01-07,20.74995231628418
2000-01-10,21.713115692138672
2000-01-11,20.62860107421875
2000-01-12,20.704442977905273
2000-01-13,21.599369049072266
2000-01-14,22.327428817749023
2000-01-18,21.705533981323242
2000-01-19,21.842050552368164
2000-01-20,21.811708450317383
2000-01-21,22.448776245117188
2000-01-24,21.842050552368164
2000-01-25,22.206085205078125
2000-01-26,22.206085205078125
2000-01-27,21.6600341796875
2000-01-28,21.85721778869629
2000-01-31,22.448776245117188
2000-02-01,22.388103485107422
2000-02-02,22.570114135742188
2000-02-03,23.540874481201172
2000-02-04,23.298185348510742
2000-02-07,23.374019622802734
2000-02-08,24.99701499938965
2000-02-09,24.435794830322266
2000-02-10,24.390289306640625
2000-02-11,23.904911041259766
2000-02-14,23.58637237548828
2000-02-15,23.176837921142578
2000-02-16,22.903818130493164
2000-02-17,23.510541915893555
2000-02-18,23.047914505004883
2000-02-22,23.298185348510742
2000-02-23,24.99701499938965
2000-02-24,24.632976531982422
2000-02-25,24.860498428344727
2000-02-28,24.66331672668457
2000-02-29,24.086925506591797
2000-03-01,24.450963973999023
2000-03-02,25.725082397460938
2000-03-03,26.817182540893555
2000-03-06,27.484582901000977
2000-03-07,26.362146377563477
2000-03-08,25.649240493774414
2000-03-09,26.028446197509766
2000-03-10,26.0891170501709
2000-03-13,26.0891170501709
2000-03-14,25.057687759399414
2000-03-15,23.78356170654297
2000-03-16,24.511634826660156
2000-03-17,24.2537784576416
2000-03-20,24.511634826660156
2000-03-21,25.664411544799805
2000-03-22,26.57448959350586
2000-03-23,26.743993759155273
2000-03-24,27.21586036682129
2000-03-27,28.007373809814453
2000-03-28,27.505067825317383
2000-03-29,26.54612922668457
2000-03-30,25.45017433166504
2000-03-31,27.0332088470459
2000-04-03,25.054420471191406
2000-04-04,24.93265151977539
2000-04-05,24.23246955871582
2000-04-06,25.87637710571289
2000-04-07,27.41374397277832
2000-04-10,26.667890548706055
2000-04-11,26.667890548706055
2000-04-12,24.293352127075195
2000-04-13,23.68450355529785
2000-04-14,22.162353515625
2000-04-17,24.71955680847168
2000-04-18,25.023983001708984
2000-04-19,23.745378494262695
2000-04-20,23.988927841186523
2000-04-24,23.38007164001465
2000-04-25,24.354244232177734
2000-04-26,25.267520904541016
2000-04-27,27.76382827758789
2000-04-28,27.30719566345215
2000-05-01,28.890213012695312
2000-05-02,27.276750564575195
2000-05-03,27.06365203857422
2000-05-04,27.276750564575195
2000-05-05,27.76382827758789
2000-05-08,26.302576065063477
2000-05-09,26.241687774658203
2000-05-10,23.988927841186523
2000-05-11,25.389293670654297
2000-05-12,26.454803466796875
2000-05-15,26.850547790527344
2000-05-16,27.52029037475586
2000-05-17,26.789670944213867
2000-05-18,25.81549835205078
2000-05-19,24.293352127075195
2000-05-22,23.501842498779297
2000-05-23,21.918819427490234
2000-05-24,23.38007164001465
2000-05-25,22.892988204956055
2000-05-26,23.38007164001465
2000-05-30,25.084871292114258
2000-05-31,25.328407287597656
2000-06-01,27.489850997924805
2000-06-02,28.372690200805664
2000-06-05,27.76382827758789
2000-06-06,27.094093322753906
2000-06-07,28.25090980529785
2000-06-08,27.885602951049805
2000-06-09,28.372690200805664
2000-06-12,28.859783172607422
2000-06-13,28.616235733032227
2000-06-14,28.67711639404297
2000-06-15,28.129148483276367
2000-06-16,28.616235733032227
2000-06-19,30.13836669921875
2000-06-20,29.712173461914062
2000-06-21,29.712173461914062
2000-06-22,27.52029037475586
2000-06-23,25.9372615814209
2000-06-26,25.69371795654297
2000-06-27,25.267520904541016
2000-06-28,24.536895751953125
2000-06-29,23.501842498779297
2000-06-30,24.597782135009766
2000-07-03,25.389293670654297
2000-07-05,24.110685348510742
2000-07-06,25.328407287597656
2000-07-07,26.302576065063477
2000-07-10,25.69371795654297
2000-07-11,25.571949005126953
2000-07-12,25.571949005126953
2000-07-13,26.91143035888672
2000-07-14,26.789670944213867
2000-07-17,27.459402084350586
2000-07-18,26.850547790527344
2000-07-19,25.87637710571289
2000-07-20,26.54612922668457
2000-07-21,25.998151779174805
2000-07-24,26.667890548706055
2000-07-25,26.91143035888672
2000-07-26,27.185420989990234
2000-07-27,20.000917434692383
2000-07-28,21.340396881103516
2000-07-31,21.43172836303711
2000-08-01,21.066415786743164
2000-08-02,20.45755958557129
2000-08-03,19.970478057861328
2000-08-04,19.23984718322754
2000-08-07,18.57010841369629
2000-08-08,18.99630355834961
2000-08-09,19.4833927154541
2000-08-10,19.970478057861328
2000-08-11,20.21402359008789
2000-08-14,20.000917434692383
2000-08-15,19.54427719116211
2000-08-16,19.14851951599121
2000-08-17,20.09225082397461
2000-08-18,19.970478057861328
2000-08-21,20.21402359008789
2000-08-22,20.883756637573242
2000-08-23,20.548891067504883
2000-08-24,20.335786819458008
2000-08-25,20.274898529052734
2000-08-28,19.970478057861328
2000-08-29,19.757383346557617
2000-08-30,20.579326629638672
2000-08-31,21.797042846679688
2000-09-01,22.892988204956055
2000-09-05,21.736162185668945
2000-09-06,21.127302169799805
2000-09-07,21.553503036499023
2000-09-08,20.45755958557129
2000-09-11,20.70110321044922
2000-09-12,20.9750919342041
2000-09-13,21.188186645507812
2000-09-14,21.52305793762207
2000-09-15,21.309961318969727
2000-09-18,20.883756637573242
2000-09-19,21.918819427490234
2000-09-20,21.279518127441406
2000-09-21,19.422502517700195
2000-09-22,20.944650650024414
2000-09-25,20.335786819458008
2000-09-26,20.21402359008789
2000-09-27,19.84870719909668
2000-09-28,19.940031051635742
2000-09-29,19.909591674804688
2000-10-02,19.422502517700195
2000-10-03,19.72693634033203
2000-10-04,20.031362533569336
2000-10-05,19.23984718322754
2000-10-06,18.35700798034668
2000-10-09,18.022136688232422
2000-10-10,17.047969818115234
2000-10-11,16.012914657592773
2000-10-12,14.338558197021484
2000-10-13,16.13468360900879
2000-10-16,16.043352127075195
2000-10-17,14.947416305541992
2000-10-18,14.612543106079102
2000-10-19,18.57010841369629
2000-10-20,19.087629318237305
2000-10-23,19.02674674987793
2000-10-24,19.4833927154541
2000-10-25,18.66143798828125
2000-10-26,18.783203125
2000-10-27,19.17896842956543
2000-10-30,19.331178665161133
2000-10-31,20.822879791259766
2000-11-01,21.279518127441406
2000-11-02,21.279518127441406
2000-11-03,21.401287078857422
2000-11-06,20.609779357910156
2000-11-07,20.396671295166016
2000-11-08,20.000917434692383
2000-11-09,20.18358039855957
2000-11-10,18.6309871673584
2000-11-13,18.29612159729004
2000-11-14,19.879146575927734
2000-11-15,20.122690200805664
2000-11-16,19.4833927154541
2000-11-17,20.122690200805664
2000-11-20,19.17896842956543
2000-11-21,19.84870719909668
2000-11-22,19.331178665161133
2000-11-24,20.488012313842773
2000-11-27,21.279518127441406
2000-11-28,20.45755958557129
2000-11-29,20.64021873474121
2000-11-30,20.822879791259766
2000-12-01,21.218631744384766
2000-12-04,21.70570945739746
2000-12-05,25.023983001708984
2000-12-06,25.023983001708984
2000-12-07,24.62822723388672
2000-12-08,24.50645637512207
2000-12-11,24.597782135009766
2000-12-12,24.323795318603516
2000-12-13,23.44095802307129
2000-12-14,23.562732696533203
2000-12-15,22.7103328704834
2000-12-18,22.162353515625
2000-12-19,22.162353515625
2000-12-20,20.031362533569336
2000-12-21,19.45294952392578
2000-12-22,21.279518127441406
2000-12-26,21.249073028564453
2000-12-27,21.43172836303711
2000-12-28,21.279518127441406
2000-12-29,21.188186645507812
2001-01-02,19.909591674804688
2001-01-03,21.766603469848633
2001-01-04,21.52305793762207
2001-01-05,20.609779357910156
2001-01-08,21.005531311035156
2001-01-09,19.14851951599121
2001-01-10,19.27029037475586
2001-01-11,20.45755958557129
2001-01-12,20.153135299682617
2001-01-16,19.17896842956543
2001-01-17,19.574718475341797
2001-01-18,19.970478057861328
2001-01-19,19.057193756103516
2001-01-22,18.965864181518555
2001-01-23,18.965864181518555
2001-01-24,18.539663314819336
2001-01-25,17.96125602722168
2001-01-26,18.143911361694336
2001-01-29,18.017263412475586
2001-01-30,17.18435287475586
2001-01-31,16.731365203857422
2001-02-01,16.741106033325195
2001-02-02,15.878962516784668
2001-02-05,16.07379722595215
2001-02-06,16.132244110107422
2001-02-07,15.17269515991211
2001-02-08,14.622288703918457
2001-02-09,13.633502006530762
2001-02-12,14.442063331604004
2001-02-13,13.687079429626465
2001-02-14,13.75040340423584
2001-02-15,13.842952728271484
2001-02-16,12.90774917602539
2001-02-20,12.420662879943848
2001-02-21,11.81180477142334
2001-02-22,11.32472038269043
2001-02-23,10.394391059875488
2001-02-26,11.0811767578125
2001-02-27,10.667157173156738
2001-02-28,10.715864181518555
2001-03-01,11.46597671508789
2001-03-02,11.71439266204834
2001-03-05,12.664203643798828
2001-03-06,12.420662879943848
2001-03-07,12.420662879943848
2001-03-08,12.230697631835938
2001-03-09,11.1055326461792
2001-03-12,10.447972297668457
2001-03-13,10.740217208862305
2001-03-14,10.618450164794922
2001-03-15,12.152767181396484
2001-03-16,12.035861015319824
2001-03-19,13.00516414642334
2001-03-20,12.371954917907715
2001-03-21,12.206347465515137
2001-03-22,12.302303314208984
2001-03-23,13.020753860473633
2001-03-26,13.325854301452637
2001-03-27,13.453795433044434
2001-03-28,12.056255340576172
2001-03-29,11.888946533203125
2001-03-30,11.810211181640625
2001-04-02,11.283672332763672
2001-04-03,10.456958770751953
2001-04-04,10.973654747009277
2001-04-05,12.10546875
2001-04-06,11.485430717468262
2001-04-09,11.893866539001465
2001-04-10,12.548348426818848
2001-04-11,13.099492073059082
2001-04-12,13.640796661376953
2001-04-16,13.16346549987793
2001-04-17,12.769792556762695
2001-04-18,15.254853248596191
2001-04-19,15.550110816955566
2001-04-20,15.476300239562988
2001-04-23,14.70371150970459
2001-04-24,14.738158226013184
2001-04-25,14.885786056518555
2001-04-26,15.107231140136719
2001-04-27,15.71742057800293
2001-04-30,16.824628829956055
2001-05-01,17.203548431396484
2001-05-02,16.667158126831055
2001-05-03,15.94378662109375
2001-05-04,16.553979873657227
2001-05-07,16.189828872680664
2001-05-08,16.362064361572266
2001-05-09,15.638686180114746
2001-05-10,15.840445518493652
2001-05-11,15.50582218170166
2001-05-14,15.235173225402832
2001-05-15,15.377876281738281
2001-05-16,15.722342491149902
2001-05-17,16.21935272216797
2001-05-18,16.5835018157959
2001-05-21,17.2281494140625
2001-05-22,16.9279727935791
2001-05-23,16.253803253173828
2001-05-24,15.997912406921387
2001-05-25,15.555033683776855
2001-05-29,14.934996604919434
2001-05-30,14.02954387664795
2001-05-31,14.388772010803223
2001-06-01,14.137804985046387
2001-06-04,14.408456802368164
2001-06-05,15.220409393310547
2001-06-06,14.767684936523438
2001-06-07,15.313910484313965
2001-06-08,14.679110527038574
2001-06-11,14.12796401977539
2001-06-12,11.446065902709961
2001-06-13,11.608453750610352
2001-06-14,10.875236511230469
2001-06-15,11.052390098571777
2001-06-18,10.899839401245117
2001-06-19,10.998257637023926
2001-06-20,11.131124496459961
2001-06-21,11.21969985961914
2001-06-22,11.46574592590332
2001-06-25,11.022862434387207
2001-06-26,10.801424980163574
2001-06-27,10.555377006530762
2001-06-28,10.609505653381348
2001-06-29,10.919524192810059
2001-07-02,11.022862434387207
2001-07-03,10.924445152282715
2001-07-05,10.014074325561523
2001-07-06,9.349751472473145
2001-07-09,9.103704452514648
2001-07-10,9.093860626220703
2001-07-11,8.857660293579102
2001-07-12,9.413723945617676
2001-07-13,9.00528621673584
2001-07-16,8.449222564697266
2001-07-17,8.591930389404297
2001-07-18,8.36556625366211
2001-07-19,9.600716590881348
2001-07-20,9.448171615600586
2001-07-23,9.349751472473145
2001-07-24,9.448171615600586
2001-07-25,9.649927139282227
2001-07-26,10.087888717651367
2001-07-27,10.432356834411621
2001-07-30,10.643952369689941
2001-07-31,10.732525825500488
2001-08-01,10.757134437561035
2001-08-02,11.131124496459961
2001-08-03,10.929365158081055
2001-08-06,10.703004837036133
2001-08-07,10.560294151306152
2001-08-08,9.891053199768066
2001-08-09,9.654848098754883
2001-08-10,9.349751472473145
2001-08-13,9.53182315826416
2001-08-14,9.462930679321289
2001-08-15,9.177518844604492
2001-08-16,9.084019660949707
2001-08-17,8.404932975769043
2001-08-20,8.488588333129883
2001-08-21,8.370485305786133
2001-08-22,8.847817420959473
2001-08-23,8.537796974182129
2001-08-24,8.897026062011719
2001-08-27,8.537796974182129
2001-08-28,8.267146110534668
2001-08-29,7.937443733215332
2001-08-30,7.52901029586792
2001-08-31,7.74553108215332
2001-09-04,7.381381034851074
2001-09-05,6.8154754638671875
2001-09-06,6.372591495513916
2001-09-07,6.530063152313232
2001-09-10,6.766268253326416
2001-09-17,7.597903251647949
2001-09-18,7.489642143249512
2001-09-19,7.902998924255371
2001-09-20,7.848868370056152
2001-09-21,7.701241493225098
2001-09-24,8.404932975769043
2001-09-25,8.400012969970703
2001-09-26,7.912839889526367
2001-09-27,7.799661159515381
2001-09-28,7.701241493225098
2001-10-01,7.504406929016113
2001-10-02,7.479803085327148
2001-10-03,7.917762756347656
2001-10-04,8.232702255249023
2001-10-05,8.36064338684082
2001-10-08,8.478748321533203
2001-10-09,8.36556625366211
2001-10-10,9.3399076461792
2001-10-11,9.517059326171875
2001-10-12,9.334985733032227
2001-10-15,9.226724624633789
2001-10-16,9.585953712463379
2001-10-17,9.595794677734375
2001-10-18,9.241491317749023
2001-10-19,9.891053199768066
2001-10-22,10.215831756591797
2001-10-23,10.333934783935547
2001-10-24,10.87031364440918
2001-10-25,10.683321952819824
2001-10-26,10.61934757232666
2001-10-29,9.92549991607666
2001-10-30,9.989470481872559
2001-10-31,10.09281063079834
2001-11-01,10.46679973602295
2001-11-02,10.560294151306152
2001-11-05,11.047468185424805
2001-11-06,11.34764289855957
2001-11-07,10.924445152282715
2001-11-08,11.017942428588867
2001-11-09,10.85555362701416
2001-11-12,11.013019561767578
2001-11-13,11.505114555358887
2001-11-14,12.056255340576172
2001-11-15,11.957837104797363
2001-11-16,12.297381401062012
2001-11-19,12.115309715270996
2001-11-20,11.524794578552246
2001-11-21,11.63797664642334
2001-11-23,11.898785591125488
2001-11-26,12.420404434204102
2001-11-27,11.672423362731934
2001-11-28,10.875236511230469
2001-11-29,11.254148483276367
2001-11-30,11.323038101196289
2001-12-03,11.160648345947266
2001-12-04,11.903707504272461
2001-12-05,12.56311321258545
2001-12-06,12.262934684753418
2001-12-07,12.10546875
2001-12-10,11.706873893737793
2001-12-11,12.548348426818848
2001-12-12,12.508983612060547
2001-12-13,11.64782428741455
2001-12-14,12.125146865844727
2001-12-17,12.469615936279297
2001-12-18,12.351512908935547
2001-12-19,12.10546875
2001-12-20,11.534639358520508
2001-12-21,11.810211181640625
2001-12-24,11.657663345336914
2001-12-26,12.075940132141113
2001-12-27,12.208805084228516
2001-12-28,12.425325393676758
2001-12-31,12.071022033691406
2002-01-02,12.58279800415039
2002-01-03,13.23727798461914
2002-01-04,12.868207931518555
2002-01-07,12.449931144714355
2002-01-08,11.74623966217041
2002-01-09,11.278751373291016
2002-01-10,11.372247695922852
2002-01-11,11.224623680114746
2002-01-14,10.575058937072754
2002-01-15,11.091755867004395
2002-01-16,10.70792293548584
2002-01-17,11.239385604858398
2002-01-18,11.072076797485352
2002-01-22,10.407750129699707
2002-01-23,10.929365158081055
2002-01-24,11.46574592590332
2002-01-25,11.377169609069824
2002-01-28,11.539559364318848
2002-01-29,11.165571212768555
2002-01-30,11.406692504882812
2002-01-31,11.539559364318848
2002-02-01,11.59860897064209
2002-02-04,11.140965461730957
2002-02-05,10.57998275756836
2002-02-06,10.678399085998535
2002-02-07,10.65379524230957
2002-02-08,10.845711708068848
2002-02-11,11.259069442749023
2002-02-12,11.244304656982422
2002-02-13,11.33780288696289
2002-02-14,11.140965461730957
2002-02-15,10.648871421813965
2002-02-19,10.132179260253906
2002-02-20,9.964866638183594
2002-02-21,9.67945384979248
2002-02-22,9.551508903503418
2002-02-25,10.225676536560059
2002-02-26,10.137100219726562
2002-02-27,10.210912704467773
2002-02-28,10.22075366973877
2002-03-01,10.530769348144531
2002-03-04,11.31811809539795
2002-03-05,11.249225616455078
2002-03-06,11.54940414428711
2002-03-07,11.7117919921875
2002-03-08,11.829896926879883
2002-03-11,11.564166069030762
2002-03-12,10.87031364440918
2002-03-13,10.771894454956055
2002-03-14,10.806343078613281
2002-03-15,10.880156517028809
2002-03-18,11.02778434753418
2002-03-19,10.69316291809082
2002-03-20,10.279804229736328
2002-03-21,10.46679973602295
2002-03-22,10.455353736877441
2002-03-25,10.325969696044922
2002-03-26,10.320990562438965
2002-03-27,10.4503755569458
2002-03-28,10.320990562438965
2002-04-01,10.420520782470703
2002-04-02,9.94278621673584
2002-04-03,10.057245254516602
2002-04-04,9.967669486999512
2002-04-05,9.907954216003418
2002-04-08,9.728804588317871
2002-04-09,9.415292739868164
2002-04-10,9.455102920532227
2002-04-11,8.927607536315918
2002-04-12,9.300836563110352
2002-04-15,9.579508781433105
2002-04-16,10.126913070678711
2002-04-17,10.266251564025879
2002-04-18,9.007227897644043
2002-04-19,8.678791046142578
2002-04-22,8.111483573913574
2002-04-23,8.051766395568848
2002-04-24,7.912429332733154
2002-04-25,8.181151390075684
2002-04-26,7.967167377471924
2002-04-29,7.847736358642578
2002-04-30,8.091578483581543
2002-05-01,8.13636589050293
2002-05-02,8.041812896728516
2002-05-03,7.678538799285889
2002-05-06,7.41478967666626
2002-05-07,7.489436626434326
2002-05-08,8.215986251831055
2002-05-09,7.9024763107299805
2002-05-10,7.549153804779053
2002-05-13,7.8427581787109375
2002-05-14,8.215986251831055
2002-05-15,8.171198844909668
2002-05-16,8.041812896728516
2002-05-17,8.335420608520508
2002-05-20,8.141342163085938
2002-05-21,7.663608551025391
2002-05-22,7.41478967666626
2002-05-23,7.175926208496094
2002-05-24,7.09132719039917
2002-05-28,7.111233234405518
2002-05-29,6.842508792877197
2002-05-30,6.668336391448975
2002-05-31,6.907201766967773
2002-06-03,6.66335916519165
2002-06-04,6.728051662445068
2002-06-05,6.7877678871154785
2002-06-06,6.479234218597412
2002-06-07,6.120935440063477
2002-06-10,5.971644401550293
2002-06-11,6.2453436851501465
2002-06-12,6.310037612915039
2002-06-13,6.071170806884766
2002-06-14,6.200557708740234
2002-06-17,6.598667144775391
2002-06-18,6.51406717300415
2002-06-19,6.170699119567871
2002-06-20,6.185627460479736
2002-06-21,6.240368843078613
2002-06-24,6.130887985229492
2002-06-25,6.145816802978516
2002-06-26,6.678288459777832
2002-06-27,6.892271995544434
2002-06-28,7.205781936645508
2002-07-01,6.8972487449646
2002-07-02,6.519045829772949
2002-07-03,6.951992034912109
2002-07-05,7.534224510192871
2002-07-08,7.2157368659973145
2002-07-09,7.190855026245117
2002-07-10,6.842508792877197
2002-07-11,6.951992034912109
2002-07-12,6.782793045043945
2002-07-15,6.956964492797852
2002-07-16,6.762887477874756
2002-07-17,7.02663516998291
2002-07-18,6.633502006530762
2002-07-19,6.290130615234375
2002-07-22,6.170699119567871
2002-07-23,5.697944164276123
2002-07-24,6.001502513885498
2002-07-25,5.633250713348389
2002-07-26,5.563580513000488
2002-07-29,6.190603256225586
2002-07-30,6.319990634918213
2002-07-31,6.170699119567871
2002-08-01,5.772589206695557
2002-08-02,5.648179054260254
2002-08-05,5.354574203491211
2002-08-06,5.613346099853516
2002-08-07,5.598417282104492
2002-08-08,6.210509300231934
2002-08-09,6.419515132904053
2002-08-12,6.295106887817383
2002-08-13,5.996525287628174
2002-08-14,6.359801769256592
2002-08-15,6.419515132904053
2002-08-16,6.757911682128906
2002-08-19,7.111233234405518
2002-08-20,6.966918468475342
2002-08-21,7.240617752075195
2002-08-22,7.350098133087158
2002-08-23,6.986824035644531
2002-08-26,7.041563034057617
2002-08-27,6.951992034912109
2002-08-28,6.693217754364014
2002-08-29,6.678288459777832
2002-08-30,6.613595008850098
2002-09-03,6.215487957000732
2002-09-04,6.519045829772949
2002-09-05,6.638479232788086
2002-09-06,6.942035675048828
2002-09-09,7.056492328643799
2002-09-10,6.902224540710449
2002-09-11,7.270476341247559
2002-09-12,6.951992034912109
2002-09-13,6.986824035644531
2002-09-16,6.71312141418457
2002-09-17,6.60861873626709
2002-09-18,6.439423084259033
2002-09-19,6.18065071105957
2002-09-20,6.3896589279174805
2002-09-23,6.220462322235107
2002-09-24,6.200557708740234
2002-09-25,6.593689918518066
2002-09-26,6.872365951538086
2002-09-27,6.817629337310791
2002-09-30,6.593689918518066
2002-10-01,7.086348533630371
2002-10-02,6.9918012619018555
2002-10-03,6.892271995544434
2002-10-04,6.48421049118042
2002-10-07,6.479234218597412
2002-10-08,6.66335916519165
2002-10-09,6.4593281745910645
2002-10-10,6.857436180114746
2002-10-11,7.185877799987793
2002-10-14,7.205781936645508
2002-10-15,7.77308988571167
2002-10-16,7.464555263519287
2002-10-17,8.260771751403809
2002-10-18,8.156271934509277
2002-10-21,8.3204927444458
2002-10-22,8.111483573913574
2002-10-23,8.106507301330566
2002-10-24,8.03683853149414
2002-10-25,8.405089378356934
2002-10-28,8.434947967529297
2002-10-29,8.13636589050293
2002-10-30,8.385183334350586
2002-10-31,8.270726203918457
2002-11-01,8.410061836242676
2002-11-04,8.783293724060059
2002-11-05,8.957468032836914
2002-11-06,8.723576545715332
2002-11-07,8.559357643127441
2002-11-08,8.37523078918457
2002-11-11,7.957213401794434
2002-11-12,8.310538291931152
2002-11-13,8.49466323852539
2002-11-14,8.957468032836914
2002-11-15,9.061970710754395
2002-11-18,9.007227897644043
2002-11-19,8.758410453796387
2002-11-20,9.141592979431152
2002-11-21,9.484960556030273
2002-11-22,9.504867553710938
2002-11-25,9.524773597717285
2002-11-26,9.23116683959961
2002-11-27,9.6939697265625
2002-11-29,9.559603691101074
2002-12-02,10.027384757995605
2002-12-03,9.564583778381348
2002-12-04,9.405338287353516
2002-12-05,9.350601196289062
2002-12-06,9.624298095703125
2002-12-09,8.967419624328613
2002-12-10,8.673811912536621
2002-12-11,8.44489860534668
2002-12-12,8.55438232421875
2002-12-13,8.514570236206055
2002-12-16,8.803197860717773
2002-12-17,8.658885955810547
2002-12-18,8.255799293518066
2002-12-19,8.051766395568848
2002-12-20,8.061720848083496
2002-12-23,8.011954307556152
2002-12-24,7.847736358642578
2002-12-26,7.927359104156494
2002-12-27,7.738256454467773
2002-12-30,7.7283034324646
2002-12-31,7.71337366104126
2003-01-02,8.335420608520508
2003-01-03,8.29560661315918
2003-01-06,8.574285507202148
2003-01-07,8.270726203918457
2003-01-08,7.827831268310547
2003-01-09,8.086601257324219
2003-01-10,8.206034660339355
2003-01-13,8.225940704345703
2003-01-14,8.24086856842041
2003-01-15,8.19607925415039
2003-01-16,7.827831268310547
2003-01-17,7.534224510192871
2003-01-21,7.4197678565979
2003-01-22,7.434696674346924
2003-01-23,7.116209506988525
2003-01-24,7.210761070251465
2003-01-27,6.951992034912109
2003-01-28,7.041563034057617
2003-01-29,7.325217247009277
2003-01-30,7.16597318649292
2003-01-31,7.1609978675842285
2003-02-03,7.16597318649292
2003-02-04,7.066445350646973
2003-02-05,7.001753807067871
2003-02-06,6.862414836883545
2003-02-07,6.752935409545898
2003-02-10,6.902224540710449
2003-02-11,7.011704921722412
2003-02-12,6.8524627685546875
2003-02-13,6.757911682128906
2003-02-14,6.942035675048828
2003-02-18,7.096303462982178
2003-02-19,6.956964492797852
2003-02-20,6.862414836883545
2003-02-21,6.867390155792236
2003-02-24,6.832554817199707
2003-02-25,6.60861873626709
2003-02-26,6.3398966789245605
2003-02-27,6.4344482421875
2003-02-28,6.583738327026367
2003-03-03,6.628524303436279
2003-03-04,6.509091854095459
2003-03-05,6.638479232788086
2003-03-06,6.524019718170166
2003-03-07,6.444399833679199
2003-03-10,6.305061340332031
2003-03-11,6.419515132904053
2003-03-12,6.67331075668335
2003-03-13,7.041563034057617
2003-03-14,7.121185779571533
2003-03-17,7.449626922607422
2003-03-18,7.43967342376709
2003-03-19,7.559105396270752
2003-03-20,7.579012393951416
2003-03-21,7.86763858795166
2003-03-24,7.305311679840088
2003-03-25,7.474508762359619
2003-03-26,7.464555263519287
2003-03-27,7.370004177093506
2003-03-28,7.336472988128662
2003-03-31,7.118003845214844
2003-04-01,7.239939212799072
2003-04-02,7.6209893226623535
2003-04-03,7.600666522979736
2003-04-04,7.529538631439209
2003-04-07,7.676876068115234
2003-04-08,7.6209893226623535
2003-04-09,7.554941177368164
2003-04-10,7.412683486938477
2003-04-11,7.417762756347656
2003-04-14,7.5447797775268555
2003-04-15,7.600666522979736
2003-04-16,7.712441444396973
2003-04-17,8.22050666809082
2003-04-21,8.34244441986084
2003-04-22,8.550748825073242
2003-04-23,8.637120246887207
2003-04-24,8.438976287841797
2003-04-25,8.12905216217041
2003-04-28,8.418651580810547
2003-04-29,8.530425071716309
2003-04-30,8.418651580810547
2003-05-01,8.494861602783203
2003-05-02,8.474539756774902
2003-05-05,8.550748825073242
2003-05-06,8.789541244506836
2003-05-07,8.672686576843262
2003-05-08,8.489781379699707
2003-05-09,8.713332176208496
2003-05-12,8.936880111694336
2003-05-13,8.901313781738281
2003-05-14,8.825105667114258
2003-05-15,8.962281227111816
2003-05-16,8.992766380310059
2003-05-19,8.576151847839355
2003-05-20,8.459298133850098
2003-05-21,8.418651580810547
2003-05-22,8.571073532104492
2003-05-23,8.505023002624512
2003-05-27,8.652362823486328
2003-05-28,9.023250579833984
2003-05-29,9.068975448608398
2003-05-30,9.165510177612305
2003-06-02,9.180750846862793
2003-06-03,9.216315269470215
2003-06-04,9.135024070739746
2003-06-05,9.05373477935791
2003-06-06,9.018169403076172
2003-06-09,9.124862670898438
2003-06-10,8.997847557067871
2003-06-11,9.043574333190918
2003-06-12,8.80478286743164
2003-06-13,8.596477508544922
2003-06-16,8.886072158813477
2003-06-17,8.987687110900879
2003-06-18,9.068975448608398
2003-06-19,9.068975448608398
2003-06-20,8.880990982055664
2003-06-23,8.596477508544922
2003-06-24,8.56599235534668
2003-06-25,8.520265579223633
2003-06-26,8.621877670288086
2003-06-27,8.459298133850098
2003-06-30,8.347522735595703
2003-07-01,8.383087158203125
2003-07-02,8.484700202941895
2003-07-03,8.367843627929688
2003-07-07,8.66252326965332
2003-07-08,8.987687110900879
2003-07-09,9.23155689239502
2003-07-10,9.074056625366211
2003-07-11,9.028331756591797
2003-07-14,8.997847557067871
2003-07-15,8.987687110900879
2003-07-16,9.119781494140625
2003-07-17,7.305988788604736
2003-07-18,7.499053478240967
2003-07-21,7.295827865600586
2003-07-22,7.483811378479004
2003-07-23,7.615906715393066
2003-07-24,7.600666522979736
2003-07-25,7.773406505584717
2003-07-28,7.849617004394531
2003-07-29,7.859778881072998
2003-07-30,7.763247489929199
2003-07-31,7.773406505584717
2003-08-01,7.539698600769043
2003-08-04,7.595585823059082
2003-08-05,7.407599925994873
2003-08-06,7.295827865600586
2003-08-07,7.239939212799072
2003-08-08,7.2551798820495605
2003-08-11,7.387274742126465
2003-08-12,7.493971824645996
2003-08-13,7.519375324249268
2003-08-14,7.468568801879883
2003-08-15,7.514296054840088
2003-08-18,7.570179462432861
2003-08-19,7.986795425415039
2003-08-20,7.885183334350586
2003-08-21,7.915668487548828
2003-08-22,7.9055047035217285
2003-08-25,7.844539165496826
2003-08-26,8.022359848022461
2003-08-27,8.286555290222168
2003-08-28,8.327198028564453
2003-08-29,8.276394844055176
2003-09-02,8.372925758361816
2003-09-03,8.479621887207031
2003-09-04,8.535506248474121
2003-09-05,8.403409004211426
2003-09-08,8.672686576843262
2003-09-09,8.12905216217041
2003-09-10,7.819133758544922
2003-09-11,7.92582893371582
2003-09-12,7.92582893371582
2003-09-15,7.814052581787109
2003-09-16,8.042685508728027
2003-09-17,7.89026403427124
2003-09-18,8.088410377502441
2003-09-19,8.139217376708984
2003-09-22,7.8648600578308105
2003-09-23,7.915668487548828
2003-09-24,7.687039375305176
2003-09-25,7.656551837921143
2003-09-26,7.753086090087891
2003-09-29,8.078248977661133
2003-09-30,7.92582893371582
2003-10-01,8.139217376708984
2003-10-02,8.413569450378418
2003-10-03,8.535506248474121
2003-10-06,8.576151847839355
2003-10-07,8.56091022491455
2003-10-08,8.571073532104492
2003-10-09,8.693008422851562
2003-10-10,8.794621467590332
2003-10-13,8.769217491149902
2003-10-14,8.672686576843262
2003-10-15,8.753975868225098
2003-10-16,8.444055557250977
2003-10-17,8.637120246887207
2003-10-20,8.601556777954102
2003-10-21,8.733654975891113
2003-10-22,8.591394424438477
2003-10-23,8.606637954711914
2003-10-24,8.535506248474121
2003-10-27,8.51010513305664
2003-10-28,8.698087692260742
2003-10-29,8.71841049194336
2003-10-30,8.586313247680664
2003-10-31,8.632040023803711
2003-11-03,8.748892784118652
2003-11-04,8.687926292419434
2003-11-05,8.743814468383789
2003-11-06,8.90639591217041
2003-11-07,8.926717758178711
2003-11-10,8.723489761352539
2003-11-11,8.677765846252441
2003-11-12,9.01308822631836
2003-11-13,9.084218978881836
2003-11-14,9.033411979675293
2003-11-17,8.875911712646484
2003-11-18,8.901313781738281
2003-11-19,8.962281227111816
2003-11-20,8.860669136047363
2003-11-21,9.038493156433105
2003-11-24,8.987687110900879
2003-11-25,9.043574333190918
2003-11-26,9.135024070739746
2003-11-28,9.135024070739746
2003-12-01,9.180750846862793
2003-12-02,9.150267601013184
2003-12-03,9.160429954528809
2003-12-04,9.37381649017334
2003-12-05,9.180750846862793
2003-12-08,9.094378471374512
2003-12-09,8.886072158813477
2003-12-10,8.957200050354004
2003-12-11,9.058812141418457
2003-12-12,8.947038650512695
2003-12-15,8.916556358337402
2003-12-16,8.936880111694336
2003-12-17,8.698087692260742
2003-12-18,8.794621467590332
2003-12-19,8.708250999450684
2003-12-22,8.65744400024414
2003-12-23,8.56091022491455
2003-12-24,8.459298133850098
2003-12-26,8.479621887207031
2003-12-29,8.652362823486328
2003-12-30,8.647283554077148
2003-12-31,8.637120246887207
2004-01-02,8.723489761352539
2004-01-05,8.840344429016113
2004-01-06,8.886072158813477
2004-01-07,9.12994384765625
2004-01-08,10.400111198425293
2004-01-09,10.496642112731934
2004-01-12,10.69478702545166
2004-01-13,10.466158866882324
2004-01-14,10.628739356994629
2004-01-15,10.532203674316406
2004-01-16,10.628739356994629
2004-01-20,10.720192909240723
2004-01-21,10.654143333435059
2004-01-22,10.74051570892334
2004-01-23,10.74559211730957
2004-01-26,10.796398162841797
2004-01-27,10.710028648376465
2004-01-28,10.476322174072266
2004-01-29,10.42551326751709
2004-01-30,10.496642112731934
2004-02-02,10.532203674316406
2004-02-03,10.664302825927734
2004-02-04,10.415352821350098
2004-02-05,10.400111198425293
2004-02-06,10.806564331054688
2004-02-09,10.903092384338379
2004-02-10,11.207937240600586
2004-02-11,11.538175582885742
2004-02-12,11.390838623046875
2004-02-13,11.279064178466797
2004-02-17,11.538175582885742
2004-02-18,11.477209091186523
2004-02-19,11.421319961547852
2004-02-20,11.294303894042969
2004-02-23,11.32986831665039
2004-02-24,11.268901824951172
2004-02-25,11.207937240600586
2004-02-26,11.218098640441895
2004-02-27,11.060595512390137
2004-03-01,11.299386024475098
2004-03-02,11.213014602661133
2004-03-03,11.314630508422852
2004-03-04,11.553418159484863
2004-03-05,11.79728889465332
2004-03-08,11.710918426513672
2004-03-09,11.45688247680664
2004-03-10,11.060595512390137
2004-03-11,10.730351448059082
2004-03-12,10.847208976745605
2004-03-15,10.379789352416992
2004-03-16,10.603336334228516
2004-03-17,10.877692222595215
2004-03-18,10.552528381347656
2004-03-19,10.171479225158691
2004-03-22,9.922527313232422
2004-03-23,9.846315383911133
2004-03-24,9.92760944366455
2004-03-25,10.227365493774414
2004-03-26,10.117707252502441
2004-03-29,10.350473403930664
2004-03-30,10.360822677612305
2004-03-31,10.490138053894043
2004-04-01,10.707389831542969
2004-04-02,10.914294242858887
2004-04-05,10.940156936645508
2004-04-06,8.902132987976074
2004-04-07,8.752127647399902
2004-04-08,8.845235824584961
2004-04-12,8.814199447631836
2004-04-13,8.607292175292969
2004-04-14,8.576254844665527
2004-04-15,8.302103996276855
2004-04-16,7.557244300842285
2004-04-19,7.914158821105957
2004-04-20,7.743459224700928
2004-04-21,7.764150619506836
2004-04-22,7.815876007080078
2004-04-23,7.867603778839111
2004-04-26,7.805530071258545
2004-04-27,7.722769737243652
2004-04-28,7.552072525024414
2004-04-29,7.381374835968018
2004-04-30,7.246884822845459
2004-05-03,7.221020221710205
2004-05-04,7.319301605224609
2004-05-05,7.443444728851318
2004-05-06,7.319301605224609
2004-05-07,7.179640293121338
2004-05-10,7.086531639099121
2004-05-11,7.086531639099121
2004-05-12,7.034806728363037
2004-05-13,6.972734451293945
2004-05-14,6.822727203369141
2004-05-17,6.765830039978027
2004-05-18,6.900317668914795
2004-05-19,6.957216739654541
2004-05-20,6.802037239074707
2004-05-21,6.7761735916137695
2004-05-24,6.781345367431641
2004-05-25,6.99342679977417
2004-05-26,6.936525344848633
2004-05-27,7.102051734924316
2004-05-28,7.107224464416504
2004-06-01,7.096877574920654
2004-06-02,7.050323963165283
2004-06-03,6.967563152313232
2004-06-04,7.226194858551025
2004-06-07,7.5106892585754395
2004-06-08,7.412410259246826
2004-06-09,7.267575740814209
2004-06-10,7.3658552169799805
2004-06-14,7.283093452453613
2004-06-15,7.427929878234863
2004-06-16,7.303783416748047
2004-06-17,7.210677146911621
2004-06-18,7.288266181945801
2004-06-21,7.272747993469238
2004-06-22,7.288266181945801
2004-06-23,7.371026992797852
2004-06-24,7.308956623077393
2004-06-25,7.303783416748047
2004-06-28,7.314129829406738
2004-06-29,7.298610687255859
2004-06-30,7.521035671234131
2004-07-01,7.577932834625244
2004-07-02,7.526208400726318
2004-07-06,7.319301605224609
2004-07-07,7.371026992797852
2004-07-08,7.298610687255859
2004-07-09,7.588281154632568
2004-07-12,7.469307899475098
2004-07-13,7.402064323425293
2004-07-14,7.3658552169799805
2004-07-15,6.4399518966674805
2004-07-16,6.279599666595459
2004-07-19,6.248565196990967
2004-07-20,6.357189655303955
2004-07-21,6.212355136871338
2004-07-22,6.258907794952393
2004-07-23,6.041658401489258
2004-07-26,6.062346935272217
2004-07-27,6.062346935272217
2004-07-28,5.917512893676758
2004-07-29,6.0002760887146
2004-07-30,6.010621070861816
2004-08-02,5.979586124420166
2004-08-03,5.896822452545166
2004-08-04,5.969239711761475
2004-08-05,5.855441570281982
2004-08-06,5.814060688018799
2004-08-09,5.7675065994262695
2004-08-10,5.927858352661133
2004-08-11,5.793369770050049
2004-08-12,5.705434799194336
2004-08-13,5.772678852081299
2004-08-16,5.974413871765137
2004-08-17,5.979586124420166
2004-08-18,6.150283336639404
2004-08-19,6.093384742736816
2004-08-20,6.155457496643066
2004-08-23,6.077866554260254
2004-08-24,6.046830177307129
2004-08-25,6.114071846008301
2004-08-26,6.160627841949463
2004-08-27,6.134765625
2004-08-30,6.041658401489258
2004-08-31,6.139937877655029
2004-09-01,6.114071846008301
2004-09-02,6.383052825927734
2004-09-03,6.419261932373047
2004-09-07,6.512368202209473
2004-09-08,6.574440956115723
2004-09-09,7.12274169921875
2004-09-10,7.158949375152588
2004-09-13,7.112396717071533
2004-09-14,7.164123058319092
2004-09-15,7.019288539886475
2004-09-16,7.184811115264893
2004-09-17,7.179640293121338
2004-09-20,7.231367588043213
2004-09-21,7.314129829406738
2004-09-22,7.184811115264893
2004-09-23,7.158949375152588
2004-09-24,7.112396717071533
2004-09-27,7.02446174621582
2004-09-28,7.045151710510254
2004-09-29,7.050323963165283
2004-09-30,7.096877574920654
2004-10-01,7.443444728851318
2004-10-04,7.47448205947876
2004-10-05,7.427929878234863
2004-10-06,7.469307899475098
2004-10-07,7.422756671905518
2004-10-08,7.283093452453613
2004-10-11,7.252058506011963
2004-10-12,7.138258934020996
2004-10-13,7.231367588043213
2004-10-14,7.345165729522705
2004-10-15,7.614142417907715
2004-10-18,7.6762166023254395
2004-10-19,7.722769737243652
2004-10-20,7.717596054077148
2004-10-21,7.805530071258545
2004-10-22,7.717596054077148
2004-10-25,7.707250118255615
2004-10-26,7.6762166023254395
2004-10-27,7.908985614776611
2004-10-28,7.976229190826416
2004-10-29,7.976229190826416
2004-11-01,8.038302421569824
2004-11-02,8.058992385864258
2004-11-03,8.16761589050293
2004-11-04,8.338314056396484
2004-11-05,8.400386810302734
2004-11-08,8.302103996276855
2004-11-09,8.374524116516113
2004-11-10,8.41073226928711
2004-11-11,8.643500328063965
2004-11-12,8.602118492126465
2004-11-15,8.509011268615723
2004-11-16,8.452112197875977
2004-11-17,8.617640495300293
2004-11-18,8.71591567993164
2004-11-19,8.477975845336914
2004-11-22,8.509011268615723
2004-11-23,8.384868621826172
2004-11-24,8.493494987487793
2004-11-26,8.514182090759277
2004-11-29,8.509011268615723
2004-11-30,8.364178657531738
2004-12-01,8.560737609863281
2004-12-02,8.648672103881836
2004-12-03,8.467632293701172
2004-12-06,8.43659496307373
2004-12-07,8.384868621826172
2004-12-08,8.338314056396484
2004-12-09,8.234861373901367
2004-12-10,8.017605781555176
2004-12-13,8.079681396484375
2004-12-14,8.074508666992188
2004-12-15,8.12623405456543
2004-12-16,7.8469133377075195
2004-12-17,7.83656644821167
2004-12-20,7.883119106292725
2004-12-21,8.053818702697754
2004-12-22,8.100373268127441
2004-12-23,8.1934814453125
2004-12-27,8.157270431518555
2004-12-28,8.224515914916992
2004-12-29,8.157270431518555
2004-12-30,8.15209674835205
2004-12-31,8.105545043945312
2005-01-03,8.064164161682129
2005-01-04,8.027955055236816
2005-01-05,8.027955055236816
2005-01-06,8.053818702697754
2005-01-07,7.888294696807861
2005-01-10,8.012435913085938
2005-01-11,7.852087020874023
2005-01-12,7.940019607543945
2005-01-13,7.779669761657715
2005-01-14,7.883119106292725
2005-01-18,7.784840106964111
2005-01-19,7.515862941741943
2005-01-20,7.293438911437988
2005-01-21,7.314129829406738
2005-01-24,7.200332164764404
2005-01-25,7.252058506011963
2005-01-26,7.412410259246826
2005-01-27,7.872776031494141
2005-01-28,7.862431049346924
2005-01-31,7.903811931610107
2005-02-01,8.002093315124512
2005-02-02,8.115890502929688
2005-02-03,8.058992385864258
2005-02-04,8.141754150390625
2005-02-07,8.048646926879883
2005-02-08,8.12623405456543
2005-02-09,8.105545043945312
2005-02-10,8.177963256835938
2005-02-11,8.260724067687988
2005-02-14,8.307279586791992
2005-02-15,8.286589622497559
2005-02-16,8.1934814453125
2005-02-17,8.13658332824707
2005-02-18,8.15209674835205
2005-02-22,8.32796859741211
2005-02-23,8.265896797180176
2005-02-24,8.405557632446289
2005-02-25,8.47280216217041
2005-02-28,8.348657608032227
2005-03-01,8.400386810302734
2005-03-02,8.317625045776367
2005-03-03,8.2555513381958
2005-03-04,8.359003067016602
2005-03-07,8.348657608032227
2005-03-08,8.426249504089355
2005-03-09,8.384868621826172
2005-03-10,8.488321304321289
2005-03-11,8.405557632446289
2005-03-14,8.441768646240234
2005-03-15,8.446939468383789
2005-03-16,8.359003067016602
2005-03-17,8.415903091430664
2005-03-18,8.32796859741211
2005-03-21,8.2555513381958
2005-03-22,8.115890502929688
2005-03-23,8.017605781555176
2005-03-24,7.929673671722412
2005-03-28,7.919329643249512
2005-03-29,7.883119106292725
2005-03-30,8.058992385864258
2005-03-31,7.981402397155762
2005-04-01,7.976229190826416
2005-04-04,7.903811931610107
2005-04-05,7.872776031494141
2005-04-06,7.965884208679199
2005-04-07,8.079681396484375
2005-04-08,8.165324211120605
2005-04-11,8.175963401794434
2005-04-12,8.154685020446777
2005-04-13,8.053617477416992
2005-04-14,7.952548503875732
2005-04-15,7.84083890914917
2005-04-18,7.808923244476318
2005-04-19,8.117450714111328
2005-04-20,8.160004615783691
2005-04-21,8.697267532348633
2005-04-22,8.675989151000977
2005-04-25,8.72386646270752
2005-04-26,8.521727561950684
2005-04-27,8.596198081970215
2005-04-28,8.46853256225586
2005-04-29,8.500450134277344
2005-05-02,8.56428050994873
2005-05-03,8.548323631286621
2005-05-04,8.867490768432617
2005-05-05,8.952601432800293
2005-05-06,8.995156288146973
2005-05-09,9.128140449523926
2005-05-10,8.995156288146973
2005-05-11,9.000475883483887
2005-05-12,8.947280883789062
2005-05-13,9.058989524841309
2005-05-16,9.165376663208008
2005-05-17,9.18665599822998
2005-05-18,9.362196922302246
2005-05-19,9.340919494628906
2005-05-20,9.298361778259277
2005-05-23,9.298361778259277
2005-05-24,9.335600852966309
2005-05-25,9.106863975524902
2005-05-26,9.128140449523926
2005-05-27,9.149418830871582
2005-05-31,8.968562126159668
2005-06-01,9.080269813537598
2005-06-02,9.2185697555542
2005-06-03,9.085586547851562
2005-06-06,9.064309120178223
2005-06-07,9.085586547851562
2005-06-08,9.069625854492188
2005-06-09,9.016434669494629
2005-06-10,8.963238716125488
2005-06-13,8.979196548461914
2005-06-14,9.032390594482422
2005-06-15,9.11217975616455
2005-06-16,9.101544380187988
2005-06-17,9.20793342590332
2005-06-20,9.154738426208496
2005-06-21,9.191973686218262
2005-06-22,9.282405853271484
2005-06-23,9.128140449523926
2005-06-24,9.037710189819336
2005-06-27,9.011115074157715
2005-06-28,9.032390594482422
2005-06-29,9.037710189819336
2005-06-30,8.851529121398926
2005-07-01,8.846210479736328
2005-07-05,8.936639785766602
2005-07-06,8.957919120788574
2005-07-07,8.915365219116211
2005-07-08,9.117499351501465
2005-07-11,9.309001922607422
2005-07-12,9.383475303649902
2005-07-13,9.452624320983887
2005-07-14,9.543057441711426
2005-07-15,9.553695678710938
2005-07-18,9.473904609680176
2005-07-19,9.59093189239502
2005-07-20,9.500502586364746
2005-07-21,8.394061088562012
2005-07-22,8.277032852172852
2005-07-25,8.074895858764648
2005-07-26,8.324906349182129
2005-07-27,8.441934585571289
2005-07-28,8.543004989624023
2005-07-29,8.484489440917969
2005-08-01,8.473852157592773
2005-08-02,8.548323631286621
2005-08-03,8.617477416992188
2005-08-04,8.537684440612793
2005-08-05,8.479171752929688
2005-08-08,8.553643226623535
2005-08-09,8.675989151000977
2005-08-10,8.665349960327148
2005-08-11,8.739823341369629
2005-08-12,8.617477416992188
2005-08-15,8.596198081970215
2005-08-16,8.457893371582031
2005-08-17,8.39937973022461
2005-08-18,8.346183776855469
2005-08-19,8.330225944519043
2005-08-22,8.372782707214355
2005-08-23,8.340865135192871
2005-08-24,8.271716117858887
2005-08-25,8.303628921508789
2005-08-26,8.24511432647705
2005-08-29,8.277032852172852
2005-08-30,8.28767204284668
2005-08-31,8.388739585876465
2005-09-01,8.436614036560059
2005-09-02,8.4525728225708
2005-09-06,8.590875625610352
2005-09-07,8.574921607971191
2005-09-08,8.473852157592773
2005-09-09,8.622795104980469
2005-09-12,8.548323631286621
2005-09-13,8.941959381103516
2005-09-14,8.926002502441406
2005-09-15,8.835575103759766
2005-09-16,8.835575103759766
2005-09-19,8.766419410705566
2005-09-20,8.739823341369629
2005-09-21,8.697267532348633
2005-09-22,8.70258903503418
2005-09-23,8.670669555664062
2005-09-26,8.830253601074219
2005-09-27,8.675989151000977
2005-09-28,8.681310653686523
2005-09-29,8.755780220031738
2005-09-30,8.995156288146973
2005-10-03,9.053672790527344
2005-10-04,9.037710189819336
2005-10-05,8.894085884094238
2005-10-06,8.941959381103516
2005-10-07,8.920683860778809
2005-10-10,8.947280883789062
2005-10-11,8.989834785461426
2005-10-12,8.947280883789062
2005-10-13,8.941959381103516
2005-10-14,9.011115074157715
2005-10-17,9.027071952819824
2005-10-18,8.97387981414795
2005-10-19,9.069625854492188
2005-10-20,8.457893371582031
2005-10-21,8.558964729309082
2005-10-24,8.601516723632812
2005-10-25,8.665349960327148
2005-10-26,8.622795104980469
2005-10-27,8.527047157287598
2005-10-28,8.665349960327148
2005-10-31,8.947280883789062
2005-11-01,9.005793571472168
2005-11-02,9.144100189208984
2005-11-03,9.22921085357666
2005-11-04,9.128140449523926
2005-11-07,9.064309120178223
2005-11-08,9.085586547851562
2005-11-09,9.064309120178223
2005-11-10,9.106863975524902
2005-11-11,9.138779640197754
2005-11-14,9.20793342590332
2005-11-15,9.058989524841309
2005-11-16,9.000475883483887
2005-11-17,9.170697212219238
2005-11-18,9.223892211914062
2005-11-21,9.27176570892334
2005-11-22,9.20261287689209
2005-11-23,9.277085304260254
2005-11-25,9.309001922607422
2005-11-28,9.191973686218262
2005-11-29,9.2185697555542
2005-11-30,9.085586547851562
2005-12-01,9.367518424987793
2005-12-02,9.234532356262207
2005-12-05,9.335600852966309
2005-12-06,9.399433135986328
2005-12-07,9.457944869995117
2005-12-08,9.6334867477417
2005-12-09,9.601571083068848
2005-12-12,9.692002296447754
2005-12-13,9.771793365478516
2005-12-14,9.81966781616211
2005-12-15,9.718597412109375
2005-12-16,9.856903076171875
2005-12-19,9.835625648498535
2005-12-20,9.7345552444458
2005-12-21,9.782430648803711
2005-12-22,9.835625648498535
2005-12-23,9.904778480529785
2005-12-27,9.87286376953125
2005-12-28,9.846264839172363
2005-12-29,9.830305099487305
2005-12-30,9.7345552444458
2006-01-03,9.952654838562012
2006-01-04,10.16542911529541
2006-01-05,10.404804229736328
2006-01-06,10.500554084777832
2006-01-09,10.372889518737793
2006-01-10,10.229262351989746
2006-01-11,10.059043884277344
2006-01-12,9.989889144897461
2006-01-13,10.0484037399292
2006-01-17,9.936692237854004
2006-01-18,9.766471862792969
2006-01-19,9.979249954223633
2006-01-20,9.638805389404297
2006-01-23,9.7345552444458
2006-01-24,9.707959175109863
2006-01-25,9.835625648498535
2006-01-26,9.681364059448242
2006-01-27,9.601571083068848
2006-01-30,9.622847557067871
2006-01-31,9.77711296081543
2006-02-01,9.846264839172363
2006-02-02,9.7345552444458
2006-02-03,9.654767990112305
2006-02-06,9.532416343688965
2006-02-07,9.426027297973633
2006-02-08,9.644128799438477
2006-02-09,9.638805389404297
2006-02-10,9.569656372070312
2006-02-13,9.54837703704834
2006-02-14,9.851585388183594
2006-02-15,9.984572410583496
2006-02-16,10.037766456604004
2006-02-17,9.984572410583496
2006-02-21,9.957972526550293
2006-02-22,10.069680213928223
2006-02-23,10.053722381591797
2006-02-24,10.037766456604004
2006-02-27,9.995211601257324
2006-02-28,9.883501052856445
2006-03-01,10.106915473937988
2006-03-02,10.170750617980957
2006-03-03,10.112236022949219
2006-03-06,10.181389808654785
2006-03-07,10.218624114990234
2006-03-08,10.543109893798828
2006-03-09,10.532470703125
2006-03-10,10.681411743164062
2006-03-13,10.793124198913574
2006-03-14,10.894192695617676
2006-03-15,10.910149574279785
2006-03-16,10.888871192932129
2006-03-17,10.926112174987793
2006-03-20,11.011220932006836
2006-03-21,10.867599487304688
2006-03-22,10.904829978942871
2006-03-23,10.80376148223877
2006-03-24,10.899510383605957
2006-03-27,10.819717407226562
2006-03-28,10.681411743164062
2006-03-29,10.755885124206543
2006-03-30,11.319744110107422
2006-03-31,11.263213157653809
2006-04-03,11.257779121398926
2006-04-04,11.295827865600586
2006-04-05,11.409982681274414
2006-04-06,11.361058235168457
2006-04-07,11.192543983459473
2006-04-10,11.089262008666992
2006-04-11,11.518701553344727
2006-04-12,11.409982681274414
2006-04-13,11.42629337310791
2006-04-17,11.442599296569824
2006-04-18,11.714396476745605
2006-04-19,11.817680358886719
2006-04-20,12.39931869506836
2006-04-21,12.437368392944336
2006-04-24,12.39388370513916
2006-04-25,12.317778587341309
2006-04-26,12.469988822937012
2006-04-27,12.508038520812988
2006-04-28,12.317778587341309
2006-05-01,12.317778587341309
2006-05-02,12.383012771606445
2006-05-03,12.404755592346191
2006-05-04,12.410188674926758
2006-05-05,12.459115028381348
2006-05-08,12.508038520812988
2006-05-09,12.556963920593262
2006-05-10,12.171010971069336
2006-05-11,11.882905960083008
2006-05-12,11.670907974243164
2006-05-15,11.779622077941895
2006-05-16,11.877470016479492
2006-05-17,11.480650901794434
2006-05-18,11.279520034790039
2006-05-19,11.535011291503906
2006-05-22,11.323006629943848
2006-05-23,11.578496932983398
2006-05-24,11.551316261291504
2006-05-25,11.6654691696167
2006-05-26,11.861166000366211
2006-05-30,11.621980667114258
2006-05-31,11.670907974243164
2006-06-01,11.997061729431152
2006-06-02,11.855727195739746
2006-06-05,11.529573440551758
2006-06-06,11.268648147583008
2006-06-07,11.154498100280762
2006-06-08,11.034903526306152
2006-06-09,10.90444278717041
2006-06-12,10.638082504272461
2006-06-13,10.502185821533203
2006-06-14,10.540238380432129
2006-06-15,11.089262008666992
2006-06-16,10.85551929473877
2006-06-19,10.920750617980957
2006-06-20,10.899008750915527
2006-06-21,10.96423625946045
2006-06-22,10.638082504272461
2006-06-23,10.594594955444336
2006-06-26,10.828339576721191
2006-06-27,10.648954391479492
2006-06-28,10.39890193939209
2006-06-29,10.801158905029297
2006-06-30,11.013160705566406
2006-07-03,11.11100959777832
2006-07-05,10.893573760986328
2006-07-06,10.915311813354492
2006-07-07,10.621774673461914
2006-07-10,10.545673370361328
2006-07-11,10.670697212219238
2006-07-12,10.426081657409668
2006-07-13,10.176030158996582
2006-07-14,10.094491004943848
2006-07-17,10.018388748168945
2006-07-18,10.181466102600098
2006-07-19,10.507619857788086
2006-07-20,10.757673263549805
2006-07-21,10.426081657409668
2006-07-24,10.730493545532227
2006-07-25,10.76310920715332
2006-07-26,10.648954391479492
2006-07-27,10.578287124633789
2006-07-28,10.817469596862793
2006-07-31,10.790288925170898
2006-08-01,10.643518447875977
2006-08-02,10.632646560668945
2006-08-03,10.676135063171387
2006-08-04,10.670697212219238
2006-08-07,10.632646560668945
2006-08-08,10.578287124633789
2006-08-09,10.790288925170898
2006-08-10,10.844651222229004
2006-08-11,10.670697212219238
2006-08-14,10.790288925170898
2006-08-15,11.268648147583008
2006-08-16,11.600237846374512
2006-08-17,11.573060989379883
2006-08-18,11.605676651000977
2006-08-21,11.58936882019043
2006-08-22,11.638293266296387
2006-08-23,11.409982681274414
2006-08-24,11.361058235168457
2006-08-25,11.2197265625
2006-08-28,11.404545783996582
2006-08-29,11.458906173706055
2006-08-30,11.371932029724121
2006-08-31,11.350188255310059
2006-09-01,11.22515869140625
2006-09-05,11.045772552490234
2006-09-06,10.594594955444336
2006-09-07,10.469569206237793
2006-09-08,10.485877990722656
2006-09-11,10.485877990722656
2006-09-12,10.768548011779785
2006-09-13,10.844651222229004
2006-09-14,10.545673370361328
2006-09-15,10.388030052185059
2006-09-18,10.279314994812012
2006-09-19,10.241262435913086
2006-09-20,10.393467903137207
2006-09-21,10.529366493225098
2006-09-22,10.540238380432129
2006-09-25,10.681571006774902
2006-09-26,10.627209663391113
2006-09-27,10.725056648254395
2006-09-28,10.817469596862793
2006-09-29,10.703315734863281
2006-10-02,10.659828186035156
2006-10-03,10.703315734863281
2006-10-04,10.71418571472168
2006-10-05,10.627209663391113
2006-10-06,10.583724975585938
2006-10-09,10.627209663391113
2006-10-10,10.773981094360352
2006-10-11,10.931625366210938
2006-10-12,11.067522048950195
2006-10-13,10.980545997619629
2006-10-16,11.013160705566406
2006-10-17,10.806594848632812
2006-10-18,10.801158905029297
2006-10-19,10.518495559692383
2006-10-20,10.540238380432129
2006-10-23,10.632646560668945
2006-10-24,10.545673370361328
2006-10-25,10.551109313964844
2006-10-26,10.708751678466797
2006-10-27,10.708751678466797
2006-10-30,10.828339576721191
2006-10-31,10.806594848632812
2006-11-01,10.638082504272461
2006-11-02,10.627209663391113
2006-11-03,10.513059616088867
2006-11-06,10.632646560668945
2006-11-07,10.687005996704102
2006-11-08,10.681571006774902
2006-11-09,10.600032806396484
2006-11-10,10.687005996704102
2006-11-13,10.735933303833008
2006-11-14,10.839212417602539
2006-11-15,10.953364372253418
2006-11-16,10.893573760986328
2006-11-17,10.833776473999023
2006-11-20,10.844651222229004
2006-11-21,11.056645393371582
2006-11-22,11.344752311706543
2006-11-24,11.377366065979004
2006-11-27,11.040340423583984
2006-11-28,10.920750617980957
2006-11-29,11.040340423583984
2006-11-30,10.991415977478027
2006-12-01,10.85008430480957
2006-12-04,10.85551929473877
2006-12-05,11.121881484985352
2006-12-06,11.14905834197998
2006-12-07,11.045772552490234
2006-12-08,11.105576515197754
2006-12-11,11.14905834197998
2006-12-12,11.078392028808594
2006-12-13,11.105576515197754
2006-12-14,11.170799255371094
2006-12-15,11.056645393371582
2006-12-18,11.056645393371582
2006-12-19,11.105576515197754
2006-12-20,11.067522048950195
2006-12-21,11.072958946228027
2006-12-22,10.980545997619629
2006-12-26,10.991415977478027
2006-12-27,11.143622398376465
2006-12-28,11.138185501098633
2006-12-29,11.045772552490234
2007-01-03,11.230595588684082
2007-01-04,11.371932029724121
2007-01-05,10.784852027893066
2007-01-08,10.676135063171387
2007-01-09,10.534801483154297
2007-01-10,10.371725082397461
2007-01-11,10.540238380432129
2007-01-12,10.594594955444336
2007-01-16,10.790288925170898
2007-01-17,10.790288925170898
2007-01-18,10.85008430480957
2007-01-19,10.942493438720703
2007-01-22,10.784852027893066
2007-01-23,10.844651222229004
2007-01-24,10.985981941223145
2007-01-25,11.475214958190918
2007-01-26,11.730703353881836
2007-01-29,11.632854461669922
2007-01-30,11.882905960083008
2007-01-31,12.013370513916016
2007-02-01,12.024242401123047
2007-02-02,11.997061729431152
2007-02-05,12.018807411193848
2007-02-06,12.007933616638184
2007-02-07,11.997061729431152
2007-02-08,11.997061729431152
2007-02-09,11.817680358886719
2007-02-12,11.839420318603516
2007-02-13,12.089471817016602
2007-02-14,12.480855941772461
2007-02-15,12.469988822937012
2007-02-16,12.578704833984375
2007-02-20,12.49716567993164
2007-02-21,12.437368392944336
2007-02-22,12.415628433227539
2007-02-23,12.415628433227539
2007-02-26,12.518911361694336
2007-02-27,11.888341903686523
2007-02-28,11.866598129272461
2007-03-01,11.703520774841309
2007-03-02,11.491520881652832
2007-03-05,11.42629337310791
2007-03-06,11.66003704071045
2007-03-07,11.692649841308594
2007-03-08,11.817680358886719
2007-03-09,11.774189949035645
2007-03-12,11.757881164550781
2007-03-13,11.578496932983398
2007-03-14,11.594802856445312
2007-03-15,11.774189949035645
2007-03-16,11.877470016479492
2007-03-19,12.045985221862793
2007-03-20,12.035115242004395
2007-03-21,12.426498413085938
2007-03-22,12.480855941772461
2007-03-23,12.486291885375977
2007-03-26,12.431933403015137
2007-03-27,12.35583209991455
2007-03-28,12.18731689453125
2007-03-29,12.448241233825684
2007-03-30,12.459115028381348
2007-04-02,12.339524269104004
2007-04-03,12.480855941772461
2007-04-04,12.687424659729004
2007-04-05,12.79613971710205
2007-04-09,12.79613971710205
2007-04-10,12.904861450195312
2007-04-11,12.709165573120117
2007-04-12,12.76352310180664
2007-04-13,12.932038307189941
2007-04-16,13.062501907348633
2007-04-17,13.002704620361328
2007-04-18,12.975522994995117
2007-04-19,13.39952564239502
2007-04-20,13.616964340209961
2007-04-23,13.529991149902344
2007-04-24,13.63870906829834
2007-04-25,13.780044555664062
2007-04-26,13.959427833557129
2007-04-27,13.915942192077637
2007-04-30,13.725679397583008
2007-05-01,13.769172668457031
2007-05-02,13.97573471069336
2007-05-03,13.9376802444458
2007-05-04,14.112771987915039
2007-05-07,13.92934513092041
2007-05-08,13.807059288024902
2007-05-09,13.96825122833252
2007-05-10,13.590283393859863
2007-05-11,13.934906959533691
2007-05-14,14.429601669311523
2007-05-15,14.624144554138184
2007-05-16,14.818690299987793
2007-05-17,14.768660545349121
2007-05-18,15.029911994934082
2007-05-21,14.990996360778809
2007-05-22,14.690847396850586
2007-05-23,14.668610572814941
2007-05-24,14.596352577209473
2007-05-25,14.824244499206543
2007-05-29,14.7130765914917
2007-05-30,15.096613883972168
2007-05-31,15.218892097473145
2007-06-01,15.669123649597168
2007-06-04,15.84143352508545
2007-06-05,15.746940612792969
2007-06-06,15.685802459716797
2007-06-07,15.380085945129395
2007-06-08,15.591302871704102
2007-06-11,15.735824584960938
2007-06-12,15.285591125488281
2007-06-13,15.613541603088379
2007-06-14,15.885900497436523
2007-06-15,16.124908447265625
2007-06-18,15.924811363220215
2007-06-19,15.902576446533203
2007-06-20,15.724708557128906
2007-06-21,15.56351375579834
2007-06-22,15.43011474609375
2007-06-25,15.335620880126953
2007-06-26,15.285591125488281
2007-06-27,15.374529838562012
2007-06-28,15.541277885437012
2007-06-29,15.62466049194336
2007-07-02,15.869220733642578
2007-07-03,16.191614151000977
2007-07-05,15.941483497619629
2007-07-06,16.074886322021484
2007-07-09,16.136028289794922
2007-07-10,15.997066497802734
2007-07-11,16.041534423828125
2007-07-12,16.647403717041016
2007-07-13,16.625167846679688
2007-07-16,16.59181785583496
2007-07-17,16.71410369873047
2007-07-18,16.525115966796875
2007-07-19,16.536230087280273
2007-07-20,16.274991989135742
2007-07-23,16.119352340698242
2007-07-24,15.869220733642578
2007-07-25,15.646888732910156
2007-07-26,15.402320861816406
2007-07-27,15.541277885437012
2007-07-30,15.885900497436523
2007-07-31,15.919246673583984
2007-08-01,15.791410446166992
2007-08-02,17.175447463989258
2007-08-03,16.480653762817383
2007-08-06,16.769685745239258
2007-08-07,16.541793823242188
2007-08-08,17.119861602783203
2007-08-09,16.46953010559082
2007-08-10,16.619611740112305
2007-08-13,16.941999435424805
2007-08-14,16.586259841918945
2007-08-15,16.035980224609375
2007-08-16,15.785848617553711
2007-08-17,16.325014114379883
2007-08-20,16.463972091674805
2007-08-21,16.50844383239746
2007-08-22,16.969785690307617
2007-08-23,16.75301170349121
2007-08-24,17.2143611907959
2007-08-27,17.114309310913086
2007-08-28,16.680753707885742
2007-08-29,17.886920928955078
2007-08-30,18.048120498657227
2007-08-31,18.276012420654297
2007-09-04,18.676219940185547
2007-09-05,18.54837417602539
2007-09-06,19.015277862548828
2007-09-07,18.865198135375977
2007-09-10,18.926345825195312
2007-09-11,19.22650146484375
2007-09-12,18.715131759643555
2007-09-13,18.83185386657715
2007-09-14,18.692893981933594
2007-09-17,18.959697723388672
2007-09-18,19.976884841918945
2007-09-19,20.332624435424805
2007-09-20,20.449344635009766
2007-09-21,20.593860626220703
2007-09-24,20.321500778198242
2007-09-25,20.49937629699707
2007-09-26,20.805086135864258
2007-09-27,21.088560104370117
2007-09-28,21.083003997802734
2007-10-01,21.099674224853516
2007-10-02,20.721704483032227
2007-10-03,20.371530532836914
2007-10-04,20.199214935302734
2007-10-05,20.30483055114746
2007-10-08,20.143632888793945
2007-10-09,20.121400833129883
2007-10-10,20.410442352294922
2007-10-11,20.843992233276367
2007-10-12,20.73282241821289
2007-10-15,20.254804611206055
2007-10-16,19.6267032623291
2007-10-17,20.30483055114746
2007-10-18,20.92181396484375
2007-10-19,20.44378662109375
2007-10-22,20.73838233947754
2007-10-23,21.383155822753906
2007-10-24,21.599943161010742
2007-10-25,21.73333740234375
2007-10-26,21.994579315185547
2007-10-29,22.183561325073242
2007-10-30,21.922325134277344
2007-10-31,22.077957153320312
2007-11-01,21.661075592041016
2007-11-02,22.072399139404297
2007-11-05,21.95011329650879
2007-11-06,22.845016479492188
2007-11-07,22.75052261352539
2007-11-08,22.278064727783203
2007-11-09,21.088560104370117
2007-11-12,20.493812561035156
2007-11-13,21.566585540771484
2007-11-14,21.388715744018555
2007-11-15,21.16082191467285
2007-11-16,21.3220157623291
2007-11-19,21.255311965942383
2007-11-20,21.599943161010742
2007-11-21,20.960718154907227
2007-11-23,21.4887638092041
2007-11-26,21.221961975097656
2007-11-27,21.221961975097656
2007-11-28,22.266944885253906
2007-11-29,22.24471092224121
2007-11-30,21.861181259155273
2007-12-03,22.366992950439453
2007-12-04,21.633281707763672
2007-12-05,21.627727508544922
2007-12-06,21.67774772644043
2007-12-07,21.95011329650879
2007-12-10,22.222475051879883
2007-12-11,21.68330955505371
2007-12-12,21.983463287353516
2007-12-13,21.5721378326416
2007-12-14,20.99962615966797
2007-12-17,20.138078689575195
2007-12-18,20.27703285217285
2007-12-19,20.299270629882812
2007-12-20,20.927371978759766
2007-12-21,21.41651725769043
2007-12-24,21.399831771850586
2007-12-26,21.577701568603516
2007-12-27,21.511009216308594
2007-12-28,21.533235549926758
2007-12-31,21.33868980407715
2008-01-02,20.788408279418945
2008-01-03,21.19972801208496
2008-01-04,19.999114990234375
2008-01-07,19.276527404785156
2008-01-08,19.054187774658203
2008-01-09,19.009719848632812
2008-01-10,19.365461349487305
2008-01-11,18.79850196838379
2008-01-14,19.643381118774414
2008-01-15,19.43771743774414
2008-01-16,18.970813751220703
2008-01-17,18.376066207885742
2008-01-18,18.120380401611328
2008-01-22,17.6201229095459
2008-01-23,18.0258846282959
2008-01-24,20.27703285217285
2008-01-25,19.498863220214844
2008-01-28,19.2209415435791
2008-01-29,19.265403747558594
2008-01-30,19.660049438476562
2008-01-31,20.643892288208008
2008-02-01,20.910694122314453
2008-02-04,20.593860626220703
2008-02-05,19.276527404785156
2008-02-06,19.29875946044922
2008-02-07,19.22650146484375
2008-02-08,19.676729202270508
2008-02-11,20.082500457763672
2008-02-12,20.477140426635742
2008-02-13,20.710590362548828
2008-02-14,20.13252067565918
2008-02-15,20.07137107849121
2008-02-19,20.04913902282715
2008-02-20,20.40488052368164
2008-02-21,20.126962661743164
2008-02-22,20.477140426635742
2008-02-25,20.649446487426758
2008-02-26,21.166383743286133
2008-02-27,21.2608699798584
2008-02-28,21.066328048706055
2008-02-29,20.01578712463379
2008-03-03,19.843482971191406
2008-03-04,19.143123626708984
2008-03-05,19.348783493041992
2008-03-06,18.787384033203125
2008-03-07,18.370502471923828
2008-03-10,18.281570434570312
2008-03-11,17.936954498291016
2008-03-12,17.842451095581055
2008-03-13,18.164844512939453
2008-03-14,17.525630950927734
2008-03-17,17.28106117248535
2008-03-18,18.198196411132812
2008-03-19,16.302783966064453
2008-03-20,16.286104202270508
2008-03-24,16.84194564819336
2008-03-25,17.55898094177246
2008-03-26,17.464487075805664
2008-03-27,17.18100929260254
2008-03-28,17.36443519592285
2008-03-31,17.692380905151367
2008-04-01,18.615076065063477
2008-04-02,18.73180389404297
2008-04-03,18.770709991455078
2008-04-04,18.881879806518555
2008-04-07,18.9096736907959
2008-04-08,18.748472213745117
2008-04-09,18.28713035583496
2008-04-10,18.24266815185547
2008-04-11,18.031442642211914
2008-04-14,17.898042678833008
2008-04-15,17.842451095581055
2008-04-16,18.726240158081055
2008-04-17,16.091564178466797
2008-04-18,16.119352340698242
2008-04-21,16.041534423828125
2008-04-22,15.913692474365234
2008-04-23,16.213844299316406
2008-04-24,15.891458511352539
2008-04-25,15.969279289245605
2008-04-28,16.402833938598633
2008-04-29,16.608491897583008
2008-04-30,16.71410369873047
2008-05-01,16.941999435424805
2008-05-02,16.55290985107422
2008-05-05,16.441740036010742
2008-05-06,16.475095748901367
2008-05-07,16.386154174804688
2008-05-08,16.519559860229492
2008-05-09,16.396028518676758
2008-05-12,16.355995178222656
2008-05-13,16.138683319091797
2008-05-14,16.178714752197266
2008-05-15,16.178714752197266
2008-05-16,16.681974411010742
2008-05-19,16.962200164794922
2008-05-20,16.910730361938477
2008-05-21,16.424625396728516
2008-05-22,16.55044174194336
2008-05-23,16.270217895507812
2008-05-27,16.144397735595703
2008-05-28,16.22446632385254
2008-05-29,16.024303436279297
2008-05-30,16.241619110107422
2008-06-02,15.955674171447754
2008-06-03,15.744078636169434
2008-06-04,15.503886222839355
2008-06-05,15.315162658691406
2008-06-06,14.943438529968262
2008-06-09,15.217945098876953
2008-06-10,14.754711151123047
2008-06-11,14.611740112304688
2008-06-12,14.737552642822266
2008-06-13,14.914838790893555
2008-06-16,14.577428817749023
2008-06-17,14.708962440490723
2008-06-18,14.531678199768066
2008-06-19,13.976945877075195
2008-06-20,13.891161918640137
2008-06-23,13.97122573852539
2008-06-24,14.102755546569824
2008-06-25,14.92628002166748
2008-06-26,14.331514358520508
2008-06-27,13.742472648620605
2008-06-30,14.011261940002441
2008-07-01,13.845410346984863
2008-07-02,13.536591529846191
2008-07-03,14.011261940002441
2008-07-07,14.051291465759277
2008-07-08,14.37154769897461
2008-07-09,14.234294891357422
2008-07-10,14.714677810668945
2008-07-11,14.874807357788086
2008-07-14,14.280044555664062
2008-07-15,14.217138290405273
2008-07-16,14.37154769897461
2008-07-17,15.618268013000488
2008-07-18,15.73264217376709
2008-07-21,15.623982429504395
2008-07-22,15.30944538116455
2008-07-23,15.269410133361816
2008-07-24,15.606823921203613
2008-07-25,16.08721160888672
2008-07-28,15.789830207824707
2008-07-29,15.93852424621582
2008-07-30,15.85273551940918
2008-07-31,15.623982429504395
2008-08-01,15.50960636138916
2008-08-04,15.652581214904785
2008-08-05,15.892773628234863
2008-08-06,15.978554725646973
2008-08-07,15.481011390686035
2008-08-08,15.481011390686035
2008-08-11,15.469573020935059
2008-08-12,15.19506549835205
2008-08-13,14.7947416305542
2008-08-14,14.840497970581055
2008-08-15,14.565991401672363
2008-08-18,14.46304988861084
2008-08-19,14.348670959472656
2008-08-20,14.417301177978516
2008-08-21,14.640336036682129
2008-08-22,15.046377182006836
2008-08-25,14.708962440490723
2008-08-26,14.8919677734375
2008-08-27,14.840497970581055
2008-08-28,14.777586936950684
2008-08-29,14.394423484802246
2008-09-02,13.982666015625
2008-09-03,13.456526756286621
2008-09-04,12.758820533752441
2008-09-05,11.792332649230957
2008-09-08,11.374852180480957
2008-09-09,11.277634620666504
2008-09-10,11.466353416442871
2008-09-11,11.786611557006836
2008-09-12,11.809491157531738
2008-09-15,11.483512878417969
2008-09-16,11.65507698059082
2008-09-17,11.123224258422852
2008-09-18,11.47779369354248
2008-09-19,12.221247673034668
2008-09-22,11.42060375213623
2008-09-23,11.34053897857666
2008-09-24,11.392007827758789
2008-09-25,11.575014114379883
2008-09-26,11.254759788513184
2008-09-29,10.065231323242188
2008-09-30,10.665708541870117
2008-10-01,10.579928398132324
2008-10-02,10.008039474487305
2008-10-03,10.15101146697998
2008-10-06,9.550531387329102
2008-10-07,9.544814109802246
2008-10-08,9.499062538146973
2008-10-09,9.264585494995117
2008-10-10,8.995800018310547
2008-10-13,9.790725708007812
2008-10-14,9.916537284851074
2008-10-15,8.641227722167969
2008-10-16,9.476181983947754
2008-10-17,9.624876976013184
2008-10-20,10.26539134979248
2008-10-21,9.693502426147461
2008-10-22,8.761326789855957
2008-10-23,9.115896224975586
2008-10-24,8.82995319366455
2008-10-27,8.429630279541016
2008-10-28,9.155928611755371
2008-10-29,8.972923278808594
2008-10-30,9.493341445922852
2008-10-31,8.681260108947754
2008-11-03,9.047268867492676
2008-11-04,9.573407173156738
2008-11-05,9.21883773803711
2008-11-06,8.412473678588867
2008-11-07,8.749886512756348
2008-11-10,8.492539405822754
2008-11-11,7.920649528503418
2008-11-12,7.274417877197266
2008-11-13,8.092215538024902
2008-11-14,7.200071811676025
2008-11-17,7.240102767944336
2008-11-18,7.617549419403076
2008-11-19,7.423107624053955
2008-11-20,7.0628180503845215
2008-11-21,7.39451265335083
2008-11-24,7.846306800842285
2008-11-25,8.115091323852539
2008-11-26,8.361004829406738
2008-11-28,8.103654861450195
2008-12-01,7.4802961349487305
2008-12-02,7.8005523681640625
2008-12-03,7.606112480163574
2008-12-04,7.909212589263916
2008-12-05,7.657581329345703
2008-12-08,8.200874328613281
2008-12-09,8.372442245483398
2008-12-10,8.704137802124023
2008-12-11,8.704137802124023
2008-12-12,8.789918899536133
2008-12-15,8.755606651306152
2008-12-16,9.327492713928223
2008-12-17,9.44187068939209
2008-12-18,9.064425468444824
2008-12-19,8.972923278808594
2008-12-22,8.755606651306152
2008-12-23,8.681260108947754
2008-12-24,8.6011962890625
2008-12-26,8.841388702392578
2008-12-29,8.572603225708008
2008-12-30,9.01867389678955
2008-12-31,8.921454429626465
2009-01-02,9.13877010345459
2009-01-05,9.104459762573242
2009-01-06,9.270304679870605
2009-01-07,8.955766677856445
2009-01-08,8.789918899536133
2009-01-09,8.698418617248535
2009-01-12,8.435349464416504
2009-01-13,8.183719635009766
2009-01-14,7.714770317077637
2009-01-15,8.035029411315918
2009-01-16,8.012151718139648
2009-01-20,7.400231838226318
2009-01-21,7.8405866622924805
2009-01-22,7.0342230796813965
2009-01-23,6.977034091949463
2009-01-26,6.8054680824279785
2009-01-27,7.1829142570495605
2009-01-28,7.423107624053955
2009-01-29,6.994191646575928
2009-01-30,7.017065525054932
2009-02-02,6.879813194274902
2009-02-03,7.165757179260254
2009-02-04,7.274417877197266
2009-02-05,7.46314001083374
2009-02-06,7.623270511627197
2009-02-09,7.560360908508301
2009-02-10,7.171477317810059
2009-02-11,7.097132205963135
2009-02-12,7.114287853240967
2009-02-13,6.896970748901367
2009-02-17,6.365113735198975
2009-02-18,6.307927131652832
2009-02-19,6.0848894119262695
2009-02-20,5.919041633605957
2009-02-23,5.730318069458008
2009-02-24,5.80466365814209
2009-02-25,5.661690711975098
2009-02-26,5.444373607635498
2009-02-27,5.352872371673584
2009-03-02,4.9983015060424805
2009-03-03,5.278526782989502
2009-03-04,5.398623943328857
2009-03-05,5.20989990234375
2009-03-06,4.9983015060424805
2009-03-09,5.009739398956299
2009-03-10,5.553032398223877
2009-03-11,5.844695091247559
2009-03-12,6.3136444091796875
2009-03-13,6.2392988204956055
2009-03-16,6.490930080413818
2009-03-17,6.565275192260742
2009-03-18,6.771155834197998
2009-03-19,6.879813194274902
2009-03-20,6.353676795959473
2009-03-23,6.771155834197998
2009-03-24,6.7768754959106445
2009-03-25,6.9655961990356445
2009-03-26,6.919844627380371
2009-03-27,6.7425618171691895
2009-03-30,6.433741569519043
2009-03-31,6.673934459686279
2009-04-01,6.925564289093018
2009-04-02,7.5374836921691895
2009-04-03,7.526048183441162
2009-04-06,7.600391864776611
2009-04-07,7.228667259216309
2009-04-08,7.5832366943359375
2009-04-09,7.892056941986084
2009-04-13,8.023587226867676
2009-04-14,7.892056941986084
2009-04-15,7.6404242515563965
2009-04-16,8.509697914123535
2009-04-17,8.561164855957031
2009-04-20,8.212312698364258
2009-04-21,8.52113151550293
2009-04-22,8.366724967956543
2009-04-23,8.463942527770996
2009-04-24,8.313117980957031
2009-04-27,8.00434684753418
2009-04-28,7.826206684112549
2009-04-29,8.247802734375
2009-04-30,8.396251678466797
2009-05-01,8.49125862121582
2009-05-04,9.156307220458984
2009-05-05,8.746591567993164
2009-05-06,9.01379680633545
2009-05-07,8.592202186584473
2009-05-08,8.758466720581055
2009-05-11,8.509072303771973
2009-05-12,8.28936767578125
2009-05-13,8.028098106384277
2009-05-14,8.21811294555664
2009-05-15,8.372499465942383
2009-05-18,8.687212944030762
2009-05-19,9.037550926208496
2009-05-20,9.007857322692871
2009-05-21,8.87128734588623
2009-05-22,8.705024719238281
2009-05-26,8.835660934448242
2009-05-27,8.906915664672852
2009-05-28,9.138495445251465
2009-05-29,9.085051536560059
2009-06-01,9.601652145385742
2009-06-02,9.589776992797852
2009-06-03,9.085051536560059
2009-06-04,9.108805656433105
2009-06-05,9.037550926208496
2009-06-08,9.085051536560059
2009-06-09,9.411639213562012
2009-06-10,9.447265625
2009-06-11,9.476957321166992
2009-06-12,9.310693740844727
2009-06-15,8.883162498474121
2009-06-16,8.782217979431152
2009-06-17,8.79409408569336
2009-06-18,8.800029754638672
2009-06-19,8.71096134185791
2009-06-22,8.360623359680176
2009-06-23,8.586264610290527
2009-06-24,8.681272506713867
2009-06-25,8.722838401794434
2009-06-26,8.800029754638672
2009-06-29,8.91285228729248
2009-06-30,8.65752124786377
2009-07-01,8.770340919494629
2009-07-02,8.645645141601562
2009-07-06,8.568453788757324
2009-07-07,8.443755149841309
2009-07-08,8.414067268371582
2009-07-09,8.479382514953613
2009-07-10,8.420002937316895
2009-07-13,8.805970191955566
2009-07-14,8.734712600708008
2009-07-15,9.310693740844727
2009-07-16,7.992473602294922
2009-07-17,7.950904846191406
2009-07-20,7.654007911682129
2009-07-21,7.606505393981934
2009-07-22,7.71932315826416
2009-07-23,7.915280342102051
2009-07-24,7.838084697723389
2009-07-27,7.790581226348877
2009-07-28,7.808393478393555
2009-07-29,7.71932315826416
2009-07-30,7.725264072418213
2009-07-31,7.921215057373047
2009-08-03,8.028098106384277
2009-08-04,7.921215057373047
2009-08-05,7.885586738586426
2009-08-06,7.849959850311279
2009-08-07,7.849959850311279
2009-08-10,7.84402322769165
2009-08-11,7.766829490661621
2009-08-12,7.832147598266602
2009-08-13,7.814332962036133
2009-08-14,7.737137794494629
2009-08-17,7.392738342285156
2009-08-18,7.4283671379089355
2009-08-19,7.33336067199707
2009-08-20,7.273982524871826
2009-08-21,7.416491508483887
2009-08-24,7.410553455352783
2009-08-25,7.4936842918396
2009-08-26,7.796518802642822
2009-08-27,8.093415260314941
2009-08-28,8.229988098144531
2009-08-31,8.31905746459961
2009-09-01,7.90933895111084
2009-09-02,7.897464275360107
2009-09-03,8.25967788696289
2009-09-04,8.5387601852417
2009-09-08,8.79409408569336
2009-09-09,8.924728393554688
2009-09-10,9.007857322692871
2009-09-11,8.87128734588623
2009-09-14,8.972230911254883
2009-09-15,9.239439010620117
2009-09-16,9.50070858001709
2009-09-17,9.328510284423828
2009-09-18,9.32257080078125
2009-09-21,9.352259635925293
2009-09-22,9.304757118225098
2009-09-23,9.304757118225098
2009-09-24,8.954416275024414
2009-09-25,8.936603546142578
2009-09-28,9.04942512512207
2009-09-29,8.734712600708008
2009-09-30,8.681272506713867
2009-10-01,8.360623359680176
2009-10-02,8.27749252319336
2009-10-05,8.402188301086426
2009-10-06,8.56251335144043
2009-10-07,8.5387601852417
2009-10-08,8.550637245178223
2009-10-09,8.722838401794434
2009-10-12,8.835660934448242
2009-10-13,8.895038604736328
2009-10-14,9.138495445251465
2009-10-15,8.123106002807617
2009-10-16,8.00434684753418
2009-10-19,7.974658012390137
2009-10-20,7.891523838043213
2009-10-21,7.71932315826416
2009-10-22,7.90933895111084
2009-10-23,7.8024582862854
2009-10-26,7.737137794494629
2009-10-27,7.731201648712158
2009-10-28,7.6005659103393555
2009-10-29,7.820270538330078
2009-10-30,7.487746238708496
2009-11-02,7.570878028869629
2009-11-03,7.606505393981934
2009-11-04,7.689635753631592
2009-11-05,7.796518802642822
2009-11-06,7.84402322769165
2009-11-09,8.057787895202637
2009-11-10,7.986534118652344
2009-11-11,8.140920639038086
2009-11-12,7.992473602294922
2009-11-13,8.105291366577148
2009-11-16,8.17654800415039
2009-11-17,8.123106002807617
2009-11-18,8.271554946899414
2009-11-19,8.081539154052734
2009-11-20,7.915280342102051
2009-11-23,7.974658012390137
2009-11-24,7.921215057373047
2009-11-25,8.034035682678223
2009-11-27,7.84402322769165
2009-11-30,7.87371301651001
2009-12-01,7.96278190612793
2009-12-02,7.6836981773376465
2009-12-03,7.570878028869629
2009-12-04,7.541186809539795
2009-12-07,7.547126293182373
2009-12-08,7.44618034362793
2009-12-09,7.469933032989502
2009-12-10,7.4580559730529785
2009-12-11,7.606505393981934
2009-12-14,7.659945964813232
2009-12-15,7.559001922607422
2009-12-16,7.582755088806152
2009-12-17,7.374924182891846
2009-12-18,7.392738342285156
2009-12-21,7.357110977172852
2009-12-22,7.499621391296387
2009-12-23,7.523372650146484
2009-12-24,7.588689804077148
2009-12-28,7.541186809539795
2009-12-29,7.564938545227051
2009-12-30,7.671821117401123
2009-12-31,7.630256652832031
2010-01-04,7.927152633666992
2010-01-05,7.867774486541748
2010-01-06,7.808393478393555
2010-01-07,7.90933895111084
2010-01-08,7.915280342102051
2010-01-11,7.832147598266602
2010-01-12,7.671821117401123
2010-01-13,7.808393478393555
2010-01-14,7.939028739929199
2010-01-15,7.867774486541748
2010-01-19,7.861835956573486
2010-01-20,7.71932315826416
2010-01-21,7.659945964813232
2010-01-22,7.553063869476318
2010-01-25,7.487746238708496
2010-01-26,7.529311656951904
2010-01-27,7.671821117401123
2010-01-28,8.301243782043457
2010-01-29,8.129043579101562
2010-02-01,8.3309326171875
2010-02-02,8.515010833740234
2010-02-03,8.526884078979492
2010-02-04,8.158732414245605
2010-02-05,7.950904846191406
2010-02-08,7.826206684112549
2010-02-09,7.927152633666992
2010-02-10,7.790581226348877
2010-02-11,7.772766590118408
2010-02-12,7.6836981773376465
2010-02-16,7.867774486541748
2010-02-17,7.903403282165527
2010-02-18,7.980594635009766
2010-02-19,7.939028739929199
2010-02-22,8.00434684753418
2010-02-23,7.87371301651001
2010-02-24,7.90933895111084
2010-02-25,7.84402322769165
2010-02-26,7.998409271240234
2010-03-01,7.885586738586426
2010-03-02,8.022160530090332
2010-03-03,8.229988098144531
2010-03-04,8.18248462677002
2010-03-05,8.390313148498535
2010-03-08,8.414067268371582
2010-03-09,8.384374618530273
2010-03-10,8.645645141601562
2010-03-11,8.604080200195312
2010-03-12,8.811906814575195
2010-03-15,8.79409408569336
2010-03-16,8.990046501159668
2010-03-17,9.156307220458984
2010-03-18,9.073177337646484
2010-03-19,8.948479652404785
2010-03-22,8.972230911254883
2010-03-23,9.061300277709961
2010-03-24,8.948479652404785
2010-03-25,9.025673866271973
2010-03-26,9.180058479309082
2010-03-29,9.156307220458984
2010-03-30,9.150370597839355
2010-03-31,9.22756576538086
2010-04-01,9.275065422058105
2010-04-05,9.292879104614258
2010-04-06,9.239439010620117
2010-04-07,9.197874069213867
2010-04-08,8.954416275024414
2010-04-09,8.91285228729248
2010-04-12,8.96629524230957
2010-04-13,8.978167533874512
2010-04-14,9.18599796295166
2010-04-15,9.061300277709961
2010-04-16,8.87128734588623
2010-04-19,8.99598503112793
2010-04-20,9.007857322692871
2010-04-21,8.87722396850586
2010-04-22,7.713387489318848
2010-04-23,7.576814651489258
2010-04-26,7.392738342285156
2010-04-27,7.202723979949951
2010-04-28,7.131468772888184
2010-04-29,7.161159038543701
2010-04-30,7.220539569854736
2010-05-03,7.190847873687744
2010-05-04,7.006772041320801
2010-05-05,6.929579734802246
2010-05-06,6.66237211227417
2010-05-07,6.673543453216553
2010-05-10,6.971526145935059
2010-05-11,6.810121059417725
2010-05-12,6.841160774230957
2010-05-13,6.623883247375488
2010-05-14,6.381772041320801
2010-05-17,6.462474822998047
2010-05-18,6.325900554656982
2010-05-19,6.338317394256592
2010-05-20,6.226572513580322
2010-05-21,6.251405239105225
2010-05-24,6.220365524291992
2010-05-25,6.350732326507568
2010-05-26,6.176909446716309
2010-05-27,6.41281270980835
2010-05-28,6.282445430755615
2010-06-01,6.220365524291992
2010-06-02,6.301069259643555
2010-06-03,6.344523906707764
2010-06-04,5.947215557098389
2010-06-07,5.79201602935791
2010-06-08,6.027918338775635
2010-06-09,5.6864824295043945
2010-06-10,5.878929615020752
2010-06-11,5.922384262084961
2010-06-14,5.860305309295654
2010-06-15,6.096203804016113
2010-06-16,5.444370746612549
2010-06-17,5.580946445465088
2010-06-18,5.5250749588012695
2010-06-21,5.400917053222656
2010-06-22,5.276758193969727
2010-06-23,5.326420783996582
2010-06-24,5.214677333831787
2010-06-25,5.121558666229248
2010-06-28,5.152597904205322
2010-06-29,4.978776454925537
2010-06-30,5.059478282928467
2010-07-01,5.189846038818359
2010-07-02,5.233300685882568
2010-07-06,5.202261447906494
2010-07-07,5.425747394561768
2010-07-08,5.326420783996582
2010-07-09,5.264341354370117
2010-07-12,5.220885753631592
2010-07-13,5.314005374908447
2010-07-14,5.338837623596191
2010-07-15,5.500243186950684
2010-07-16,5.425747394561768
2010-07-19,5.475412368774414
2010-07-20,5.5933637619018555
2010-07-21,5.475412368774414
2010-07-22,5.692689418792725
2010-07-23,5.847888469696045
2010-07-26,5.854096412658691
2010-07-27,5.7858076095581055
2010-07-28,5.748560905456543
2010-07-29,5.723729610443115
2010-07-30,5.903759479522705
2010-08-02,5.9782562255859375
2010-08-03,6.009294509887695
2010-08-04,5.934799671173096
2010-08-05,5.984464168548584
2010-08-06,5.90996789932251
2010-08-09,5.947215557098389
2010-08-10,5.928592205047607
2010-08-11,5.630610466003418
2010-08-12,5.62440299987793
2010-08-13,5.500243186950684
2010-08-16,5.500243186950684
2010-08-17,5.537490367889404
2010-08-18,5.562323093414307
2010-08-19,5.66165018081665
2010-08-20,5.643026828765869
2010-08-23,5.531283378601074
2010-08-24,5.4381632804870605
2010-08-25,5.407124042510986
2010-08-26,5.413331985473633
2010-08-27,5.376084327697754
2010-08-30,5.314005374908447
2010-08-31,5.314005374908447
2010-09-01,5.5250749588012695
2010-09-02,5.611987590789795
2010-09-03,5.742352485656738
2010-09-07,5.878929615020752
2010-09-08,6.021710395812988
2010-09-09,6.058958530426025
2010-09-10,6.17070198059082
2010-09-13,6.28865385055542
2010-09-14,6.17070198059082
2010-09-15,6.176909446716309
2010-09-16,6.2762370109558105
2010-09-17,6.183116436004639
2010-09-20,6.3755645751953125
2010-09-21,6.1272454261779785
2010-09-22,6.17070198059082
2010-09-23,6.052750587463379
2010-09-24,6.245197772979736
2010-09-27,6.089998722076416
2010-09-28,6.121039390563965
2010-09-29,6.096203804016113
2010-09-30,6.226572513580322
2010-10-01,6.400396347045898
2010-10-04,6.2389912605285645
2010-10-05,6.456267356872559
2010-10-06,6.499724388122559
2010-10-07,6.648714542388916
2010-10-08,6.723209857940674
2010-10-11,6.80391263961792
2010-10-12,6.766664981842041
2010-10-13,6.983943462371826
2010-10-14,6.80391263961792
2010-10-15,6.754248142242432
2010-10-18,6.7914958000183105
2010-10-19,6.580427169799805
2010-10-20,6.723209857940674
2010-10-21,7.002568244934082
2010-10-22,6.865991592407227
2010-10-25,6.872200012207031
2010-10-26,6.766664981842041
2010-10-27,6.692168712615967
2010-10-28,6.847370624542236
2010-10-29,6.6425065994262695
2010-11-01,6.4935150146484375
2010-11-02,6.568011283874512
2010-11-03,6.568011283874512
2010-11-04,6.667337417602539
2010-11-05,6.685962200164795
2010-11-08,6.561803340911865
2010-11-09,6.623883247375488
2010-11-10,6.673543453216553
2010-11-11,6.561803340911865
2010-11-12,6.381772041320801
2010-11-15,6.400396347045898
2010-11-16,6.257612705230713
2010-11-17,6.307275772094727
2010-11-18,6.400396347045898
2010-11-19,6.282445430755615
2010-11-22,6.201743125915527
2010-11-23,5.941005706787109
2010-11-24,5.9782562255859375
2010-11-26,5.928592205047607
2010-11-29,5.798226356506348
2010-11-30,5.729936599731445
2010-12-01,5.959632396697998
2010-12-02,6.065165996551514
2010-12-03,6.207950592041016
2010-12-06,6.164493560791016
2010-12-07,6.232781410217285
2010-12-08,6.263820648193359
2010-12-09,6.058958530426025
2010-12-10,6.089998722076416
2010-12-13,6.183116436004639
2010-12-14,6.176909446716309
2010-12-15,6.121039390563965
2010-12-16,6.152078151702881
2010-12-17,6.164493560791016
2010-12-20,6.145869255065918
2010-12-21,6.325900554656982
2010-12-22,6.369357109069824
2010-12-23,6.363149166107178
2010-12-27,6.344523906707764
2010-12-28,6.319693088531494
2010-12-29,6.369357109069824
2010-12-30,6.356940269470215
2010-12-31,6.406604766845703
2011-01-03,6.617674827575684
2011-01-04,6.741832733154297
2011-01-05,6.617674827575684
2011-01-06,6.574218273162842
2011-01-07,6.5245561599731445
2011-01-10,6.437644958496094
2011-01-11,6.487307548522949
2011-01-12,6.679754734039307
2011-01-13,6.754248142242432
2011-01-14,6.822534561157227
2011-01-18,6.617674827575684
2011-01-19,6.381772041320801
2011-01-20,6.505932331085205
2011-01-21,6.692168712615967
2011-01-24,6.772872447967529
2011-01-25,6.574218273162842
2011-01-26,6.661129474639893
2011-01-27,6.555597305297852
2011-01-28,6.561803340911865
2011-01-31,6.6425065994262695
2011-02-01,6.73562479019165
2011-02-02,7.046023368835449
2011-02-03,6.946694850921631
2011-02-04,6.865991592407227
2011-02-07,7.0087761878967285
2011-02-08,7.002568244934082
2011-02-09,7.281923770904541
2011-02-10,6.754248142242432
2011-02-11,5.810640335083008
2011-02-14,5.487827301025391
2011-02-15,5.630610466003418
2011-02-16,5.649235248565674
2011-02-17,5.6368184089660645
2011-02-18,5.705105781555176
2011-02-22,5.506451606750488
2011-02-23,5.326420783996582
2011-02-24,5.357460975646973
2011-02-25,5.369876861572266
2011-02-28,5.357460975646973
2011-03-01,5.351253509521484
2011-03-02,5.388500690460205
2011-03-03,5.369876861572266
2011-03-04,5.270548343658447
2011-03-07,5.177430152893066
2011-03-08,5.282964706420898
2011-03-09,5.338837623596191
2011-03-10,5.214677333831787
2011-03-11,5.270548343658447
2011-03-14,5.152597904205322
2011-03-15,5.003607749938965
2011-03-16,4.898071765899658
2011-03-17,4.978776454925537
2011-03-18,5.140182018280029
2011-03-21,5.214677333831787
2011-03-22,5.202261447906494
2011-03-23,5.202261447906494
2011-03-24,5.245718002319336
2011-03-25,5.183638095855713
2011-03-28,5.425747394561768
2011-03-29,5.388500690460205
2011-03-30,5.351253509521484
2011-03-31,5.282964706420898
2011-04-01,5.307796955108643
2011-04-04,5.413331985473633
2011-04-05,5.444370746612549
2011-04-06,5.5995707511901855
2011-04-07,5.568531036376953
2011-04-08,5.5995707511901855
2011-04-11,5.605779647827148
2011-04-12,5.419539928436279
2011-04-13,5.425747394561768
2011-04-14,5.388500690460205
2011-04-15,5.376084327697754
2011-04-18,5.214677333831787
2011-04-19,5.165013790130615
2011-04-20,5.332629680633545
2011-04-21,5.357460975646973
2011-04-25,5.388500690460205
2011-04-26,5.500243186950684
2011-04-27,5.698897838592529
2011-04-28,5.748560905456543
2011-04-29,5.729936599731445
2011-05-02,5.736145496368408
2011-05-03,5.779600143432617
2011-05-04,5.6876726150512695
2011-05-05,5.601696968078613
2011-05-06,5.581854820251465
2011-05-09,5.562015533447266
2011-05-10,5.780261993408203
2011-05-11,5.707513332366943
2011-05-12,5.727353096008301
2011-05-13,5.647991180419922
2011-05-16,5.694284915924072
2011-05-17,5.661218166351318
2011-05-18,5.681059837341309
2011-05-19,5.654603958129883
2011-05-20,5.495879650115967
2011-05-23,5.363606929779053
2011-05-24,5.376835346221924
2011-05-25,5.396675109863281
2011-05-26,5.3503804206848145
2011-05-27,5.423130035400391
2011-05-31,4.642728805541992
2011-06-01,4.424480438232422
2011-06-02,4.345117568969727
2011-06-03,4.40463924407959
2011-06-06,4.364957809448242
2011-06-07,4.3252763748168945
2011-06-08,4.120254993438721
2011-06-09,4.159937381744385
2011-06-10,4.159937381744385
2011-06-13,4.040893077850342
2011-06-14,4.140096187591553
2011-06-15,3.935075044631958
2011-06-16,3.928462266921997
2011-06-17,3.981370687484741
2011-06-20,3.8689396381378174
2011-06-21,4.007824420928955
2011-06-22,3.9945976734161377
2011-06-23,3.981370687484741
2011-06-24,3.8887805938720703
2011-06-27,3.9945976734161377
2011-06-28,4.040893077850342
2011-06-29,4.186391353607178
2011-06-30,4.245913982391357
2011-07-01,4.245913982391357
2011-07-05,4.179778099060059
2011-07-06,4.133482933044434
2011-07-07,4.272367000579834
2011-07-08,4.113641738891602
2011-07-11,3.941688299179077
2011-07-12,3.8358731269836426
2011-07-13,3.7498955726623535
2011-07-14,3.663919687271118
2011-07-15,3.663919687271118
2011-07-18,3.5845561027526855
2011-07-19,3.677145481109619
2011-07-20,3.829258441925049
2011-07-21,4.05411958694458
2011-07-22,3.8755533695220947
2011-07-25,3.7829627990722656
2011-07-26,3.8953938484191895
2011-07-27,3.789577007293701
2011-07-28,3.776350975036621
2011-07-29,3.8358731269836426
2011-08-01,3.670532464981079
2011-08-02,3.5316481590270996
2011-08-03,3.5845561027526855
2011-08-04,3.3200130462646484
2011-08-05,3.47212553024292
2011-08-08,3.2274234294891357
2011-08-09,3.4390573501586914
2011-08-10,3.2274234294891357
2011-08-11,3.37292218208313
2011-08-12,3.544874668121338
2011-08-15,4.159937381744385
2011-08-16,4.027666091918945
2011-08-17,3.9218482971191406
2011-08-18,3.796190023422241
2011-08-19,3.8358731269836426
2011-08-22,3.8887805938720703
2011-08-23,4.040893077850342
2011-08-24,4.007824420928955
2011-08-25,3.8953938484191895
2011-08-26,3.9152348041534424
2011-08-29,4.087188243865967
2011-08-30,4.259140491485596
2011-08-31,4.259140491485596
2011-09-01,4.384799003601074
2011-09-02,4.193004608154297
2011-09-06,4.060732841491699
2011-09-07,4.226072311401367
2011-09-08,4.193004608154297
2011-09-09,3.95491623878479
2011-09-12,3.882166862487793
2011-09-13,3.882166862487793
2011-09-14,4.007824420928955
2011-09-15,4.140096187591553
2011-09-16,3.9879841804504395
2011-09-19,3.882166862487793
2011-09-20,3.8953938484191895
2011-09-21,3.6837596893310547
2011-09-22,3.4787404537200928
2011-09-23,3.465512275695801
2011-09-26,3.6176235675811768
2011-09-27,3.7234413623809814
2011-09-28,3.670532464981079
2011-09-29,3.816030979156494
2011-09-30,3.7432825565338135
2011-10-03,3.597782850265503
2011-10-04,3.5647151470184326
2011-10-05,3.6903738975524902
2011-10-06,3.9152348041534424
2011-10-07,3.8623266220092773
2011-10-10,4.093801975250244
2011-10-11,4.087188243865967
2011-10-12,4.206233024597168
2011-10-13,4.159937381744385
2011-10-14,4.193004608154297
2011-10-17,3.9681437015533447
2011-10-18,4.027666091918945
2011-10-19,4.047506332397461
2011-10-20,4.298821449279785
2011-10-21,4.371571063995361
2011-10-24,4.470775604248047
2011-10-25,4.437707424163818
2011-10-26,4.477389335632324
2011-10-27,4.8345208168029785
2011-10-28,4.748544216156006
2011-10-31,4.450935363769531
2011-11-01,4.173165321350098
2011-11-02,4.285594940185547
2011-11-03,4.530297756195068
2011-11-04,4.411252498626709
2011-11-07,4.503843307495117
2011-11-08,4.510456085205078
2011-11-09,4.219459056854248
2011-11-10,4.265754222869873
2011-11-11,4.464159965515137
2011-11-14,4.3252763748168945
2011-11-15,4.351730823516846
2011-11-16,4.338503837585449
2011-11-17,4.298821449279785
2011-11-18,4.305436134338379
2011-11-21,3.981370687484741
2011-11-22,3.677145481109619
2011-11-23,3.6176235675811768
2011-11-25,3.498579978942871
2011-11-28,3.710214614868164
2011-11-29,3.6374645233154297
2011-11-30,3.829258441925049
2011-12-01,3.7498955726623535
2011-12-02,3.716827869415283
2011-12-05,3.551487922668457
2011-12-06,3.5779430866241455
2011-12-07,3.5250332355499268
2011-12-08,3.30678653717041
2011-12-09,3.4126040935516357
2011-12-12,3.280332088470459
2011-12-13,3.3001725673675537
2011-12-14,3.3200130462646484
2011-12-15,3.2141964435577393
2011-12-16,3.095151901245117
2011-12-19,2.9827208518981934
2011-12-20,3.1745150089263916
2011-12-21,3.2075822353363037
2011-12-22,3.2737178802490234
2011-12-23,3.253877878189087
2011-12-27,3.161287546157837
2011-12-28,3.134833335876465
2011-12-29,3.1546740531921387
2011-12-30,3.187741994857788
2012-01-03,3.3993759155273438
2012-01-04,3.359694480895996
2012-01-05,3.5779430866241455
2012-01-06,3.465512275695801
2012-01-09,3.4588980674743652
2012-01-10,3.5647151470184326
2012-01-11,3.518420696258545
2012-01-12,3.5118064880371094
2012-01-13,3.445671558380127
2012-01-17,3.730055332183838
2012-01-18,3.7498955726623535
2012-01-19,3.809417486190796
2012-01-20,3.710214614868164
2012-01-23,3.789577007293701
2012-01-24,3.4853525161743164
2012-01-25,3.4853525161743164
2012-01-26,3.57132887840271
2012-01-27,3.359694480895996
2012-01-30,3.3398540019989014
2012-01-31,3.333240509033203
2012-02-01,3.37292218208313
2012-02-02,3.3200130462646484
2012-02-03,3.3861491680145264
2012-02-06,3.333240509033203
2012-02-07,3.3927626609802246
2012-02-08,3.445671558380127
2012-02-09,3.353081226348877
2012-02-10,3.280332088470459
2012-02-13,3.37292218208313
2012-02-14,3.3927626609802246
2012-02-15,3.37292218208313
2012-02-16,3.445671558380127
2012-02-17,3.6308510303497314
2012-02-21,3.6903738975524902
2012-02-22,3.677145481109619
2012-02-23,3.663919687271118
2012-02-24,3.8358731269836426
2012-02-27,3.597782850265503
2012-02-28,3.551487922668457
2012-02-29,3.498579978942871
2012-03-01,3.498579978942871
2012-03-02,3.4588980674743652
2012-03-05,3.419217348098755
2012-03-06,3.280332088470459
2012-03-07,3.3464674949645996
2012-03-08,3.359694480895996
2012-03-09,3.3464674949645996
2012-03-12,3.30678653717041
2012-03-13,3.3398540019989014
2012-03-14,3.267104148864746
2012-03-15,3.452285051345825
2012-03-16,3.5250332355499268
2012-03-19,3.57132887840271
2012-03-20,3.5845561027526855
2012-03-21,3.5250332355499268
2012-03-22,3.47212553024292
2012-03-23,3.498579978942871
2012-03-26,3.5316481590270996
2012-03-27,3.551487922668457
2012-03-28,3.663919687271118
2012-03-29,3.5845561027526855
2012-03-30,3.6308510303497314
2012-04-02,3.6176235675811768
2012-04-03,3.5118064880371094
2012-04-04,3.353081226348877
2012-04-05,3.379534959793091
2012-04-09,3.3993759155273438
2012-04-10,3.326627492904663
2012-04-11,2.804155111312866
2012-04-12,2.7975411415100098
2012-04-13,2.658655881881714
2012-04-16,2.7049508094787598
2012-04-17,2.685110092163086
2012-04-18,2.6255881786346436
2012-04-19,2.5263850688934326
2012-04-20,2.447021722793579
2012-04-23,2.413954019546509
2012-04-24,2.400726556777954
2012-04-25,2.4800899028778076
2012-04-26,2.420567512512207
2012-04-27,2.4271814823150635
2012-04-30,2.413954019546509
2012-05-01,2.4337944984436035
2012-05-02,2.367659330368042
2012-05-03,2.341204881668091
2012-05-04,2.243624687194824
2012-05-07,2.286360263824463
2012-05-08,2.343341827392578
2012-05-09,2.243624687194824
2012-05-10,2.3077282905578613
2012-05-11,2.27923846244812
2012-05-14,2.172398805618286
2012-05-15,2.0584371089935303
2012-05-16,1.994333028793335
2012-05-17,1.994333028793335
2012-05-18,2.0299458503723145
2012-05-21,2.1510305404663086
2012-05-22,2.051313877105713
2012-05-23,1.9444751739501953
2012-05-24,1.9515974521636963
2012-05-25,2.0085787773132324
2012-05-29,2.10117244720459
2012-05-30,1.9515974521636963
2012-05-31,1.901739239692688
2012-06-01,1.88037109375
2012-06-04,1.8590030670166016
2012-06-05,1.9658424854278564
2012-06-06,2.051313877105713
2012-06-07,2.0157008171081543
2012-06-08,2.1510305404663086
2012-06-11,1.9729654788970947
2012-06-12,2.044191598892212
2012-06-13,1.9872103929519653
2012-06-14,1.673815369606018
2012-06-15,1.7664092779159546
2012-06-18,1.7877769470214844
2012-06-19,1.8091450929641724
2012-06-20,1.7806545495986938
2012-06-21,1.6951831579208374
2012-06-22,1.6951831579208374
2012-06-25,1.5598535537719727
2012-06-26,1.5384858846664429
2012-06-27,1.5598535537719727
2012-06-28,1.5028722286224365
2012-06-29,1.4743821620941162
2012-07-02,1.5242403745651245
2012-07-03,1.5171176195144653
2012-07-05,1.4387691020965576
2012-07-06,1.3675426244735718
2012-07-09,1.3105617761611938
2012-07-10,1.2820714712142944
2012-07-11,1.3532975912094116
2012-07-12,1.3390520811080933
2012-07-13,1.3105617761611938
2012-07-16,1.2820714712142944
2012-07-17,1.2037228345870972
2012-07-18,1.2322131395339966
2012-07-19,1.3176844120025635
2012-07-20,1.2179677486419678
2012-07-23,1.3034392595291138
2012-07-24,1.253580927848816
2012-07-25,1.3105617761611938
2012-07-26,1.4387691020965576
2012-07-27,1.5028722286224365
2012-07-30,1.545608401298523
2012-07-31,1.7165513038635254
2012-08-01,1.6951831579208374
2012-08-02,1.6168346405029297
2012-08-03,1.6880607604980469
2012-08-06,1.7877769470214844
2012-08-07,1.8874938488006592
2012-08-08,1.901739239692688
2012-08-09,2.0869274139404297
2012-08-10,1.9658424854278564
2012-08-13,1.8590030670166016
2012-08-14,1.7735316753387451
2012-08-15,1.88037109375
2012-08-16,1.88037109375
2012-08-17,1.9515974521636963
2012-08-20,1.9587206840515137
2012-08-21,1.9658424854278564
2012-08-22,2.051313877105713
2012-08-23,2.27923846244812
2012-08-24,2.1937665939331055
2012-08-27,2.3148510456085205
2012-08-28,2.1581532955169678
2012-08-29,2.0655601024627686
2012-08-30,1.9587206840515137
2012-08-31,2.0085787773132324
2012-09-04,2.0157008171081543
2012-09-05,1.6951831579208374
2012-09-06,1.7521641254425049
2012-09-07,1.88037109375
2012-09-10,1.8732490539550781
2012-09-11,1.9872103929519653
2012-09-12,1.9587206840515137
2012-09-13,2.0940496921539307
2012-09-14,2.122540235519409
2012-09-17,2.115417957305908
2012-09-18,2.0655601024627686
2012-09-19,2.0584371089935303
2012-09-20,2.0299458503723145
2012-09-21,1.9729654788970947
2012-09-24,1.9515974521636963
2012-09-25,1.9231069087982178
2012-09-26,1.84475839138031
2012-09-27,1.901739239692688
2012-09-28,1.8376355171203613
2012-10-01,1.9658424854278564
2012-10-02,1.8661257028579712
2012-10-03,1.894616723060608
2012-10-04,1.88037109375
2012-10-05,1.9088613986968994
2012-10-08,1.9088613986968994
2012-10-09,1.9088613986968994
2012-10-10,1.8518809080123901
2012-10-11,1.8162678480148315
2012-10-12,1.8233903646469116
2012-10-15,1.9088613986968994
2012-10-16,2.0085787773132324
2012-10-17,2.0940496921539307
2012-10-18,1.994333028793335
2012-10-19,1.9515974521636963
2012-10-22,2.0014560222625732
2012-10-23,1.9088613986968994
2012-10-24,1.8233903646469116
2012-10-25,1.8732490539550781
2012-10-26,1.8233903646469116
2012-10-31,1.901739239692688
2012-11-01,2.0299458503723145
2012-11-02,1.994333028793335
2012-11-05,1.9729654788970947
2012-11-06,1.9729654788970947
2012-11-07,1.88037109375
2012-11-08,1.8661257028579712
2012-11-09,1.8874938488006592
2012-11-12,1.9302294254302979
2012-11-13,1.9159842729568481
2012-11-14,1.901739239692688
2012-11-15,1.9373525381088257
2012-11-16,1.9729654788970947
2012-11-19,2.0940496921539307
2012-11-20,2.10117244720459
2012-11-21,2.3575868606567383
2012-11-23,2.5356521606445312
2012-11-26,2.393199920654297
2012-11-27,2.2578701972961426
2012-11-28,2.329096794128418
2012-11-29,2.364708662033081
2012-11-30,2.321974039077759
2012-12-03,2.321974039077759
2012-12-04,2.450181007385254
2012-12-05,2.763575553894043
2012-12-06,2.6709818840026855
2012-12-07,2.742208242416382
2012-12-10,2.628246307373047
2012-12-11,2.699472188949585
2012-12-12,2.7279629707336426
2012-12-13,2.6781041622161865
2012-12-14,2.7208402156829834
2012-12-17,2.813434362411499
2012-12-18,2.991499423980713
2012-12-19,2.9986226558685303
2012-12-20,2.9772543907165527
2012-12-21,2.8419249057769775
2012-12-24,2.8490474224090576
2012-12-26,2.8846607208251953
2012-12-27,2.8490474224090576
2012-12-28,2.7137176990509033
2012-12-31,2.813434362411499
2013-01-02,2.927396535873413
2013-01-03,2.9630091190338135
2013-01-04,2.9772543907165527
2013-01-07,3.005744457244873
2013-01-08,2.8846607208251953
2013-01-09,2.6709818840026855
2013-01-10,3.169564723968506
2013-01-11,3.347630739212036
2013-01-14,3.2906494140625
2013-01-15,3.30489444732666
2013-01-16,3.2550368309020996
2013-01-17,3.2265465259552
2013-01-18,3.1553192138671875
2013-01-22,3.2906494140625
2013-01-23,3.30489444732666
2013-01-24,3.0342352390289307
2013-01-25,2.991499423980713
2013-01-28,3.027113437652588
2013-01-29,2.9986226558685303
2013-01-30,2.9131505489349365
2013-01-31,2.7920665740966797
2013-02-01,2.8490474224090576
2013-02-04,2.7137176990509033
2013-02-05,2.813434362411499
2013-02-06,2.934518575668335
2013-02-07,2.891782760620117
2013-02-08,2.8989057540893555
2013-02-11,2.9558866024017334
2013-02-12,2.927396535873413
2013-02-13,2.8348021507263184
2013-02-14,2.8348021507263184
2013-02-15,2.8419249057769775
2013-02-19,2.799189329147339
2013-02-20,2.7208402156829834
2013-02-21,2.6709818840026855
2013-02-22,2.692350149154663
2013-02-25,2.585510492324829
2013-02-26,2.5427749156951904
2013-02-27,2.6852269172668457
2013-02-28,2.5997555255889893
2013-03-01,2.5570201873779297
2013-03-04,2.4715490341186523
2013-03-05,2.514284610748291
2013-03-06,2.578387975692749
2013-03-07,2.628246307373047
2013-03-08,2.6211235523223877
2013-03-11,2.578387975692749
2013-03-12,2.5498974323272705
2013-03-13,2.457303524017334
2013-03-14,2.4715490341186523
2013-03-15,2.4430580139160156
2013-03-18,2.3860769271850586
2013-03-19,2.4216904640197754
2013-03-20,2.457303524017334
2013-03-21,2.457303524017334
2013-03-22,2.3718318939208984
2013-03-25,2.321974039077759
2013-03-26,2.350464105606079
2013-03-27,2.3789544105529785
2013-03-28,2.33621883392334
2013-04-01,2.321974039077759
2013-04-02,2.321974039077759
2013-04-03,2.400322437286377
2013-04-04,2.4074456691741943
2013-04-05,2.3789544105529785
2013-04-08,2.343341827392578
2013-04-09,2.400322437286377
2013-04-10,2.507161855697632
2013-04-11,2.4786713123321533
2013-04-12,2.485793352127075
2013-04-15,2.3718318939208984
2013-04-16,2.450181007385254
2013-04-17,2.5498974323272705
2013-04-18,2.2578701972961426
2013-04-19,2.1866440773010254
2013-04-22,2.243624687194824
2013-04-23,2.2507474422454834
2013-04-24,2.27923846244812
2013-04-25,2.350464105606079
2013-04-26,2.3148510456085205
2013-04-29,2.364708662033081
2013-04-30,2.4074456691741943
2013-05-01,2.3789544105529785
2013-05-02,2.321974039077759
2013-05-03,2.350464105606079
2013-05-06,2.4216904640197754
2013-05-07,2.4929165840148926
2013-05-08,2.507161855697632
2013-05-09,2.528529644012451
2013-05-10,2.6068785190582275
2013-05-13,2.7350852489471436
2013-05-14,2.5926332473754883
2013-05-15,2.6709818840026855
2013-05-16,2.628246307373047
2013-05-17,2.6567368507385254
2013-05-20,2.6781041622161865
2013-05-21,2.6638593673706055
2013-05-22,2.5926332473754883
2013-05-23,2.564142942428589
2013-05-24,2.5997555255889893
2013-05-28,2.5570201873779297
2013-05-29,2.571265459060669
2013-05-30,2.4715490341186523
2013-05-31,2.450181007385254
2013-06-03,2.4786713123321533
2013-06-04,2.521406888961792
2013-06-05,2.464426279067993
2013-06-06,2.514284610748291
2013-06-07,2.521406888961792
2013-06-10,2.5498974323272705
2013-06-11,2.4715490341186523
2013-06-12,2.485793352127075
2013-06-13,2.514284610748291
2013-06-14,2.578387975692749
2013-06-17,2.628246307373047
2013-06-18,2.749330997467041
2013-06-19,2.742208242416382
2013-06-20,2.7279629707336426
2013-06-21,2.799189329147339
2013-06-24,2.7065951824188232
2013-06-25,2.7350852489471436
2013-06-26,2.7849440574645996
2013-06-27,2.7137176990509033
2013-06-28,2.6638593673706055
2013-07-01,2.749330997467041
2013-07-02,2.7279629707336426
2013-07-03,2.799189329147339
2013-07-05,2.9060282707214355
2013-07-08,2.9416415691375732
2013-07-09,3.005744457244873
2013-07-10,2.9487643241882324
2013-07-11,2.9986226558685303
2013-07-12,2.9558866024017334
2013-07-15,2.934518575668335
2013-07-16,2.8490474224090576
2013-07-17,2.8775382041931152
2013-07-18,2.870415449142456
2013-07-19,2.863292694091797
2013-07-22,2.813434362411499
2013-07-23,2.8348021507263184
2013-07-24,2.8561699390411377
2013-07-25,2.8846607208251953
2013-07-26,2.8561699390411377
2013-07-29,2.8276796340942383
2013-07-30,2.8348021507263184
2013-07-31,2.806312084197998
2013-08-01,2.8276796340942383
2013-08-02,2.8348021507263184
2013-08-05,2.9487643241882324
2013-08-06,2.891782760620117
2013-08-07,2.9131505489349365
2013-08-08,2.9487643241882324
2013-08-09,2.9701321125030518
2013-08-12,2.9772543907165527
2013-08-13,2.9630091190338135
2013-08-14,2.9772543907165527
2013-08-15,2.927396535873413
2013-08-16,2.9487643241882324
2013-08-19,2.9416415691375732
2013-08-20,2.891782760620117
2013-08-21,2.870415449142456
2013-08-22,2.934518575668335
2013-08-23,2.9630091190338135
2013-08-26,2.9701321125030518
2013-08-27,2.8419249057769775
2013-08-28,2.8276796340942383
2013-08-29,2.8490474224090576
2013-08-30,2.7778215408325195
2013-09-03,3.6467807292938232
2013-09-04,3.7963554859161377
2013-09-05,3.9103167057037354
2013-09-06,3.8248462677001953
2013-09-09,3.931684970855713
2013-09-10,4.031401634216309
2013-09-11,4.237957954406738
2013-09-12,4.529984951019287
2013-09-13,4.565598487854004
2013-09-16,4.44451379776001
2013-09-17,4.465881824493408
2013-09-18,4.779277801513672
2013-09-19,4.765032768249512
2013-09-20,4.686683654785156
2013-09-23,4.750785827636719
2013-09-24,4.686683654785156
2013-09-25,4.722296237945557
2013-09-26,4.729417324066162
2013-09-27,4.743663787841797
2013-09-30,4.636824607849121
2013-10-01,4.715173721313477
2013-10-02,4.722296237945557
2013-10-03,4.779277801513672
2013-10-04,4.793522834777832
2013-10-07,4.729417324066162
2013-10-08,4.700928211212158
2013-10-09,4.622579097747803
2013-10-10,4.686683654785156
2013-10-11,4.736541748046875
2013-10-14,4.715173721313477
2013-10-15,4.928852558135986
2013-10-16,5.007200717926025
2013-10-17,5.0713043212890625
2013-10-18,5.0926713943481445
2013-10-21,5.0926713943481445
2013-10-22,5.235124111175537
2013-10-23,5.192388534545898
2013-10-24,5.0926713943481445
2013-10-25,4.96446418762207
2013-10-28,4.807766437530518
2013-10-29,5.306350231170654
2013-10-30,5.427435398101807
2013-10-31,5.434557914733887
2013-11-01,5.427435398101807
2013-11-04,5.520029544830322
2013-11-05,5.484416484832764
2013-11-06,5.626868724822998
2013-11-07,5.370453834533691
2013-11-08,5.448802947998047
2013-11-11,5.512906551361084
2013-11-12,5.491538047790527
2013-11-13,5.655359268188477
2013-11-14,5.619744777679443
2013-11-15,5.698094844818115
2013-11-18,5.740830898284912
2013-11-19,5.555643081665039
2013-11-20,5.655359268188477
2013-11-21,5.662481784820557
2013-11-22,5.7621989250183105
2013-11-25,5.769321441650391
2013-11-26,5.64823579788208
2013-11-27,5.705216884613037
2013-11-29,5.740830898284912
2013-12-02,5.676726818084717
2013-12-03,5.562764644622803
2013-12-04,5.626868724822998
2013-12-05,5.505784511566162
2013-12-06,5.612624168395996
2013-12-09,5.698094844818115
2013-12-10,5.64111328125
2013-12-11,5.505784511566162
2013-12-12,5.491538047790527
2013-12-13,5.370453834533691
2013-12-16,5.313473701477051
2013-12-17,5.242247104644775
2013-12-18,5.491538047790527
2013-12-19,5.505784511566162
2013-12-20,5.562764644622803
2013-12-23,5.548520088195801
2013-12-24,5.577009677886963
2013-12-26,5.619744777679443
2013-12-27,5.740830898284912
2013-12-30,5.690971851348877
2013-12-31,5.776443004608154
2014-01-02,5.655359268188477
2014-01-03,5.7194623947143555
2014-01-06,5.712339878082275
2014-01-07,5.726585388183594
2014-01-08,5.776443004608154
2014-01-09,5.733707427978516
2014-01-10,5.826301097869873
2014-01-13,5.683849811553955
2014-01-14,5.655359268188477
2014-01-15,5.690971851348877
2014-01-16,5.655359268188477
2014-01-17,5.548520088195801
2014-01-21,5.555643081665039
2014-01-22,5.484416484832764
2014-01-23,5.007200717926025
2014-01-24,4.886116027832031
2014-01-27,4.93597412109375
2014-01-28,4.985833168029785
2014-01-29,5.014323711395264
2014-01-30,5.007200717926025
2014-01-31,4.928852558135986
2014-02-03,4.743663787841797
2014-02-04,4.829135417938232
2014-02-05,4.765032768249512
2014-02-06,4.992955684661865
2014-02-07,5.455925941467285
2014-02-10,5.256492614746094
2014-02-11,5.263615608215332
2014-02-12,5.0926713943481445
2014-02-13,5.128285884857178
2014-02-14,5.085549831390381
2014-02-18,5.220878601074219
2014-02-19,5.1781439781188965
2014-02-20,5.206634044647217
2014-02-21,5.313473701477051
2014-02-24,5.427435398101807
2014-02-25,5.441680431365967
2014-02-26,5.434557914733887
2014-02-27,5.477292537689209
2014-02-28,5.39894437789917
2014-03-03,5.406067848205566
2014-03-04,5.484416484832764
2014-03-05,5.548520088195801
2014-03-06,5.569888114929199
2014-03-07,5.662481784820557
2014-03-10,5.64111328125
2014-03-11,5.562764644622803
2014-03-12,5.520029544830322
2014-03-13,5.384700298309326
2014-03-14,5.370453834533691
2014-03-17,5.4131903648376465
2014-03-18,5.463047981262207
2014-03-19,5.370453834533691
2014-03-20,5.299229145050049
2014-03-21,5.106917858123779
2014-03-24,5.142530918121338
2014-03-25,5.206634044647217
2014-03-26,5.206634044647217
2014-03-27,5.1781439781188965
2014-03-28,5.228002548217773
2014-03-31,5.228002548217773
2014-04-01,5.37757682800293
2014-04-02,5.434557914733887
2014-04-03,5.427435398101807
2014-04-04,5.235124111175537
2014-04-07,5.142530918121338
2014-04-08,5.39894437789917
2014-04-09,5.562764644622803
2014-04-10,5.441680431365967
2014-04-11,5.277860641479492
2014-04-14,5.228002548217773
2014-04-15,5.0926713943481445
2014-04-16,5.1995110511779785
2014-04-17,5.228002548217773
2014-04-21,5.292105674743652
2014-04-22,5.320595741271973
2014-04-23,5.1995110511779785
2014-04-24,5.1995110511779785
2014-04-25,5.1781439781188965
2014-04-28,5.007200717926025
2014-04-29,5.292105674743652
2014-04-30,5.341963768005371
2014-05-01,5.306350231170654
2014-05-02,5.235124111175537
2014-05-05,5.1781439781188965
2014-05-06,5.171020984649658
2014-05-07,5.192388534545898
2014-05-08,5.1995110511779785
2014-05-09,5.156775951385498
2014-05-12,5.299229145050049
2014-05-13,5.2493696212768555
2014-05-14,5.185266494750977
2014-05-15,5.171020984649658
2014-05-16,5.156775951385498
2014-05-19,5.149653434753418
2014-05-20,5.163898944854736
2014-05-21,5.427435398101807
2014-05-22,5.555643081665039
2014-05-23,5.584133148193359
2014-05-27,5.598378658294678
2014-05-28,5.591256141662598
2014-05-29,5.64111328125
2014-05-30,5.790688991546631
2014-06-02,5.769321441650391
2014-06-03,5.683849811553955
2014-06-04,5.569888114929199
2014-06-05,5.726585388183594
2014-06-06,5.612624168395996
2014-06-09,5.626868724822998
2014-06-10,5.740830898284912
2014-06-11,5.733707427978516
2014-06-12,5.726585388183594
2014-06-13,5.726585388183594
2014-06-16,5.683849811553955
2014-06-17,5.726585388183594
2014-06-18,5.933141231536865
2014-06-19,5.926311492919922
2014-06-20,5.880783557891846
2014-06-23,5.987016201019287
2014-06-24,5.759373664855957
2014-06-25,5.842843055725098
2014-06-26,5.82766580581665
2014-06-27,5.77454948425293
2014-06-30,5.73660945892334
2014-07-01,5.77454948425293
2014-07-02,5.77454948425293
2014-07-03,5.865606784820557
2014-07-07,5.782137870788574
2014-07-08,5.615199089050293
2014-07-09,5.721432685852051
2014-07-10,5.721432685852051
2014-07-11,5.66831636428833
2014-07-14,5.691080093383789
2014-07-15,5.645552635192871
2014-07-16,5.698668479919434
2014-07-17,5.60002326965332
2014-07-18,5.789726734161377
2014-07-21,5.789726734161377
2014-07-22,5.8580193519592285
2014-07-23,5.82766580581665
2014-07-24,6.313305377960205
2014-07-25,6.252599716186523
2014-07-28,6.214658737182617
2014-07-29,6.207071304321289
2014-07-30,6.176719665527344
2014-07-31,6.017369270324707
2014-08-01,5.918724060058594
2014-08-04,5.956664085388184
2014-08-05,5.9414873123168945
2014-08-06,5.873195648193359
2014-08-07,5.8352532386779785
2014-08-08,5.804902076721191
2014-08-11,5.8580193519592285
2014-08-12,5.8580193519592285
2014-08-13,5.873195648193359
2014-08-14,5.918724060058594
2014-08-15,5.880783557891846
2014-08-18,5.933900356292725
2014-08-19,6.085661888122559
2014-08-20,6.169131278991699
2014-08-21,6.260188102722168
2014-08-22,6.207071304321289
2014-08-25,6.2677764892578125
2014-08-26,6.237424373626709
2014-08-27,6.176719665527344
2014-08-28,6.169131278991699
2014-08-29,6.351244926452637
2014-09-02,6.328481674194336
2014-09-03,6.366422176361084
2014-09-04,6.305717945098877
2014-09-05,6.313305377960205
2014-09-08,6.4423017501831055
2014-09-09,6.275363922119141
2014-09-10,6.343657493591309
2014-09-11,6.396774768829346
2014-09-12,6.351244926452637
2014-09-15,6.495419979095459
2014-09-16,6.503007888793945
2014-09-17,6.480242729187012
2014-09-18,6.548536777496338
2014-09-19,6.556125640869141
2014-09-22,6.533359050750732
2014-09-23,6.4574785232543945
2014-09-24,6.571300029754639
2014-09-25,6.495419979095459
2014-09-26,6.533359050750732
2014-09-29,6.487832069396973
2014-09-30,6.419538497924805
2014-10-01,6.22224760055542
2014-10-02,6.290541172027588
2014-10-03,6.290541172027588
2014-10-06,6.4574785232543945
2014-10-07,6.199483871459961
2014-10-08,6.275363922119141
2014-10-09,6.108426094055176
2014-10-10,5.994604587554932
2014-10-13,5.994604587554932
2014-10-14,6.040132999420166
2014-10-15,5.895960807800293
2014-10-16,5.918724060058594
2014-10-17,6.024957180023193
2014-10-20,5.987016201019287
2014-10-21,6.199483871459961
2014-10-22,6.017369270324707
2014-10-23,6.374009609222412
2014-10-24,6.328481674194336
2014-10-27,6.351244926452637
2014-10-28,6.396774768829346
2014-10-29,6.237424373626709
2014-10-30,6.245011806488037
2014-10-31,6.275363922119141
2014-11-03,6.343657493591309
2014-11-04,6.1615424156188965
2014-11-05,6.199483871459961
2014-11-06,6.169131278991699
2014-11-07,6.078073501586914
2014-11-10,6.1615424156188965
2014-11-11,6.199483871459961
2014-11-12,6.108426094055176
2014-11-13,6.2677764892578125
2014-11-14,5.964251518249512
2014-11-17,5.820077896118164
2014-11-18,6.017369270324707
2014-11-19,5.873195648193359
2014-11-20,5.903547763824463
2014-11-21,6.047720909118652
2014-11-24,6.1615424156188965
2014-11-25,6.1615424156188965
2014-11-26,6.214658737182617
2014-11-28,6.252599716186523
2014-12-01,6.28295373916626
2014-12-02,6.290541172027588
2014-12-03,6.237424373626709
2014-12-04,6.176719665527344
2014-12-05,6.290541172027588
2014-12-08,6.245011806488037
2014-12-09,6.169131278991699
2014-12-10,6.11601448059082
2014-12-11,6.085661888122559
2014-12-12,5.9718403816223145
2014-12-15,5.873195648193359
2014-12-16,5.865606784820557
2014-12-17,5.964251518249512
2014-12-18,6.1008381843566895
2014-12-19,6.002192497253418
2014-12-22,6.040132999420166
2014-12-23,6.131190776824951
2014-12-24,6.1387786865234375
2014-12-26,6.199483871459961
2014-12-29,6.1008381843566895
2014-12-30,6.032545566558838
2014-12-31,5.964251518249512
2015-01-02,6.078073501586914
2015-01-05,5.812489986419678
2015-01-06,5.721432685852051
2015-01-07,5.73660945892334
2015-01-08,5.766962051391602
2015-01-09,5.729020595550537
2015-01-12,5.70625638961792
2015-01-13,5.6607279777526855
2015-01-14,5.842843055725098
2015-01-15,5.637963771820068
2015-01-16,5.73660945892334
2015-01-20,5.820077896118164
2015-01-21,5.850430488586426
2015-01-22,5.9718403816223145
2015-01-23,5.994604587554932
2015-01-26,6.070485591888428
2015-01-27,6.078073501586914
2015-01-28,5.987016201019287
2015-01-29,5.880783557891846
2015-01-30,5.766962051391602
2015-02-02,5.766962051391602
2015-02-03,5.9718403816223145
2015-02-04,5.8352532386779785
2015-02-05,5.933900356292725
2015-02-06,5.804902076721191
2015-02-09,5.721432685852051
2015-02-10,5.895960807800293
2015-02-11,5.949075698852539
2015-02-12,6.047720909118652
2015-02-13,6.085661888122559
2015-02-17,6.1008381843566895
2015-02-18,6.093249320983887
2015-02-19,6.093249320983887
2015-02-20,6.123602390289307
2015-02-23,6.047720909118652
2015-02-24,6.078073501586914
2015-02-25,6.085661888122559
2015-02-26,6.078073501586914
2015-02-27,6.078073501586914
2015-03-02,6.131190776824951
2015-03-03,6.11601448059082
2015-03-04,6.108426094055176
2015-03-05,6.11601448059082
2015-03-06,5.9414873123168945
2015-03-09,5.964251518249512
2015-03-10,5.789726734161377
2015-03-11,5.865606784820557
2015-03-12,5.8580193519592285
2015-03-13,5.842843055725098
2015-03-16,5.903547763824463
2015-03-17,5.820077896118164
2015-03-18,5.987016201019287
2015-03-19,5.903547763824463
2015-03-20,5.964251518249512
2015-03-23,5.979429244995117
2015-03-24,6.032545566558838
2015-03-25,5.964251518249512
2015-03-26,5.797313690185547
2015-03-27,5.842843055725098
2015-03-30,5.865606784820557
2015-03-31,5.751784801483154
2015-04-01,5.729020595550537
2015-04-02,5.804902076721191
2015-04-06,5.918724060058594
2015-04-07,5.873195648193359
2015-04-08,5.873195648193359
2015-04-09,5.865606784820557
2015-04-10,6.11601448059082
2015-04-13,6.298128604888916
2015-04-14,6.040132999420166
2015-04-15,5.949075698852539
2015-04-16,5.895960807800293
2015-04-17,5.782137870788574
2015-04-20,5.77454948425293
2015-04-21,5.949075698852539
2015-04-22,6.070485591888428
2015-04-23,5.956664085388184
2015-04-24,5.888370037078857
2015-04-27,5.804902076721191
2015-04-28,5.820077896118164
2015-04-29,5.683491230010986
2015-04-30,4.992975234985352
2015-05-01,4.932269096374512
2015-05-04,4.962623119354248
2015-05-05,4.961843967437744
2015-05-06,5.039615631103516
2015-05-07,5.226268291473389
2015-05-08,5.389590263366699
2015-05-11,5.358479976654053
2015-05-12,5.304040908813477
2015-05-13,5.342926025390625
2015-05-14,5.428475379943848
2015-05-15,5.36625862121582
2015-05-18,5.412920951843262
2015-05-19,5.428475379943848
2015-05-20,5.545133113861084
2015-05-21,5.708454608917236
2015-05-22,5.6151275634765625
2015-05-26,5.584018230438232
2015-05-27,5.716230869293213
2015-05-28,5.739563941955566
2015-05-29,5.669567584991455
2015-06-01,5.646236419677734
2015-06-02,5.700676441192627
2015-06-03,5.724008560180664
2015-06-04,5.708454608917236
2015-06-05,5.537355422973633
2015-06-08,5.560687065124512
2015-06-09,5.560687065124512
2015-06-10,5.630681991577148
2015-06-11,5.6151275634765625
2015-06-12,5.545133113861084
2015-06-15,5.451807022094727
2015-06-16,5.5529093742370605
2015-06-17,5.537355422973633
2015-06-18,5.6540141105651855
2015-06-19,5.591795921325684
2015-06-22,5.677345275878906
2015-06-23,5.700676441192627
2015-06-24,5.622904300689697
2015-06-25,5.630681991577148
2015-06-26,5.622904300689697
2015-06-29,5.374034404754639
2015-06-30,5.327371120452881
2015-07-01,5.319594383239746
2015-07-02,5.234045505523682
2015-07-06,5.039615631103516
2015-07-07,5.078503131866455
2015-07-08,4.915181636810303
2015-07-09,5.016284465789795
2015-07-10,5.210714817047119
2015-07-13,5.2184906005859375
2015-07-14,5.234045505523682
2015-07-15,5.171828269958496
2015-07-16,5.195158958435059
2015-07-17,5.280709266662598
2015-07-20,5.272932052612305
2015-07-21,5.249598979949951
2015-07-22,5.20293664932251
2015-07-23,5.226268291473389
2015-07-24,5.241823196411133
2015-07-27,5.179605007171631
2015-07-28,5.148496627807617
2015-07-29,5.125164985656738
2015-07-30,5.467361927032471
2015-07-31,5.482914924621582
2015-08-03,5.389590263366699
2015-08-04,5.342926025390625
2015-08-05,5.327371120452881
2015-08-06,5.296263694763184
2015-08-07,5.272932052612305
2015-08-10,5.342926025390625
2015-08-11,5.164050579071045
2015-08-12,5.164050579071045
2015-08-13,5.164050579071045
2015-08-14,5.140719413757324
2015-08-17,5.140719413757324
2015-08-18,5.132942199707031
2015-08-19,5.02406120300293
2015-08-20,4.845186710357666
2015-08-21,4.775191307067871
2015-08-24,4.565207004547119
2015-08-25,4.705197811126709
2015-08-26,4.8607401847839355
2015-08-27,4.915181636810303
2015-08-28,4.915181636810303
2015-08-31,4.852963924407959
2015-09-01,4.75186014175415
2015-09-02,4.837409973144531
2015-09-03,4.884072780609131
2015-09-04,4.790745735168457
2015-09-08,4.954066276550293
2015-09-09,5.000730514526367
2015-09-10,5.094056129455566
2015-09-11,5.062948703765869
2015-09-14,5.148496627807617
2015-09-15,5.132942199707031
2015-09-16,5.226268291473389
2015-09-17,5.241823196411133
2015-09-18,5.132942199707031
2015-09-21,5.148496627807617
2015-09-22,5.070724964141846
2015-09-23,5.171828269958496
2015-09-24,5.179605007171631
2015-09-25,5.1096110343933105
2015-09-28,5.02406120300293
2015-09-29,5.117387294769287
2015-09-30,5.272932052612305
2015-10-01,5.195158958435059
2015-10-02,5.374034404754639
2015-10-05,5.389590263366699
2015-10-06,5.428475379943848
2015-10-07,5.4751386642456055
2015-10-08,5.4751386642456055
2015-10-09,5.428475379943848
2015-10-12,5.374034404754639
2015-10-13,5.288486480712891
2015-10-14,5.374034404754639
2015-10-15,5.498470306396484
2015-10-16,5.459583759307861
2015-10-19,5.451807022094727
2015-10-20,5.412920951843262
2015-10-21,5.397367000579834
2015-10-22,5.444029331207275
2015-10-23,5.296263694763184
2015-10-26,5.226268291473389
2015-10-27,5.117387294769287
2015-10-28,5.164050579071045
2015-10-29,5.69290018081665
2015-10-30,5.770672798156738
2015-11-02,5.78622579574585
2015-11-03,5.895106315612793
2015-11-04,5.871775150299072
2015-11-05,5.840666770935059
2015-11-06,5.840666770935059
2015-11-09,5.77844762802124
2015-11-10,5.6151275634765625
2015-11-11,5.685122966766357
2015-11-12,5.66179084777832
2015-11-13,5.5529093742370605
2015-11-16,5.66179084777832
2015-11-17,5.638460159301758
2015-11-18,5.685122966766357
2015-11-19,5.6540141105651855
2015-11-20,5.747340202331543
2015-11-23,5.69290018081665
2015-11-24,5.646236419677734
2015-11-25,5.638460159301758
2015-11-27,5.591795921325684
2015-11-30,5.607351303100586
2015-12-01,5.7628936767578125
2015-12-02,5.78622579574585
2015-12-03,5.716230869293213
2015-12-04,5.7628936767578125
2015-12-07,5.739563941955566
2015-12-08,5.66179084777832
2015-12-09,5.498470306396484
2015-12-10,5.459583759307861
2015-12-11,5.36625862121582
2015-12-14,5.405142784118652
2015-12-15,5.412920951843262
2015-12-16,5.529579162597656
2015-12-17,5.405142784118652
2015-12-18,5.319594383239746
2015-12-21,5.514024257659912
2015-12-22,5.6151275634765625
2015-12-23,5.5529093742370605
2015-12-24,5.545133113861084
2015-12-28,5.5062479972839355
2015-12-29,5.607351303100586
2015-12-30,5.537355422973633
2015-12-31,5.459583759307861
2016-01-04,5.584018230438232
2016-01-05,5.560687065124512
2016-01-06,5.5062479972839355
2016-01-07,5.5529093742370605
2016-01-08,5.700676441192627
2016-01-11,5.770672798156738
2016-01-12,5.801779747009277
2016-01-13,5.66179084777832
2016-01-14,5.739563941955566
2016-01-15,5.568464756011963
2016-01-19,5.591795921325684
2016-01-20,5.514024257659912
2016-01-21,5.514024257659912
2016-01-22,5.646236419677734
2016-01-25,5.568464756011963
2016-01-26,5.66179084777832
2016-01-27,5.584018230438232
2016-01-28,5.521801948547363
2016-01-29,5.599573612213135
2016-02-01,4.930737018585205
2016-02-02,4.868518352508545
2016-02-03,4.9696221351623535
2016-02-04,4.852963924407959
2016-02-05,4.635202407836914
2016-02-08,4.541875839233398
2016-02-09,4.57298469543457
2016-02-10,4.526320934295654
2016-02-11,4.57298469543457
2016-02-12,4.557430267333984
2016-02-16,4.611871242523193
2016-02-17,4.75186014175415
2016-02-18,4.775191307067871
2016-02-19,4.666311740875244
2016-02-22,4.814078330993652
2016-02-23,4.7285284996032715
2016-02-24,4.744082927703857
2016-02-25,4.821855068206787
2016-02-26,4.736306190490723
2016-02-29,4.689642906188965
2016-03-01,4.775191307067871
2016-03-02,4.782968997955322
2016-03-03,4.7285284996032715
2016-03-04,4.782968997955322
2016-03-07,4.782968997955322
2016-03-08,4.596316814422607
2016-03-09,4.604093074798584
2016-03-10,4.619648456573486
2016-03-11,4.674088478088379
2016-03-14,4.705197811126709
2016-03-15,4.674088478088379
2016-03-16,4.75186014175415
2016-03-17,4.720751762390137
2016-03-18,4.7285284996032715
2016-03-21,4.689642906188965
2016-03-22,4.7129740715026855
2016-03-23,4.565207004547119
2016-03-24,4.495213508605957
2016-03-28,4.518544673919678
2016-03-29,4.5807623863220215
2016-03-30,4.689642906188965
2016-03-31,4.596316814422607
2016-04-01,4.510768413543701
2016-04-04,4.534099102020264
2016-04-05,4.464104175567627
2016-04-06,4.54965353012085
2016-04-07,4.464104175567627
2016-04-08,4.674088478088379
2016-04-11,4.596316814422607
2016-04-12,4.557430267333984
2016-04-13,4.720751762390137
2016-04-14,4.79852294921875
2016-04-15,4.759636878967285
2016-04-18,4.767414093017578
2016-04-19,4.8607401847839355
2016-04-20,4.782968997955322
2016-04-21,4.705197811126709
2016-04-22,4.7285284996032715
2016-04-25,4.604093074798584
2016-04-26,4.596316814422607
2016-04-27,4.642979145050049
2016-04-28,4.604093074798584
2016-04-29,4.565207004547119
2016-05-02,4.611871242523193
2016-05-03,4.526320934295654
2016-05-04,4.479658603668213
2016-05-05,4.425218105316162
2016-05-06,4.409663200378418
2016-05-09,4.425218105316162
2016-05-10,4.129685878753662
2016-05-11,4.106353282928467
2016-05-12,4.0285820960998535
2016-05-13,4.0285820960998535
2016-05-16,4.051914215087891
2016-05-17,3.9741415977478027
2016-05-18,4.051914215087891
2016-05-19,4.0208048820495605
2016-05-20,4.051914215087891
2016-05-23,4.059690475463867
2016-05-24,4.1685709953308105
2016-05-25,4.3396687507629395
2016-05-26,4.355224132537842
2016-05-27,4.355224132537842
2016-05-31,4.432995319366455
2016-06-01,4.409663200378418
2016-06-02,4.401886940002441
2016-06-03,4.425218105316162
2016-06-06,4.401886940002441
2016-06-07,4.432995319366455
2016-06-08,4.464104175567627
2016-06-09,4.417441368103027
2016-06-10,4.363001823425293
2016-06-13,4.401886940002441
2016-06-14,4.331892490386963
2016-06-15,4.370778560638428
2016-06-16,4.5095977783203125
2016-06-17,4.534241199493408
2016-06-20,4.567097187042236
2016-06-21,4.591739654541016
2016-06-22,4.58352518081665
2016-06-23,4.682096481323242
2016-06-24,4.279601097106934
2016-06-27,4.172815799713135
2016-06-28,4.40281343460083
2016-06-29,4.550668716430664
2016-06-30,4.673882961273193
2016-07-01,4.649240016937256
2016-07-05,4.4110283851623535
2016-07-06,4.386385440826416
2016-07-07,4.378170967102051
2016-07-08,4.476741313934326
2016-07-11,4.567097187042236
2016-07-12,4.591739654541016
2016-07-13,4.8381667137146
2016-07-14,4.871023178100586
2016-07-15,4.8628082275390625
2016-07-18,4.805309772491455
2016-07-19,4.690311431884766
2016-07-20,4.780666351318359
2016-07-21,4.780666351318359
2016-07-22,4.813523292541504
2016-07-25,4.772451877593994
2016-07-26,4.73959493637085
2016-07-27,4.813523292541504
2016-07-28,4.72316837310791
2016-07-29,4.73959493637085
2016-08-01,4.649240016937256
2016-08-02,4.608170032501221
2016-08-03,4.673882961273193
2016-08-04,4.517813682556152
2016-08-05,4.493169784545898
2016-08-08,4.526026725769043
2016-08-09,4.641026020050049
2016-08-10,4.673882961273193
2016-08-11,4.682096481323242
2016-08-12,4.714953899383545
2016-08-15,4.76423978805542
2016-08-16,4.747810363769531
2016-08-17,4.673882961273193
2016-08-18,4.72316837310791
2016-08-19,4.657453536987305
2016-08-22,4.641026020050049
2016-08-23,4.690311431884766
2016-08-24,4.72316837310791
2016-08-25,4.682096481323242
2016-08-26,4.673882961273193
2016-08-29,4.673882961273193
2016-08-30,4.714953899383545
2016-08-31,4.657453536987305
2016-09-01,4.649240016937256
2016-09-02,4.731381893157959
2016-09-06,4.714953899383545
2016-09-07,4.821737766265869
2016-09-08,4.788881778717041
2016-09-09,4.682096481323242
2016-09-12,4.665668487548828
2016-09-13,4.599954605102539
2016-09-14,4.517813682556152
2016-09-15,4.567097187042236
2016-09-16,4.493169784545898
2016-09-19,4.526026725769043
2016-09-20,4.517813682556152
2016-09-21,4.58352518081665
2016-09-22,4.714953899383545
2016-09-23,4.649240016937256
2016-09-26,4.616382598876953
2016-09-27,4.690311431884766
2016-09-28,4.714953899383545
2016-09-29,4.698525428771973
2016-09-30,4.7560248374938965
2016-10-03,4.72316837310791
2016-10-04,4.747810363769531
2016-10-05,4.690311431884766
2016-10-06,4.550668716430664
2016-10-07,4.5095977783203125
2016-10-10,4.542454719543457
2016-10-11,4.427456855773926
2016-10-12,4.181030750274658
2016-10-13,4.057816505432129
2016-10-14,4.066030502319336
2016-10-17,4.082460403442383
2016-10-18,4.123530387878418
2016-10-19,4.090673923492432
2016-10-20,4.1071014404296875
2016-10-21,4.041388988494873
2016-10-24,4.082460403442383
2016-10-25,4.082460403442383
2016-10-26,4.238530158996582
2016-10-27,3.8853182792663574
2016-10-28,3.7456774711608887
2016-10-31,3.679962635040283
2016-11-01,3.647106170654297
2016-11-02,3.647106170654297
2016-11-03,3.606034994125366
2016-11-04,3.5403215885162354
2016-11-07,3.647106170654297
2016-11-08,3.647106170654297
2016-11-09,3.655320882797241
2016-11-10,3.6881773471832275
2016-11-11,3.63067889213562
2016-11-14,3.5403215885162354
2016-11-15,3.4006805419921875
2016-11-16,3.3842525482177734
2016-11-17,3.408895254135132
2016-11-18,3.4171087741851807
2016-11-21,3.425323009490967
2016-11-22,3.4417521953582764
2016-11-23,3.4417521953582764
2016-11-25,3.556750535964966
2016-11-28,3.499250888824463
2016-11-29,3.523893356323242
2016-11-30,3.5321078300476074
2016-12-01,3.491036891937256
2016-12-02,3.4746086597442627
2016-12-05,3.704606294631958
2016-12-06,3.7538914680480957
2016-12-07,3.860675811767578
2016-12-08,3.762105941772461
2016-12-09,3.794961929321289
2016-12-12,3.8031771183013916
2016-12-13,3.8935322761535645
2016-12-14,3.860675811767578
2016-12-15,3.8771042823791504
2016-12-16,4.008533000946045
2016-12-19,4.016745567321777
2016-12-20,4.024960517883301
2016-12-21,3.909961223602295
2016-12-22,3.8771042823791504
2016-12-23,4.008533000946045
2016-12-27,4.03317403793335
2016-12-28,3.9428176879882812
2016-12-29,3.9674606323242188
2016-12-30,3.9510319232940674
2017-01-03,3.918175220489502
2017-01-04,3.9756741523742676
2017-01-05,4.024960517883301
2017-01-06,4.041388988494873
2017-01-09,3.9674606323242188
2017-01-10,3.9756741523742676
2017-01-11,3.9263904094696045
2017-01-12,3.860675811767578
2017-01-13,3.9017467498779297
2017-01-17,3.8935322761535645
2017-01-18,3.8524622917175293
2017-01-19,3.8935322761535645
2017-01-20,3.909961223602295
2017-01-23,3.844247817993164
2017-01-24,3.836033582687378
2017-01-25,3.794961929321289
2017-01-26,3.8771042823791504
2017-01-27,3.8113911151885986
2017-01-30,3.7292487621307373
2017-01-31,3.7128207683563232
2017-02-01,3.7538914680480957
2017-02-02,3.9592461585998535
2017-02-03,3.9674606323242188
2017-02-06,3.9017467498779297
2017-02-07,3.992103099822998
2017-02-08,4.008533000946045
2017-02-09,4.016745567321777
2017-02-10,4.008533000946045
2017-02-13,4.074245452880859
2017-02-14,4.082460403442383
2017-02-15,4.1071014404296875
2017-02-16,4.164602279663086
2017-02-17,4.148172855377197
2017-02-21,4.181030750274658
2017-02-22,4.189244270324707
2017-02-23,4.230315685272217
2017-02-24,4.222101211547852
2017-02-27,4.254958152770996
2017-02-28,4.222101211547852
2017-03-01,4.320671081542969
2017-03-02,4.287815093994141
2017-03-03,4.337099552154541
2017-03-06,4.337099552154541
2017-03-07,4.296029567718506
2017-03-08,4.254958152770996
2017-03-09,4.337099552154541
2017-03-10,4.4110283851623535
2017-03-13,4.40281343460083
2017-03-14,4.386385440826416
2017-03-15,4.4110283851623535
2017-03-16,4.476741313934326
2017-03-17,4.484956741333008
2017-03-20,4.550668716430664
2017-03-21,4.435670375823975
2017-03-22,4.427456855773926
2017-03-23,4.419241905212402
2017-03-24,4.4110283851623535
2017-03-27,4.484956741333008
2017-03-28,4.435670375823975
2017-03-29,4.40281343460083
2017-03-30,4.378170967102051
2017-03-31,4.452099800109863
2017-04-03,4.378170967102051
2017-04-04,4.40281343460083
2017-04-05,4.254958152770996
2017-04-06,4.296029567718506
2017-04-07,4.337099552154541
2017-04-10,4.3617424964904785
2017-04-11,4.328885555267334
2017-04-12,4.337099552154541
2017-04-13,4.287815093994141
2017-04-17,4.320671081542969
2017-04-18,4.296029567718506
2017-04-19,4.246743679046631
2017-04-20,4.328885555267334
2017-04-21,4.287815093994141
2017-04-24,4.419241905212402
2017-04-25,4.460312843322754
2017-04-26,4.4110283851623535
2017-04-27,4.698525428771973
2017-04-28,4.7067389488220215
2017-05-01,4.73959493637085
2017-05-02,4.79709529876709
2017-05-03,4.829952239990234
2017-05-04,4.953165054321289
2017-05-05,5.0763773918151855
2017-05-08,5.035306930541992
2017-05-09,5.0763773918151855
2017-05-10,5.043521881103516
2017-05-11,5.027092933654785
2017-05-12,5.068164348602295
2017-05-15,5.101020812988281
2017-05-16,5.158520698547363
2017-05-17,5.018878936767578
2017-05-18,5.018878936767578
2017-05-19,5.0763773918151855
2017-05-22,5.101020812988281
2017-05-23,5.37208890914917
2017-05-24,5.399127960205078
2017-05-25,5.407577037811279
2017-05-26,5.3906779289245605
2017-05-30,5.356881618499756
2017-05-31,5.339982986450195
2017-06-01,5.483621120452881
2017-06-02,5.5343170166015625
2017-06-05,5.525867462158203
2017-06-06,5.458272933959961
2017-06-07,5.525867462158203
2017-06-08,5.508969306945801
2017-06-09,5.407577037811279
2017-06-12,5.365330219268799
2017-06-13,5.424476623535156
2017-06-14,5.3906779289245605
2017-06-15,5.348431587219238
2017-06-16,5.407577037811279
2017-06-19,5.458272933959961
2017-06-20,5.382228374481201
2017-06-21,5.399127960205078
2017-06-22,5.3906779289245605
2017-06-23,5.399127960205078
2017-06-26,5.356881618499756
2017-06-27,5.306185245513916
2017-06-28,5.373778820037842
2017-06-29,5.213242053985596
2017-06-30,5.204792499542236
2017-07-03,5.196343421936035
2017-07-05,5.255489349365234
2017-07-06,5.187893867492676
2017-07-07,5.28083610534668
2017-07-10,5.289287090301514
2017-07-11,5.272387981414795
2017-07-12,5.356881618499756
2017-07-13,5.348431587219238
2017-07-14,5.348431587219238
2017-07-17,5.331533432006836
2017-07-18,5.187893867492676
2017-07-19,5.255489349365234
2017-07-20,5.289287090301514
2017-07-21,5.238590717315674
2017-07-24,5.263937950134277
2017-07-25,5.204792499542236
2017-07-26,5.213242053985596
2017-07-27,5.382228374481201
2017-07-28,5.407577037811279
2017-07-31,5.399127960205078
2017-08-01,5.525867462158203
2017-08-02,5.508969306945801
2017-08-03,5.525867462158203
2017-08-04,5.508969306945801
2017-08-07,5.49207067489624
2017-08-08,5.4413743019104
2017-08-09,5.373778820037842
2017-08-10,5.28083610534668
2017-08-11,5.289287090301514
2017-08-14,5.348431587219238
2017-08-15,5.348431587219238
2017-08-16,5.373778820037842
2017-08-17,5.28083610534668
2017-08-18,5.2301411628723145
2017-08-21,5.196343421936035
2017-08-22,5.263937950134277
2017-08-23,5.28083610534668
2017-08-24,5.204792499542236
2017-08-25,5.247039794921875
2017-08-28,5.247039794921875
2017-08-29,5.238590717315674
2017-08-30,5.221690654754639
2017-08-31,5.221690654754639
2017-09-01,5.255489349365234
2017-09-05,5.154097080230713
2017-09-06,5.204792499542236
2017-09-07,5.2301411628723145
2017-09-08,5.061153411865234
2017-09-11,5.137197971343994
2017-09-12,5.1456475257873535
2017-09-13,5.086502552032471
2017-09-14,5.0780534744262695
2017-09-15,5.204792499542236
2017-09-18,5.247039794921875
2017-09-19,5.255489349365234
2017-09-20,5.221690654754639
2017-09-21,5.111850738525391
2017-09-22,5.06960391998291
2017-09-25,5.010458946228027
2017-09-26,5.002008438110352
2017-09-27,4.968211650848389
2017-09-28,4.985109329223633
2017-09-29,5.05270528793335
2017-10-02,5.05270528793335
2017-10-03,5.044255256652832
2017-10-04,5.002008438110352
2017-10-05,5.010458946228027
2017-10-06,4.993560791015625
2017-10-09,5.002008438110352
2017-10-10,5.002008438110352
2017-10-11,4.968211650848389
2017-10-12,4.925965785980225
2017-10-13,5.010458946228027
2017-10-16,4.959761142730713
2017-10-17,4.925965785980225
2017-10-18,4.951312065124512
2017-10-19,4.917514801025391
2017-10-20,5.137197971343994
2017-10-23,5.094951629638672
2017-10-24,5.061153411865234
2017-10-25,5.111850738525391
2017-10-26,4.021885871887207
2017-10-27,4.148625373840332
2017-10-30,4.0725812911987305
2017-10-31,4.1317267417907715
2017-11-01,4.173973560333252
2017-11-02,4.250016689300537
2017-11-03,4.199321746826172
2017-11-06,4.300713539123535
2017-11-07,4.266916275024414
2017-11-08,4.266916275024414
2017-11-09,4.1908721923828125
2017-11-10,4.148625373840332
2017-11-13,4.106378555297852
2017-11-14,4.081031322479248
2017-11-15,4.089479923248291
2017-11-16,4.15707540512085
2017-11-17,4.173973560333252
2017-11-20,4.233119010925293
2017-11-21,4.266916275024414
2017-11-22,4.266916275024414
2017-11-24,4.292263507843018
2017-11-27,4.233119010925293
2017-11-28,4.266916275024414
2017-11-29,4.241568565368652
2017-11-30,4.233119010925293
2017-12-01,4.182422637939453
2017-12-04,4.00498628616333
2017-12-05,3.971189260482788
2017-12-06,3.9880876541137695
2017-12-07,3.9120442867279053
2017-12-08,3.9204933643341064
2017-12-11,3.869798183441162
2017-12-12,3.844449758529663
2017-12-13,3.9542906284332275
2017-12-14,3.8951454162597656
2017-12-15,3.8951454162597656
2017-12-18,3.962740182876587
2017-12-19,3.945841073989868
2017-12-20,3.9035940170288086
2017-12-21,4.0472331047058105
2017-12-22,4.038784503936768
2017-12-26,4.038784503936768
2017-12-27,3.996537685394287
2017-12-28,3.9796388149261475
2017-12-29,3.937392473220825
2018-01-02,4.021885871887207
2018-01-03,4.081031322479248
2018-01-04,4.1317267417907715
2018-01-05,4.15707540512085
2018-01-08,4.123278617858887
2018-01-09,4.140176773071289
2018-01-10,4.097929000854492
2018-01-11,4.0725812911987305
2018-01-12,4.1148271560668945
2018-01-16,4.1908721923828125
2018-01-17,4.182422637939453
2018-01-18,4.089479923248291
2018-01-19,4.089479923248291
2018-01-22,4.140176773071289
2018-01-23,4.15707540512085
2018-01-24,4.148625373840332
2018-01-25,4.05568265914917
2018-01-26,4.064131736755371
2018-01-29,4.1908721923828125
2018-01-30,4.1908721923828125
2018-01-31,4.064131736755371
2018-02-01,4.562643051147461
2018-02-02,4.562643051147461
2018-02-05,4.495048999786377
2018-02-06,4.6555867195129395
2018-02-07,4.6555867195129395
2018-02-08,4.528844356536865
2018-02-09,4.562643051147461
2018-02-12,4.6555867195129395
2018-02-13,4.6555867195129395
2018-02-14,4.773876190185547
2018-02-15,4.8414716720581055
2018-02-16,4.866818904876709
2018-02-20,4.8414716720581055
2018-02-21,4.807673931121826
2018-02-22,4.824573516845703
2018-02-23,4.900617599487305
2018-02-26,5.010458946228027
2018-02-27,4.959761142730713
2018-02-28,4.900617599487305
2018-03-01,4.866818904876709
2018-03-02,4.875268459320068
2018-03-05,4.942863464355469
2018-03-06,4.917514801025391
2018-03-07,4.968211650848389
2018-03-08,4.959761142730713
2018-03-09,4.97666072845459
2018-03-12,5.010458946228027
2018-03-13,4.951312065124512
2018-03-14,4.917514801025391
2018-03-15,4.866818904876709
2018-03-16,4.8414716720581055
2018-03-19,4.833022117614746
2018-03-20,4.858370780944824
2018-03-21,4.824573516845703
2018-03-22,4.647137641906738
2018-03-23,4.613338947296143
2018-03-26,4.680933475494385
2018-03-27,4.596439838409424
2018-03-28,4.587990760803223
2018-03-29,4.621788501739502
2018-04-02,4.55419397354126
2018-04-03,4.579542636871338
2018-04-04,4.587990760803223
2018-04-05,4.57109260559082
2018-04-06,4.55419397354126
2018-04-09,4.57109260559082
2018-04-10,4.664034843444824
2018-04-11,4.706282615661621
2018-04-12,4.697831630706787
2018-04-13,4.664034843444824
2018-04-16,4.740079879760742
2018-04-17,4.951312065124512
2018-04-18,4.942863464355469
2018-04-19,4.925965785980225
2018-04-20,5.035806179046631
2018-04-23,4.97666072845459
2018-04-24,5.010458946228027
2018-04-25,5.002008438110352
2018-04-26,4.959761142730713
2018-04-27,5.035806179046631
2018-04-30,5.0780534744262695
2018-05-01,5.010458946228027
2018-05-02,4.883718490600586
2018-05-03,4.97666072845459
2018-05-04,5.154097080230713
2018-05-07,5.2301411628723145
2018-05-08,5.297735691070557
2018-05-09,5.365330219268799
2018-05-10,5.365330219268799
2018-05-11,5.3906779289245605
2018-05-14,5.323083400726318
2018-05-15,5.289287090301514
2018-05-16,5.272387981414795
2018-05-17,5.2301411628723145
2018-05-18,5.238590717315674
2018-05-21,5.272387981414795
2018-05-22,5.238590717315674
2018-05-23,5.1456475257873535
2018-05-24,5.1456475257873535
2018-05-25,5.187893867492676
2018-05-29,5.027355194091797
2018-05-30,5.044255256652832
2018-05-31,5.09351921081543
2018-06-01,5.146300792694092
2018-06-04,5.216678619384766
2018-06-05,5.190286636352539
2018-06-06,5.181490421295166
2018-06-07,5.137504577636719
2018-06-08,5.137504577636719
2018-06-11,5.190286636352539
2018-06-12,5.216678619384766
2018-06-13,5.348635673522949
2018-06-14,5.375026226043701
2018-06-15,5.383823394775391
2018-06-18,5.331039905548096
2018-06-19,5.243070602416992
2018-06-20,5.251866340637207
2018-06-21,5.199084758758545
2018-06-22,5.23427152633667
2018-06-25,5.1287078857421875
2018-06-26,5.1287078857421875
2018-06-27,5.040737152099609
2018-06-28,5.023143291473389
2018-06-29,5.058331489562988
2018-07-02,4.9703593254089355
2018-07-03,4.996750831604004
2018-07-05,5.040737152099609
2018-07-06,5.0671281814575195
2018-07-09,5.146300792694092
2018-07-10,5.23427152633667
2018-07-11,5.137504577636719
2018-07-12,5.190286636352539
2018-07-13,5.11111307144165
2018-07-16,5.172693252563477
2018-07-17,5.11111307144165
2018-07-18,5.313446044921875
2018-07-19,5.243070602416992
2018-07-20,5.251866340637207
2018-07-23,5.225474834442139
2018-07-24,5.190286636352539
2018-07-25,5.260664463043213
2018-07-26,4.882390022277832
2018-07-27,4.75043249130249
2018-07-30,4.838404178619385
2018-07-31,4.75043249130249
2018-08-01,4.776824474334717
2018-08-02,4.724041938781738
2018-08-03,4.715243816375732
2018-08-06,4.680056571960449
2018-08-07,4.741634845733643
2018-08-08,4.741634845733643
2018-08-09,4.715243816375732
2018-08-10,4.59208345413208
2018-08-13,4.5656938552856445
2018-08-14,4.574491024017334
2018-08-15,4.47772216796875
2018-08-16,4.5305047035217285
2018-08-17,4.600882053375244
2018-08-20,4.618475437164307
2018-08-21,4.715243816375732
2018-08-22,4.759228706359863
2018-08-23,4.776824474334717
2018-08-24,4.908779621124268
2018-08-27,5.023143291473389
2018-08-28,5.040737152099609
2018-08-29,5.023143291473389
2018-08-30,4.943968772888184
2018-08-31,4.882390022277832
2018-09-04,4.847200393676758
2018-09-05,4.75043249130249
2018-09-06,4.741634845733643
2018-09-07,4.680056571960449
2018-09-10,4.741634845733643
2018-09-11,4.715243816375732
2018-09-12,4.671258926391602
2018-09-13,4.81201171875
2018-09-14,4.838404178619385
2018-09-17,4.838404178619385
2018-09-18,4.943968772888184
2018-09-19,4.803215026855469
2018-09-20,4.855997562408447
2018-09-21,4.917576789855957
2018-09-24,4.882390022277832
2018-09-25,4.926374912261963
2018-09-26,4.864795207977295
2018-09-27,5.00554895401001
2018-09-28,4.908779621124268
2018-10-01,4.935171604156494
2018-10-02,4.820809364318848
2018-10-03,4.81201171875
2018-10-04,4.820809364318848
2018-10-05,4.732838153839111
2018-10-08,4.680056571960449
2018-10-09,4.662461280822754
2018-10-10,4.539302349090576
2018-10-11,4.5305047035217285
2018-10-12,4.618475437164307
2018-10-15,4.653663635253906
2018-10-16,4.794417381286621
2018-10-17,4.855997562408447
2018-10-18,4.882390022277832
2018-10-19,4.943968772888184
2018-10-22,4.952765464782715
2018-10-23,4.882390022277832
2018-10-24,4.627273082733154
2018-10-25,4.680056571960449
2018-10-26,4.908779621124268
2018-10-29,4.882390022277832
2018-10-30,4.952765464782715
2018-10-31,4.943968772888184
2018-11-01,5.084722518920898
2018-11-02,5.1023173332214355
2018-11-05,5.155099391937256
2018-11-06,5.155099391937256
2018-11-07,5.260664463043213
2018-11-08,5.216678619384766
2018-11-09,5.163896083831787
2018-11-12,5.058331489562988
2018-11-13,5.146300792694092
2018-11-14,5.09351921081543
2018-11-15,5.0671281814575195
2018-11-16,5.11111307144165
2018-11-19,5.031938552856445
2018-11-20,4.847200393676758
2018-11-21,4.864795207977295
2018-11-23,4.829605579376221
2018-11-26,4.838404178619385
2018-11-27,4.81201171875
2018-11-28,4.820809364318848
2018-11-29,4.855997562408447
2018-11-30,4.81201171875
2018-12-03,4.926374912261963
2018-12-04,4.75043249130249
2018-12-06,4.943968772888184
2018-12-07,4.864795207977295
2018-12-10,4.996750831604004
2018-12-11,5.137504577636719
2018-12-12,5.313446044921875
2018-12-13,5.304649829864502
2018-12-14,5.225474834442139
2018-12-17,5.163896083831787
2018-12-18,5.084722518920898
2018-12-19,5.075924396514893
2018-12-20,5.0671281814575195
2018-12-21,4.829605579376221
2018-12-24,4.829605579376221
2018-12-26,4.891185283660889
2018-12-27,4.952765464782715
2018-12-28,5.11111307144165
2018-12-31,5.11991024017334
2019-01-02,5.049532890319824
2019-01-03,4.899984359741211
2019-01-04,5.216678619384766
2019-01-07,5.295853614807129
2019-01-08,5.410214424133301
2019-01-09,5.462997913360596
2019-01-10,5.401418209075928
2019-01-11,5.348635673522949
2019-01-14,5.295853614807129
2019-01-15,5.322244644165039
2019-01-16,5.23427152633667
2019-01-17,5.260664463043213
2019-01-18,5.375026226043701
2019-01-22,5.251866340637207
2019-01-23,5.322244644165039
2019-01-24,5.41901159286499
2019-01-25,5.806085109710693
2019-01-28,5.709315776824951
2019-01-29,5.76209831237793
2019-01-30,5.779693126678467
2019-01-31,5.586157321929932
2019-02-01,5.392620086669922
2019-02-04,5.331039905548096
2019-02-05,5.313446044921875
2019-02-06,5.322244644165039
2019-02-07,5.243070602416992
2019-02-08,5.41901159286499
2019-02-11,5.462997913360596
2019-02-12,5.489388465881348
2019-02-13,5.559765815734863
2019-02-14,5.542171001434326
2019-02-15,5.559765815734863
2019-02-19,5.42780876159668
2019-02-20,5.366229057312012
2019-02-21,5.410214424133301
2019-02-22,5.489388465881348
2019-02-25,5.410214424133301
2019-02-26,5.383823394775391
2019-02-27,5.383823394775391
2019-02-28,5.357432842254639
2019-03-01,5.375026226043701
2019-03-04,5.348635673522949
2019-03-05,5.41901159286499
2019-03-06,5.366229057312012
2019-03-07,5.304649829864502
2019-03-08,5.339837551116943
2019-03-11,5.401418209075928
2019-03-12,5.454200267791748
2019-03-13,5.401418209075928
2019-03-14,5.471794605255127
2019-03-15,5.621345520019531
2019-03-18,5.568561553955078
2019-03-19,5.586157321929932
2019-03-20,5.533373832702637
2019-03-21,5.506983280181885
2019-03-22,5.172693252563477
2019-03-25,5.163896083831787
2019-03-26,5.11991024017334
2019-03-27,5.11991024017334
2019-03-28,5.00554895401001
2019-03-29,5.031938552856445
2019-04-01,5.075924396514893
2019-04-02,5.11111307144165
2019-04-03,5.190286636352539
2019-04-04,5.190286636352539
2019-04-05,5.207881450653076
2019-04-08,5.243070602416992
2019-04-09,5.155099391937256
2019-04-10,5.146300792694092
2019-04-11,5.163896083831787
2019-04-12,5.225474834442139
2019-04-15,4.961563587188721
2019-04-16,4.996750831604004
2019-04-17,5.11991024017334
2019-04-18,5.11111307144165
2019-04-22,5.11111307144165
2019-04-23,5.1023173332214355
2019-04-24,5.09351921081543
2019-04-25,4.662461280822754
2019-04-26,4.715243816375732
2019-04-29,4.680056571960449
2019-04-30,4.644866943359375
2019-05-01,4.59208345413208
2019-05-02,4.5656938552856445
2019-05-03,4.556896686553955
2019-05-06,4.521707534790039
2019-05-07,4.433736801147461
2019-05-08,4.380954265594482
2019-05-09,4.354562282562256
2019-05-10,4.336968898773193
2019-05-13,4.240200519561768
2019-05-14,4.196215629577637
2019-05-15,4.196215629577637
2019-05-16,4.3633599281311035
2019-05-17,4.345766544342041
2019-05-20,4.468924045562744
2019-05-21,4.486520290374756
2019-05-22,4.563013553619385
2019-05-23,4.420698165893555
2019-05-24,4.55411958694458
2019-05-28,4.456278324127197
2019-05-29,4.482961177825928
2019-05-30,4.527435302734375
2019-05-31,4.491856575012207
2019-06-03,4.438487529754639
2019-06-04,4.474066734313965
2019-06-05,4.491856575012207
2019-06-06,4.465171813964844
2019-06-07,4.518539905548096
2019-06-10,4.429592609405518
2019-06-11,4.589698791503906
2019-06-12,4.536330699920654
2019-06-13,4.518539905548096
2019-06-14,4.402907848358154
2019-06-17,4.420698165893555
2019-06-18,4.456278324127197
2019-06-19,4.482961177825928
2019-06-20,4.598593235015869
2019-06-21,4.589698791503906
2019-06-24,4.482961177825928
2019-06-25,4.438487529754639
2019-06-26,4.465171813964844
2019-06-27,4.420698165893555
2019-06-28,4.456278324127197
2019-07-01,4.474066734313965
2019-07-02,4.50075101852417
2019-07-03,4.55411958694458
2019-07-05,4.50075101852417
2019-07-08,4.482961177825928
2019-07-09,4.474066734313965
2019-07-10,4.50075101852417
2019-07-11,4.50075101852417
2019-07-12,4.536330699920654
2019-07-15,4.536330699920654
2019-07-16,4.55411958694458
2019-07-17,4.589698791503906
2019-07-18,4.571908950805664
2019-07-19,4.571908950805664
2019-07-22,4.55411958694458
2019-07-23,4.598593235015869
2019-07-24,4.607488632202148
2019-07-25,5.070015907287598
2019-07-26,5.087804317474365
2019-07-29,5.075229644775391
2019-07-30,4.913539886474609
2019-07-31,4.859643936157227
2019-08-01,4.823713779449463
2019-08-02,4.8506622314453125
2019-08-05,4.751852989196777
2019-08-06,4.80574893951416
2019-08-07,4.778800964355469
2019-08-08,4.8506622314453125
2019-08-09,4.859643936157227
2019-08-12,4.769816875457764
2019-08-13,4.787782669067383
2019-08-14,4.599146366119385
2019-08-15,4.545250415802002
2019-08-16,4.644059658050537
2019-08-19,4.697956562042236
2019-08-20,4.626094818115234
2019-08-21,4.644059658050537
2019-08-22,4.554232120513916
2019-08-23,4.500337600708008
2019-08-26,4.491353511810303
2019-08-27,4.43745756149292
2019-08-28,4.392542839050293
2019-08-29,4.419491767883301
2019-08-30,4.455422401428223
2019-09-03,4.37457799911499
2019-09-04,4.410508155822754
2019-09-05,4.464405536651611
2019-09-06,4.500337600708008
2019-09-09,4.509319305419922
2019-09-10,4.581181049346924
2019-09-11,4.581181049346924
2019-09-12,4.706938743591309
2019-09-13,4.653042316436768
2019-09-16,4.599146366119385
2019-09-17,4.626094818115234
2019-09-18,4.6171112060546875
2019-09-19,4.626094818115234
2019-09-20,4.751852989196777
2019-09-23,4.653042316436768
2019-09-24,4.581181049346924
2019-09-25,4.554232120513916
2019-09-26,4.4823713302612305
2019-09-27,4.527284145355225
2019-09-30,4.545250415802002
2019-10-01,4.410508155822754
2019-10-02,4.329664707183838
2019-10-03,4.347630023956299
2019-10-04,4.392542839050293
2019-10-07,4.410508155822754
2019-10-08,4.401525974273682
2019-10-09,4.410508155822754
2019-10-10,4.43745756149292
2019-10-11,4.509319305419922
2019-10-14,4.446439743041992
2019-10-15,4.500337600708008
2019-10-16,4.572198390960693
2019-10-17,4.697956562042236
2019-10-18,4.6710076332092285
2019-10-21,4.6710076332092285
2019-10-22,4.653042316436768
2019-10-23,4.590163707733154
2019-10-24,3.50325608253479
2019-10-25,3.395463466644287
2019-10-28,3.2247915267944336
2019-10-29,3.188861131668091
2019-10-30,3.2786881923675537
2019-10-31,3.2786881923675537
2019-11-01,3.2876710891723633
2019-11-04,3.242757558822632
2019-11-05,3.1798787117004395
2019-11-06,3.2247915267944336
2019-11-07,3.2068262100219727
2019-11-08,3.2068262100219727
2019-11-11,3.170895576477051
2019-11-12,3.1529300212860107
2019-11-13,3.116999387741089
2019-11-14,3.027172565460205
2019-11-15,3.099034309387207
2019-11-18,3.099034309387207
2019-11-19,3.081068515777588
2019-11-20,3.009207248687744
2019-11-21,3.0361552238464355
2019-11-22,3.081068515777588
2019-11-25,3.116999387741089
2019-11-26,3.081068515777588
2019-11-27,3.1080169677734375
2019-11-29,3.143947124481201
2019-12-02,3.1080169677734375
2019-12-03,3.116999387741089
2019-12-04,3.099034309387207
2019-12-05,3.1259820461273193
2019-12-06,3.1259820461273193
2019-12-09,3.072085380554199
2019-12-10,3.072085380554199
2019-12-11,3.116999387741089
2019-12-12,3.2068262100219727
2019-12-13,3.1619133949279785
2019-12-16,3.2247915267944336
2019-12-17,3.2337749004364014
2019-12-18,3.2337749004364014
2019-12-19,3.2247915267944336
2019-12-20,3.242757558822632
2019-12-23,3.2697055339813232
2019-12-24,3.2607228755950928
2019-12-26,3.251739740371704
2019-12-27,3.2607228755950928
2019-12-30,3.3146190643310547
2019-12-31,3.3325846195220947
2020-01-02,3.4763076305389404
2020-01-03,3.4224114418029785
2020-01-06,3.539186716079712
2020-01-07,3.5481696128845215
2020-01-08,3.611048698425293
2020-01-09,3.6020660400390625
2020-01-10,3.611048698425293
2020-01-13,3.646979331970215
2020-01-14,3.6020660400390625
2020-01-15,3.646979331970215
2020-01-16,3.7727367877960205
2020-01-17,3.7188408374786377
2020-01-21,3.7098581790924072
2020-01-22,3.6739275455474854
2020-01-23,3.646979331970215
2020-01-24,3.6379964351654053
2020-01-27,3.539186716079712
2020-01-28,3.611048698425293
2020-01-29,3.5122387409210205
2020-01-30,3.5571517944335938
2020-01-31,3.48529052734375
2020-02-03,3.48529052734375
2020-02-04,3.5571517944335938
2020-02-05,3.6200313568115234
2020-02-06,3.7727367877960205
2020-02-07,3.925443172454834
2020-02-10,3.8266327381134033
2020-02-11,3.961374282836914
2020-02-12,3.961374282836914
2020-02-13,3.8984951972961426
2020-02-14,3.889512300491333
2020-02-18,3.81765079498291
2020-02-19,3.7727367877960205
2020-02-20,3.7368061542510986
2020-02-21,3.7368061542510986
2020-02-24,3.611048698425293
2020-02-25,3.5122387409210205
2020-02-26,3.7278237342834473
2020-02-27,3.5571517944335938
2020-02-28,3.4763076305389404
2020-03-02,3.5302038192749023
2020-03-03,3.4044456481933594
2020-03-04,3.467325210571289
2020-03-05,3.2876710891723633
2020-03-06,3.2068262100219727
2020-03-09,2.973276138305664
2020-03-10,2.9822587966918945
2020-03-11,2.8115875720977783
2020-03-12,2.3444862365722656
2020-03-13,2.461261749267578
2020-03-16,2.1738150119781494
2020-03-17,2.272625207901001
2020-03-18,2.18279767036438
2020-03-19,2.2995731830596924
2020-03-20,2.3894004821777344
2020-03-23,2.3804171085357666
2020-03-24,2.640915632247925
2020-03-25,2.7576911449432373
2020-03-26,2.8295528888702393
2020-03-27,2.7037951946258545
2020-03-30,2.7397258281707764
2020-03-31,2.784639358520508
2020-04-01,2.6678638458251953
2020-04-02,2.730743408203125
2020-04-03,2.6678638458251953
2020-04-06,2.8385353088378906
2020-04-07,2.8385353088378906
2020-04-08,2.9103970527648926
2020-04-09,2.937345027923584
2020-04-13,2.919379472732544
2020-04-14,3.027172565460205
2020-04-15,2.901414632797241
2020-04-16,3.1080169677734375
2020-04-17,3.1259820461273193
2020-04-20,3.0900511741638184
2020-04-21,3.0181894302368164
2020-04-22,3.0361552238464355
2020-04-23,3.045137882232666
2020-04-24,3.045137882232666
2020-04-27,3.1080169677734375
2020-04-28,3.063102960586548
2020-04-29,3.1529300212860107
2020-04-30,3.2158098220825195
2020-05-01,3.2337749004364014
2020-05-04,3.188861131668091
2020-05-05,3.1080169677734375
2020-05-06,3.1080169677734375
2020-05-07,3.188861131668091
2020-05-08,3.2158098220825195
2020-05-11,3.2068262100219727
2020-05-12,3.2068262100219727
2020-05-13,3.0900511741638184
2020-05-14,3.072085380554199
2020-05-15,3.099034309387207
2020-05-18,3.2786881923675537
2020-05-19,3.3146190643310547
2020-05-20,3.431394100189209
2020-05-21,3.3864803314208984
2020-05-22,3.4583423137664795
2020-05-26,3.4583423137664795
2020-05-27,3.5122387409210205
2020-05-28,3.521221160888672
2020-05-29,3.5481696128845215
2020-06-01,3.7727367877960205
2020-06-02,3.871546506881714
2020-06-03,3.925443172454834
2020-06-04,3.844599485397339
2020-06-05,4.006287097930908
2020-06-08,4.060184001922607
2020-06-09,3.9703569412231445
2020-06-10,3.9973044395446777
2020-06-11,3.691892623901367
2020-06-12,3.7727367877960205
2020-06-15,3.844599485397339
2020-06-16,3.8984951972961426
2020-06-17,3.961374282836914
2020-06-18,3.925443172454834
2020-06-19,3.889512300491333
2020-06-22,3.889512300491333
2020-06-23,3.889512300491333
2020-06-24,3.7727367877960205
2020-06-25,3.9973044395446777
2020-06-26,3.8984951972961426
2020-06-29,3.907477378845215
2020-06-30,3.9523911476135254
2020-07-01,3.907477378845215
2020-07-02,3.9883217811584473
2020-07-06,4.132045745849609
2020-07-07,3.871546506881714
2020-07-08,3.7278237342834473
2020-07-09,3.745789051055908
2020-07-10,3.7008752822875977
2020-07-13,3.7547712326049805
2020-07-14,3.880530595779419
2020-07-15,3.889512300491333
2020-07-16,3.8086676597595215
2020-07-17,3.9434080123901367
2020-07-20,3.9973044395446777
2020-07-21,3.9793386459350586
2020-07-22,4.0422186851501465
2020-07-23,3.925443172454834
2020-07-24,3.8625643253326416
2020-07-27,3.8984951972961426
2020-07-28,3.844599485397339
2020-07-29,3.8984951972961426
2020-07-30,3.9973044395446777
2020-07-31,4.293734550476074
2020-08-03,4.545250415802002
2020-08-04,4.581181049346924
2020-08-05,4.491353511810303
2020-08-06,4.491353511810303
2020-08-07,4.473388195037842
2020-08-10,4.410508155822754
2020-08-11,4.455422401428223
2020-08-12,4.536267280578613
2020-08-13,4.545250415802002
2020-08-14,4.491353511810303
2020-08-17,4.554232120513916
2020-08-18,4.572198390960693
2020-08-19,4.527284145355225
2020-08-20,4.536267280578613
2020-08-21,4.464405536651611
2020-08-24,4.518301010131836
2020-08-25,4.527284145355225
2020-08-26,4.536267280578613
2020-08-27,4.500337600708008
2020-08-28,4.464405536651611
2020-08-31,4.401525974273682
2020-09-01,4.248820781707764
2020-09-02,4.293734550476074
2020-09-03,4.06916618347168
2020-09-04,4.024251461029053
2020-09-08,3.6829099655151367
2020-09-09,3.7188408374786377
2020-09-10,3.6829099655151367
2020-09-11,3.6829099655151367
2020-09-14,3.6739275455474854
2020-09-15,3.7368061542510986
2020-09-16,3.7098581790924072
2020-09-17,3.7188408374786377
2020-09-18,3.6739275455474854
2020-09-21,3.5571517944335938
2020-09-22,3.5751171112060547
2020-09-23,3.48529052734375
2020-09-24,3.449359655380249
2020-09-25,3.395463466644287
2020-09-28,3.50325608253479
2020-09-29,3.5481696128845215
2020-09-30,3.5122387409210205
2020-10-01,3.4763076305389404
2020-10-02,3.431394100189209
2020-10-05,3.5302038192749023
2020-10-06,3.5122387409210205
2020-10-07,3.50325608253479
2020-10-08,3.5481696128845215
2020-10-09,3.6200313568115234
2020-10-12,3.6200313568115234
2020-10-13,3.6290135383605957
2020-10-14,3.6649444103240967
2020-10-15,3.6290135383605957
2020-10-16,3.6200313568115234
2020-10-19,3.7547712326049805
2020-10-20,3.7727367877960205
2020-10-21,3.844599485397339
2020-10-22,3.835615873336792
2020-10-23,3.8625643253326416
2020-10-26,3.799685001373291
2020-10-27,3.8086676597595215
2020-10-28,3.6379964351654053
2020-10-29,3.009207248687744
2020-10-30,3.027172565460205
2020-11-02,2.937345027923584
2020-11-03,3.045137882232666
2020-11-04,3.0541207790374756
2020-11-05,3.1798787117004395
2020-11-06,3.1619133949279785
2020-11-09,3.2786881923675537
2020-11-10,3.2966537475585938
2020-11-11,3.3685154914855957
2020-11-12,3.3685154914855957
2020-11-13,3.4224114418029785
2020-11-16,3.50325608253479
2020-11-17,3.5302038192749023
2020-11-18,3.539186716079712
2020-11-19,3.4942734241485596
2020-11-20,3.5481696128845215
2020-11-23,3.566134452819824
2020-11-24,3.655961751937866
2020-11-25,3.7098581790924072
2020-11-27,3.7098581790924072
2020-11-30,3.6200313568115234
2020-12-01,3.646979331970215
2020-12-02,3.646979331970215
2020-12-03,3.611048698425293
2020-12-04,3.6200313568115234
2020-12-07,3.646979331970215
2020-12-08,3.7907023429870605
2020-12-09,3.7637548446655273
2020-12-10,3.7727367877960205
2020-12-11,3.646979331970215
2020-12-14,3.593082904815674
2020-12-15,3.6829099655151367
2020-12-16,3.5841000080108643
2020-12-17,3.646979331970215
2020-12-18,3.593082904815674
2020-12-21,3.50325608253479
2020-12-22,3.48529052734375
2020-12-23,3.48529052734375
2020-12-24,3.4942734241485596
2020-12-28,3.50325608253479
2020-12-29,3.5302038192749023
2020-12-30,3.4942734241485596
2020-12-31,3.5122387409210205
2021-01-04,3.4942734241485596
2021-01-05,3.6290135383605957
2021-01-06,3.6290135383605957
2021-01-07,3.5841000080108643
2021-01-08,3.5302038192749023
2021-01-11,3.4763076305389404
2021-01-12,3.6020660400390625
2021-01-13,3.5751171112060547
2021-01-14,3.6739275455474854
2021-01-15,3.6649444103240967
2021-01-19,3.7098581790924072
2021-01-20,3.7727367877960205
2021-01-21,3.7907023429870605
2021-01-22,3.7727367877960205
2021-01-25,4.356612205505371
2021-01-26,4.248820781707764
2021-01-27,5.883672714233398
2021-01-28,4.212890148162842
2021-01-29,4.096114158630371
2021-02-01,4.392542839050293
2021-02-02,4.06916618347168
2021-02-03,4.221872806549072
2021-02-04,3.925443172454834
2021-02-05,3.7907023429870605
2021-02-08,3.8266327381134033
2021-02-09,3.7637548446655273
2021-02-10,3.745789051055908
2021-02-11,3.6829099655151367
2021-02-12,3.745789051055908
2021-02-16,3.7098581790924072
2021-02-17,3.691892623901367
2021-02-18,3.7008752822875977
2021-02-19,3.655961751937866
2021-02-22,3.5571517944335938
2021-02-23,3.5481696128845215
2021-02-24,3.6290135383605957
2021-02-25,3.6379964351654053
2021-02-26,3.521221160888672
2021-03-01,3.6290135383605957
2021-03-02,3.6290135383605957
2021-03-03,3.5751171112060547
2021-03-04,3.431394100189209
2021-03-05,3.48529052734375
2021-03-08,3.4763076305389404
2021-03-09,3.5571517944335938
2021-03-10,3.5571517944335938
2021-03-11,3.6829099655151367
2021-03-12,3.7907023429870605
2021-03-15,3.8625643253326416
2021-03-16,3.8086676597595215
2021-03-17,3.844599485397339
2021-03-18,3.5122387409210205
2021-03-19,3.611048698425293
2021-03-22,3.646979331970215
2021-03-23,3.5751171112060547
2021-03-24,3.521221160888672
2021-03-25,3.566134452819824
2021-03-26,3.646979331970215
2021-03-29,3.611048698425293
2021-03-30,3.5841000080108643
2021-03-31,3.5571517944335938
2021-04-01,3.593082904815674
2021-04-05,3.6379964351654053
2021-04-06,3.593082904815674
2021-04-07,3.6379964351654053
2021-04-08,3.646979331970215
2021-04-09,3.7098581790924072
2021-04-12,3.655961751937866
2021-04-13,3.7098581790924072
2021-04-14,3.7098581790924072
2021-04-15,3.7098581790924072
2021-04-16,3.7547712326049805
2021-04-19,3.745789051055908
2021-04-20,3.7278237342834473
2021-04-21,3.781719446182251
2021-04-22,3.7368061542510986
2021-04-23,3.7727367877960205
2021-04-26,3.7727367877960205
2021-04-27,3.7907023429870605
2021-04-28,3.7727367877960205
2021-04-29,4.194924354553223
2021-04-30,4.203907012939453
2021-05-03,4.410508155822754
2021-05-04,4.221872806549072
2021-05-05,4.311699390411377
2021-05-06,4.37457799911499
2021-05-07,4.581181049346924
2021-05-10,4.473388195037842
2021-05-11,4.4284749031066895
2021-05-12,4.230855464935303
2021-05-13,4.266786098480225
2021-05-14,4.401525974273682
2021-05-17,4.410508155822754
2021-05-18,4.473388195037842
2021-05-19,4.43745756149292
2021-05-20,4.626094818115234
2021-05-21,4.536267280578613
2021-05-24,4.509319305419922
2021-05-25,4.491353511810303
2021-05-26,4.446439743041992
2021-05-27,4.554232120513916
2021-05-28,4.635077476501465
2021-06-01,4.662024974822998
2021-06-02,4.895575046539307
2021-06-03,4.922523498535156
2021-06-04,4.922523498535156
2021-06-07,5.039299488067627
2021-06-08,5.012349605560303
2021-06-09,4.93150520324707
2021-06-10,4.886591911315918
2021-06-11,4.877610206604004
2021-06-14,4.895575046539307
2021-06-15,4.751852989196777
2021-06-16,4.688972473144531
2021-06-17,4.635077476501465
2021-06-18,4.581181049346924
2021-06-21,4.581181049346924
2021-06-22,4.590163707733154
2021-06-23,4.536267280578613
2021-06-24,4.6171112060546875
2021-06-25,4.895575046539307
2021-06-28,4.8506622314453125
2021-06-29,4.814730167388916
2021-06-30,4.778800964355469
2021-07-01,4.823713779449463
2021-07-02,4.841679096221924
2021-07-06,4.868627548217773
2021-07-07,4.841679096221924
2021-07-08,4.859643936157227
2021-07-09,4.913539886474609
2021-07-12,4.823713779449463
2021-07-13,5.28183126449585
2021-07-14,5.245901107788086
2021-07-15,5.165057182312012
2021-07-16,5.10217809677124
2021-07-19,5.03031587600708
2021-07-20,5.218952655792236
2021-07-21,5.2099714279174805
2021-07-22,5.165057182312012
2021-07-23,5.165057182312012
2021-07-26,5.245901107788086
2021-07-27,5.165057182312012
2021-07-28,5.218952655792236
2021-07-29,5.434538841247559
2021-07-30,5.46148681640625
2021-08-02,5.506399154663086
2021-08-03,5.65012264251709
2021-08-04,5.596226215362549
2021-08-05,5.560296535491943
2021-08-06,5.479451656341553
2021-08-09,5.479451656341553
2021-08-10,5.407590389251709
2021-08-11,5.407590389251709
2021-08-12,5.407590389251709
2021-08-13,5.4974164962768555
2021-08-16,5.452503204345703
2021-08-17,5.335727691650391
2021-08-18,5.344709873199463
2021-08-19,5.29081392288208
2021-08-20,5.299796104431152
2021-08-23,5.407590389251709
2021-08-24,5.434538841247559
2021-08-25,5.4165730476379395
2021-08-26,5.380640029907227
2021-08-27,5.4165730476379395
2021-08-30,5.4255547523498535
2021-08-31,5.353693962097168
2021-09-01,5.344709873199463
2021-09-02,5.4435200691223145
2021-09-03,5.4255547523498535
2021-09-07,5.371659755706787
2021-09-08,5.29081392288208
2021-09-09,5.308780670166016
2021-09-10,5.2369184494018555
2021-09-13,5.174038887023926
2021-09-14,5.174038887023926
2021-09-15,5.039299488067627
2021-09-16,5.048282146453857
2021-09-17,4.940489768981934
2021-09-20,4.80574893951416
2021-09-21,4.841679096221924
2021-09-22,4.994384765625
2021-09-23,5.012349605560303
2021-09-24,5.012349605560303
2021-09-27,5.05726432800293
2021-09-28,4.877610206604004
2021-09-29,4.877610206604004
2021-09-30,4.895575046539307
2021-10-01,4.904558181762695
2021-10-04,4.913539886474609
2021-10-05,5.084212303161621
2021-10-06,5.075229644775391
2021-10-07,5.183021068572998
2021-10-08,5.2099714279174805
2021-10-11,5.2099714279174805
2021-10-12,5.2099714279174805
2021-10-13,5.245901107788086
2021-10-14,5.344709873199463
2021-10-15,5.299796104431152
2021-10-18,5.308780670166016
2021-10-19,5.254883289337158
2021-10-20,5.3177618980407715
2021-10-21,5.344709873199463
2021-10-22,5.28183126449585
2021-10-25,5.084212303161621
2021-10-26,5.120143413543701
2021-10-27,5.174038887023926
2021-10-28,5.227934837341309
2021-10-29,5.10217809677124
2021-11-01,5.111161231994629
2021-11-02,4.994384765625
2021-11-03,5.183021068572998
2021-11-04,5.12912654876709
2021-11-05,5.183021068572998
2021-11-08,5.263866424560547
2021-11-09,5.200987815856934
2021-11-10,5.120143413543701
2021-11-11,5.12912654876709
2021-11-12,5.10217809677124
2021-11-15,5.021332263946533
2021-11-16,5.021332263946533
2021-11-17,5.10217809677124
2021-11-18,5.2369184494018555
2021-11-19,5.218952655792236
2021-11-22,5.10217809677124
2021-11-23,5.138108253479004
2021-11-24,5.174038887023926
2021-11-26,4.985403060913086
2021-11-29,5.048282146453857
2021-11-30,5.03031587600708
2021-12-01,4.994384765625
2021-12-02,5.156074047088623
2021-12-03,5.084212303161621
2021-12-06,5.111161231994629
2021-12-07,5.299796104431152
2021-12-08,5.263866424560547
2021-12-09,5.380640029907227
2021-12-10,5.407590389251709
2021-12-13,5.371659755706787
2021-12-14,5.353693962097168
2021-12-15,5.506399154663086
2021-12-16,5.4435200691223145
2021-12-17,5.39860725402832
2021-12-20,5.308780670166016
2021-12-21,5.362676620483398
2021-12-22,5.515382289886475
2021-12-23,5.560296535491943
2021-12-27,5.695037364959717
2021-12-28,5.6591057777404785
2021-12-29,5.65012264251709
2021-12-30,5.623175144195557
2021-12-31,5.587244033813477
2022-01-03,5.65012264251709
2022-01-04,5.614192008972168
2022-01-05,5.515382289886475
2022-01-06,5.4974164962768555
2022-01-07,5.479451656341553
2022-01-10,5.542330265045166
2022-01-11,5.605209827423096
2022-01-12,5.470468997955322
2022-01-13,5.29081392288208
2022-01-14,5.32674503326416
2022-01-18,5.165057182312012
2022-01-19,5.156074047088623
2022-01-20,5.05726432800293
2022-01-21,4.949471950531006
2022-01-24,4.93150520324707
2022-01-25,5.003369331359863
2022-01-26,5.012349605560303
2022-01-27,5.021332263946533
2022-01-28,5.138108253479004
2022-01-31,5.299796104431152
2022-02-01,5.335727691650391
2022-02-02,5.362676620483398
2022-02-03,5.138108253479004
2022-02-04,5.12912654876709
2022-02-07,5.147091388702393
2022-02-08,5.111161231994629
2022-02-09,5.183021068572998
2022-02-10,5.075229644775391
2022-02-11,4.976419448852539
2022-02-14,4.877610206604004
2022-02-15,5.03031587600708
2022-02-16,5.245901107788086
2022-02-17,5.075229644775391
2022-02-18,5.084212303161621
2022-02-22,4.949471950531006
2022-02-23,4.832696437835693
2022-02-24,4.841679096221924
2022-02-25,4.886591911315918
2022-02-28,4.80574893951416
2022-03-01,4.653042316436768
2022-03-02,4.787782669067383
2022-03-03,4.455422401428223
2022-03-04,4.311699390411377
2022-03-07,4.06916618347168
2022-03-08,4.230855464935303
2022-03-09,4.410508155822754
2022-03-10,4.356612205505371
2022-03-11,4.320681571960449
2022-03-14,4.509319305419922
2022-03-15,4.581181049346924
2022-03-16,4.7249040603637695
2022-03-17,4.778800964355469
2022-03-18,4.787782669067383
2022-03-21,4.760834217071533
2022-03-22,4.823713779449463
2022-03-23,4.742870330810547
2022-03-24,4.79676628112793
2022-03-25,4.823713779449463
2022-03-28,4.841679096221924
2022-03-29,4.967436790466309
2022-03-30,4.967436790466309
2022-03-31,4.904558181762695
2022-04-01,4.985403060913086
2022-04-04,5.021332263946533
2022-04-05,4.958454608917236
2022-04-06,4.859643936157227
2022-04-07,4.886591911315918
2022-04-08,4.823713779449463
2022-04-11,4.751852989196777
2022-04-12,4.653042316436768
2022-04-13,4.715920448303223
2022-04-14,4.590163707733154
2022-04-18,4.581181049346924
2022-04-19,4.6710076332092285
2022-04-20,4.787782669067383
2022-04-21,4.733887195587158
2022-04-22,4.6171112060546875
2022-04-25,4.679990768432617
2022-04-26,4.572198390960693
2022-04-27,4.527284145355225
2022-04-28,4.401525974273682
2022-04-29,4.527284145355225
2022-05-02,4.627410888671875
2022-05-03,4.717612266540527
2022-05-04,4.807815074920654
2022-05-05,4.609369277954102
2022-05-06,4.474064826965332
2022-05-09,4.311699390411377
2022-05-10,4.3387603759765625
2022-05-11,4.230517387390137
2022-05-12,4.21247673034668
2022-05-13,4.401902198791504
2022-05-16,4.401902198791504
2022-05-17,4.546226978302002
2022-05-18,4.3838629722595215
2022-05-19,4.329740047454834
2022-05-20,4.3568010330200195
2022-05-23,4.447003364562988
2022-05-24,4.419943809509277
2022-05-25,4.447003364562988
2022-05-26,4.591329097747803
2022-05-27,4.636429309844971
2022-05-31,4.519166469573975
2022-06-01,4.4830851554870605
2022-06-02,4.591329097747803
2022-06-03,4.546226978302002
2022-06-06,4.510145664215088
2022-06-07,4.573288440704346
2022-06-08,4.519166469573975
2022-06-09,4.374841690063477
2022-06-10,4.239537715911865
2022-06-13,4.122273921966553
2022-06-14,4.21247673034668
2022-06-15,4.293659210205078
2022-06-16,4.131293296813965
2022-06-17,4.140314102172852
2022-06-21,4.248557090759277
2022-06-22,4.22149658203125
2022-06-23,4.21247673034668
2022-06-24,4.3387603759765625
2022-06-27,4.347780227661133
2022-06-28,4.284637928009033
2022-06-29,4.248557090759277
2022-06-30,4.15835428237915
2022-07-01,4.203455448150635
2022-07-05,4.1042327880859375
2022-07-06,4.113253116607666
2022-07-07,4.176395416259766
2022-07-08,4.1944355964660645
2022-07-11,4.15835428237915
2022-07-12,4.122273921966553
2022-07-13,4.14933443069458
2022-07-14,4.023049354553223
2022-07-15,4.15835428237915
2022-07-18,4.122273921966553
2022-07-19,4.22149658203125
2022-07-20,4.239537715911865
2022-07-21,4.618389129638672
2022-07-22,4.600348949432373
2022-07-25,4.627516269683838
2022-07-26,4.5641255378723145
2022-07-27,4.681850433349609
2022-07-28,4.709018230438232
2022-07-29,4.690906524658203
2022-08-01,4.736185550689697
2022-08-02,4.6637396812438965
2022-08-03,4.727129936218262
2022-08-04,4.736185550689697
2022-08-05,4.76335334777832
2022-08-08,4.709018230438232
2022-08-09,4.600348949432373
2022-08-10,4.718074321746826
2022-08-11,4.718074321746826
2022-08-12,4.718074321746826
2022-08-15,4.627516269683838
2022-08-16,4.681850433349609
2022-08-17,4.5822367668151855
2022-08-18,4.645629405975342
2022-08-19,4.5641255378723145
2022-08-22,4.482623100280762
2022-08-23,4.473567962646484
2022-08-24,4.482623100280762
2022-08-25,4.591292858123779
2022-08-26,4.410176753997803
2022-08-29,4.355842590332031
2022-08-30,4.36489725112915
2022-08-31,4.57318115234375
2022-09-01,4.509790897369385
2022-09-02,4.464511871337891
2022-09-06,4.455456733703613
2022-09-07,4.527902603149414
2022-09-08,4.527902603149414
2022-09-09,4.591292858123779
2022-09-12,4.645629405975342
2022-09-13,4.491678237915039
2022-09-14,4.473567962646484
2022-09-15,4.410176753997803
2022-09-16,4.192838191986084
2022-09-19,4.238117218017578
2022-09-20,4.156614303588867
2022-09-21,4.075111389160156
2022-09-22,4.020777702331543
2022-09-23,3.857773542404175
2022-09-26,3.839661121368408
2022-09-27,3.8215491771698
2022-09-28,3.948330879211426
2022-09-29,3.875884771347046
2022-09-30,3.866828680038452
2022-10-03,3.9754984378814697
2022-10-04,4.1747260093688965
2022-10-05,4.129446983337402
2022-10-06,4.084167957305908
2022-10-07,4.002665996551514
2022-10-10,3.939274549484253
2022-10-11,3.9030516147613525
2022-10-12,3.939274549484253
2022-10-13,4.093224048614502
2022-10-14,4.029832363128662
2022-10-17,4.147558212280273
2022-10-18,4.210948944091797
2022-10-19,4.129446983337402
2022-10-20,3.7672152519226074
2022-10-21,3.8487167358398438
2022-10-24,3.903308391571045
2022-10-25,4.012491703033447
2022-10-26,4.030689239501953
2022-10-27,3.966999053955078
2022-10-28,4.039788722991943
2022-10-31,4.00339412689209
2022-11-01,4.0215911865234375
2022-11-02,3.9488019943237305
2022-11-03,3.83961820602417
2022-11-04,3.9760971069335938
2022-11-07,4.012491703033447
2022-11-08,4.057984828948975
2022-11-09,3.985196590423584
2022-11-10,4.2217607498168945
2022-11-11,4.321845054626465
2022-11-14,4.312746524810791
2022-11-15,4.36733865737915
2022-11-16,4.2854509353637695
2022-11-17,4.303647994995117
2022-11-18,4.358239650726318
2022-11-21,4.2854509353637695
2022-11-22,4.3491411209106445
2022-11-23,4.358239650726318
2022-11-25,4.38553524017334
2022-11-28,4.276352882385254
2022-11-29,4.312746524810791
2022-11-30,4.485620498657227
2022-12-01,4.54931116104126
2022-12-02,4.594804286956787
2022-12-05,4.494719505310059
2022-12-06,4.431028842926025
2022-12-07,4.38553524017334
2022-12-08,4.458325386047363
2022-12-09,4.449225425720215
2022-12-12,4.485620498657227
2022-12-13,4.5402116775512695
2022-12-14,4.5402116775512695
2022-12-15,4.358239650726318
2022-12-16,4.212662696838379
2022-12-19,4.185367107391357
2022-12-20,4.167168617248535
2022-12-21,4.2217607498168945
2022-12-22,4.194464683532715
2022-12-23,4.2217607498168945
2022-12-27,4.203562259674072
2022-12-28,4.148972034454346
2022-12-29,4.258155345916748
2022-12-30,4.2217607498168945
2023-01-03,4.267253875732422
2023-01-04,4.303647994995117
2023-01-05,4.267253875732422
2023-01-06,4.394634246826172
2023-01-09,4.403733253479004
2023-01-10,4.431028842926025
2023-01-11,4.494719505310059
2023-01-12,4.567508220672607
2023-01-13,4.5766072273254395
2023-01-17,4.38553524017334
2023-01-18,4.3491411209106445
2023-01-19,4.258155345916748
2023-01-20,4.194464683532715
2023-01-23,4.212662696838379
2023-01-24,4.139873504638672
2023-01-25,4.212662696838379
2023-01-26,4.376437664031982
2023-01-27,4.303647994995117
2023-01-30,4.332899570465088
2023-01-31,4.351182460784912
2023-02-01,4.442594528198242
2023-02-02,4.497440814971924
2023-02-03,4.378605365753174
2023-02-06,4.268912315368652
2023-02-07,4.2963361740112305
2023-02-08,4.278053283691406
2023-02-09,4.268912315368652
2023-02-10,4.25977087020874
2023-02-13,4.278053283691406
2023-02-14,4.268912315368652
2023-02-15,4.323758602142334
2023-02-16,4.323758602142334
2023-02-17,4.360323429107666
2023-02-21,4.268912315368652
2023-02-22,4.250629901885986
2023-02-23,4.250629901885986
2023-02-24,4.186641693115234
2023-02-27,4.268912315368652
2023-02-28,4.2049241065979
2023-03-01,4.2049241065979
2023-03-02,4.278053283691406
2023-03-03,4.406028747558594
2023-03-06,4.378605365753174
2023-03-07,4.332899570465088
2023-03-08,4.351182460784912
2023-03-09,4.332899570465088
2023-03-10,4.287195205688477
2023-03-13,4.25977087020874
2023-03-14,4.278053283691406
2023-03-15,4.104372501373291
2023-03-16,4.177501201629639
2023-03-17,4.1317949295043945
2023-03-20,4.177501201629639
2023-03-21,4.250629901885986
2023-03-22,4.195782661437988
2023-03-23,4.2049241065979
2023-03-24,4.23234748840332
2023-03-27,4.268912315368652
2023-03-28,4.278053283691406
2023-03-29,4.332899570465088
2023-03-30,4.42431116104126
2023-03-31,4.4882988929748535
2023-04-03,4.460875511169434
2023-04-04,4.4882988929748535
2023-04-05,4.479158878326416
2023-04-06,4.4517340660095215
2023-04-10,4.406028747558594
2023-04-11,4.470016002655029
2023-04-12,4.4517340660095215
2023-04-13,4.51572322845459
2023-04-14,4.479158878326416
2023-04-17,4.4334516525268555
2023-04-18,4.25977087020874
2023-04-19,4.223205089569092
2023-04-20,3.839277982711792
2023-04-21,3.857560634613037
2023-04-24,3.869537591934204
2023-04-25,3.7774062156677246
2023-04-26,3.823471784591675
2023-04-27,3.8511109352111816
2023-04-28,3.8603246212005615
2023-05-01,3.8326854705810547
2023-05-02,3.7774062156677246
2023-05-03,3.7405529022216797
2023-05-04,3.703700542449951
2023-05-05,3.7866196632385254
2023-05-08,3.795832633972168
2023-05-09,3.7497665882110596
2023-05-10,3.7589797973632812
2023-05-11,3.685274362564087
2023-05-12,3.712913990020752
2023-05-15,3.7405529022216797
2023-05-16,3.6392078399658203
2023-05-17,3.703700542449951
2023-05-18,3.6944875717163086
2023-05-19,3.7313404083251953
2023-05-22,3.7589797973632812
2023-05-23,3.712913990020752
2023-05-24,3.629995107650757
2023-05-25,3.648421287536621
2023-05-26,3.703700542449951
2023-05-30,3.703700542449951
2023-05-31,3.6944875717163086
2023-06-01,3.7313404083251953
2023-06-02,3.7405529022216797
2023-06-05,3.7221267223358154
2023-06-06,3.676060676574707
2023-06-07,3.703700542449951
2023-06-08,3.676060676574707
2023-06-09,3.685274362564087
2023-06-12,3.7589797973632812
2023-06-13,3.7589797973632812
2023-06-14,3.823471784591675
2023-06-15,3.906390428543091
2023-06-16,3.9432435035705566
2023-06-20,3.869537591934204
2023-06-21,3.795832633972168
2023-06-22,3.7497665882110596
2023-06-23,3.6668477058410645
2023-06-26,3.703700542449951
2023-06-27,3.795832633972168
2023-06-28,3.8142588138580322
2023-06-29,3.823471784591675
2023-06-30,3.8326854705810547
2023-07-03,3.906390428543091
2023-07-05,3.8511109352111816
2023-07-06,3.8142588138580322
2023-07-07,3.823471784591675
2023-07-10,3.841898202896118
2023-07-11,3.869537591934204
2023-07-12,3.9432435035705566
2023-07-13,4.007735252380371
2023-07-14,3.6668477058410645
2023-07-17,3.5470759868621826
2023-07-18,3.5747156143188477
2023-07-19,3.629995107650757
2023-07-20,3.620781660079956
2023-07-21,3.629995107650757
2023-07-24,3.6801791191101074
2023-07-25,3.6894724369049072
2023-07-26,3.6801791191101074
2023-07-27,3.6244189739227295
2023-07-28,3.652298927307129
2023-07-31,3.661592483520508
2023-08-01,3.6708858013153076
2023-08-02,3.661592483520508
2023-08-03,3.6151254177093506
2023-08-04,3.6337122917175293
2023-08-07,3.6244189739227295
2023-08-08,3.6244189739227295
2023-08-09,3.6244189739227295
2023-08-10,3.6708858013153076
2023-08-11,3.6151254177093506
2023-08-14,3.5965383052825928
2023-08-15,3.531485080718994
2023-08-16,3.494311809539795
2023-08-17,3.5036051273345947
2023-08-18,3.540778636932373
2023-08-21,3.540778636932373
2023-08-22,3.531485080718994
2023-08-23,3.5593652725219727
2023-08-24,3.5036051273345947
2023-08-25,3.531485080718994
2023-08-28,3.577951669692993
2023-08-29,3.6708858013153076
2023-08-30,3.698765993118286
2023-08-31,3.708059310913086
2023-09-01,3.708059310913086
2023-09-05,3.7173526287078857
2023-09-06,3.763820171356201
2023-09-07,3.782406806945801
2023-09-08,3.754526138305664
2023-09-11,3.782406806945801
2023-09-12,3.763820171356201
2023-09-13,3.7266464233398438
2023-09-14,3.7359395027160645
2023-09-15,3.652298927307129
2023-09-18,3.6708858013153076
2023-09-19,3.7173526287078857
2023-09-20,3.6801791191101074
2023-09-21,3.5965383052825928
2023-09-22,3.6151254177093506
2023-09-25,3.5593652725219727
2023-09-26,3.4664316177368164
2023-09-27,3.438551425933838
2023-09-28,3.4571382999420166
2023-09-29,3.4757251739501953
2023-10-02,3.4571382999420166
2023-10-03,3.4106712341308594
2023-10-04,3.3642044067382812
2023-10-05,3.2898569107055664
2023-10-06,3.308443546295166
2023-10-09,3.308443546295166
2023-10-10,3.3456172943115234
2023-10-11,3.317737102508545
2023-10-12,3.317737102508545
2023-10-13,3.261977195739746
2023-10-16,3.3456172943115234
2023-10-17,3.2433900833129883
2023-10-18,3.150456666946411
2023-10-19,2.98317551612854
2023-10-20,2.9552953243255615
2023-10-23,2.9665608406066895
2023-10-24,3.022887706756592
2023-10-25,3.0134999752044678
2023-10-26,3.041663646697998
2023-10-27,3.051051616668701
2023-10-30,3.0886030197143555
2023-10-31,3.1073784828186035
2023-11-01,3.041663646697998
2023-11-02,3.144930124282837
2023-11-03,3.2481963634490967
2023-11-06,3.2200329303741455
2023-11-07,3.2200329303741455
2023-11-08,3.2669718265533447
2023-11-09,3.2388088703155518
2023-11-10,3.276359796524048
2023-11-13,3.2669718265533447
2023-11-14,3.3514626026153564
2023-11-15,3.3702383041381836
2023-11-16,3.323298931121826
2023-11-17,3.3420746326446533
2023-11-20,3.3702383041381836
2023-11-21,3.313911199569702
2023-11-22,3.313911199569702
2023-11-24,3.3326869010925293
2023-11-27,3.323298931121826
2023-11-28,3.304523229598999
2023-11-29,3.3420746326446533
2023-11-30,3.2669718265533447
2023-12-01,3.276359796524048
2023-12-04,2.9665608406066895
2023-12-05,2.816354990005493
2023-12-06,2.8257429599761963
2023-12-07,2.910233736038208
2023-12-08,2.9853365421295166
2023-12-11,2.929009437561035
2023-12-12,3.022887706756592
2023-12-13,3.051051616668701
2023-12-14,3.163705825805664
2023-12-15,3.060439109802246
2023-12-18,3.032275915145874
2023-12-19,3.1073784828186035
2023-12-20,3.051051616668701
2023-12-21,3.0792148113250732
2023-12-22,3.154317617416382
2023-12-26,3.144930124282837
2023-12-27,3.173093557357788
2023-12-28,3.163705825805664
2023-12-29,3.2106447219848633
2024-01-02,3.2012572288513184
2024-01-03,3.182481527328491
2024-01-04,3.2388088703155518
2024-01-05,3.2294206619262695
2024-01-08,3.323298931121826
2024-01-09,3.2669718265533447
2024-01-10,3.276359796524048
2024-01-11,3.285747766494751
2024-01-12,3.304523229598999
2024-01-16,3.295135736465454
2024-01-17,3.2388088703155518
2024-01-18,3.2575843334198
2024-01-19,3.2200329303741455
2024-01-22,3.144930124282837
2024-01-23,3.154317617416382
2024-01-24,3.2012572288513184
2024-01-25,3.567383050918579
2024-01-26,3.5861592292785645
2024-01-29,3.644855260848999
2024-01-30,3.4839138984680176
2024-01-31,3.4081761837005615
2024-02-01,3.398709297180176
2024-02-02,3.3608405590057373
2024-02-05,3.370307445526123
2024-02-06,3.370307445526123
2024-02-07,3.3608405590057373
2024-02-08,3.4839138984680176
2024-02-09,3.398709297180176
2024-02-12,3.4271106719970703
2024-02-13,3.304037570953369
2024-02-14,3.3324389457702637
2024-02-15,3.322971820831299
2024-02-16,3.3608405590057373
2024-02-20,3.304037570953369
2024-02-21,3.3419063091278076
2024-02-22,3.389242172241211
2024-02-23,3.3513731956481934
2024-02-26,3.3419063091278076
2024-02-27,3.379774808883667
2024-02-28,3.370307445526123
2024-02-29,3.3419063091278076
2024-03-01,3.370307445526123
2024-03-04,3.4176435470581055
2024-03-05,3.3324389457702637
2024-03-06,3.4744467735290527
2024-03-07,3.502847909927368
2024-03-08,3.4271106719970703
2024-03-11,3.4365780353546143
2024-03-12,3.464979648590088
2024-03-13,3.4744467735290527
2024-03-14,3.464979648590088
2024-03-15,3.4933807849884033
2024-03-18,3.2945704460144043
2024-03-19,3.3324389457702637
2024-03-20,3.398709297180176
2024-03-21,3.389242172241211
2024-03-22,3.389242172241211
2024-03-25,3.3324389457702637
2024-03-26,3.3513731956481934
2024-03-27,3.4081761837005615
2024-03-28,3.3513731956481934
2024-04-01,3.313504934310913
2024-04-02,3.313504934310913
2024-04-03,3.389242172241211
2024-04-04,3.3419063091278076
2024-04-05,3.304037570953369
2024-04-08,3.2945704460144043
2024-04-09,3.313504934310913
2024-04-10,3.2377676963806152
2024-04-11,3.2377676963806152
2024-04-12,3.1525630950927734
2024-04-15,3.1241614818573
2024-04-16,3.1525630950927734
2024-04-17,3.1525630950927734
2024-04-18,3.266169309616089
2024-04-19,3.3324389457702637
2024-04-22,3.536583423614502
2024-04-23,3.5269994735717773
2024-04-24,3.498246431350708
2024-04-25,3.4886624813079834
2024-04-26,3.498246431350708
2024-04-29,3.5269994735717773
2024-04-30,3.498246431350708
2024-05-01,3.498246431350708
2024-05-02,3.5174152851104736
2024-05-03,3.536583423614502
2024-05-06,3.565336227416992
2024-05-07,3.5845046043395996
2024-05-08,3.574920177459717
2024-05-09,3.565336227416992
2024-05-10,3.565336227416992
2024-05-13,3.632425546646118
2024-05-14,3.7666049003601074
2024-05-15,3.709099531173706
2024-05-16,3.718684196472168
2024-05-17,3.7474365234375
2024-05-20,3.6515941619873047
2024-05-21,3.680346965789795
2024-05-22,3.785773277282715
2024-05-23,3.6899311542510986
2024-05-24,3.6899311542510986
2024-05-28,3.709099531173706
2024-05-29,3.603672981262207
2024-05-30,3.6899311542510986
2024-05-31,3.7378523349761963
2024-06-03,3.785773277282715
2024-06-04,3.7761893272399902
2024-06-05,3.814526319503784
2024-06-06,3.785773277282715
2024-06-07,3.7474365234375
2024-06-10,3.680346965789795
2024-06-11,3.642009973526001
2024-06-12,3.6515941619873047
2024-06-13,3.5557515621185303
2024-06-14,3.4694936275482178
2024-06-17,3.536583423614502
2024-06-18,3.5269994735717773
2024-06-20,3.50783109664917
2024-06-21,3.5269994735717773
2024-06-24,3.574920177459717
2024-06-25,3.574920177459717
2024-06-26,3.5174152851104736
2024-06-27,3.574920177459717
2024-06-28,3.6228415966033936
2024-07-01,3.7282683849334717
2024-07-02,3.7282683849334717
2024-07-03,3.6899311542510986
2024-07-05,3.7378523349761963
2024-07-08,3.7282683849334717
2024-07-09,3.6995153427124023
2024-07-10,3.7953577041625977
2024-07-11,3.7761893272399902
2024-07-12,3.824110507965088
2024-07-15,3.757020950317383
2024-07-16,3.718684196472168
2024-07-17,3.7378523349761963
2024-07-18,3.4694936275482178
2024-07-19,3.498246431350708
2024-07-22,3.5845046043395996
2024-07-23,3.5864381790161133
2024-07-24,3.5477702617645264
2024-07-25,3.7024412155151367
2024-07-26,3.7121081352233887
2024-07-29,3.7121081352233887
2024-07-30,3.7894439697265625
2024-07-31,3.7894439697265625
2024-08-01,3.8184447288513184
2024-08-02,3.7217750549316406
2024-08-05,3.605771780014038
2024-08-06,3.5864381790161133
2024-08-07,3.605771780014038
2024-08-08,3.663773536682129
2024-08-09,3.683107376098633
2024-08-12,3.7024412155151367
2024-08-13,3.8087778091430664
2024-08-14,3.847445487976074
2024-08-15,3.9344482421875
2024-08-16,3.905447006225586
2024-08-19,4.021450519561768
2024-08-20,4.011783599853516
2024-08-21,4.021450519561768
2024-08-22,3.973116159439087
2024-08-23,4.031117916107178
2024-08-26,4.0407843589782715
2024-08-27,4.079452037811279
2024-08-28,4.050451755523682
2024-08-29,4.330793380737305
2024-08-30,4.311459064483643
2024-09-03,4.234123706817627
2024-09-04,4.234123706817627
2024-09-05,4.185788631439209
2024-09-06,4.098785877227783
2024-09-09,4.1181206703186035
2024-09-10,4.050451755523682
2024-09-11,4.050451755523682
2024-09-12,4.060117721557617
2024-09-13,4.060117721557617
2024-09-16,4.0697855949401855
2024-09-17,4.050451755523682
2024-09-18,4.050451755523682
2024-09-19,4.108453273773193
2024-09-20,4.137454509735107
2024-09-23,4.166454792022705
2024-09-24,4.253457546234131
2024-09-25,4.214789867401123
2024-09-26,4.214789867401123
2024-09-27,4.224456310272217
2024-09-30,4.224456310272217
2024-10-01,4.205122470855713
2024-10-02,4.243790149688721
2024-10-03,4.205122470855713
2024-10-04,4.205122470855713
2024-10-07,4.185788631439209
2024-10-08,4.253457546234131
2024-10-09,4.321125507354736
2024-10-10,4.263123989105225
2024-10-11,4.214789867401123
2024-10-14,4.253457546234131
2024-10-15,4.263123989105225
2024-10-16,4.311459064483643
2024-10-17,4.195456027984619
2024-10-18,4.591800212860107
2024-10-21,4.630467891693115
2024-10-22,4.584718227386475
2024-10-23,4.555516242980957
2024-10-24,4.6723246574401855
2024-10-25,4.643122673034668
2024-10-28,4.818334579467773
2024-10-29,4.720994472503662
2024-10-30,4.652856349945068
2024-10-31,4.584718227386475
2024-11-01,4.604186534881592
2024-11-04,4.545782566070557
2024-11-05,4.584718227386475
2024-11-06,4.458176136016846
2024-11-07,4.477644443511963
2024-11-08,4.428974628448486
2024-11-11,4.438708305358887
2024-11-12,4.380304336547852
2024-11-13,4.341367721557617
2024-11-14,4.370570182800293
2024-11-15,4.341367721557617
2024-11-18,4.341367721557617
2024-11-19,4.039614200592041
2024-11-20,4.136953830718994
2024-11-21,4.020146369934082
2024-11-22,4.0688157081604
2024-11-25,4.098018646240234
2024-11-26,4.0688157081604
2024-11-27,4.078549861907959
2024-11-29,4.088284015655518
2024-12-02,4.088284015655518
2024-12-03,4.117486000061035
2024-12-04,4.05908203125
2024-12-05,4.1953582763671875
2024-12-06,4.1272196769714355
2024-12-09,4.282963752746582
2024-12-10,4.282963752746582
2024-12-11,4.292697906494141
2024-12-12,4.3121657371521
2024-12-13,4.360836029052734
2024-12-16,4.351101875305176
2024-12-17,4.360836029052734
2024-12-18,4.273230075836182
2024-12-19,4.3121657371521
2024-12-20,4.3121657371521
2024-12-23,4.331634521484375
2024-12-24,4.370570182800293
2024-12-26,4.351101875305176
2024-12-27,4.360836029052734
2024-12-30,4.302432537078857
2024-12-31,4.3121657371521
2025-01-02,4.341367721557617
2025-01-03,4.360836029052734
2025-01-06,4.438708305358887
2025-01-07,4.506846904754639
2025-01-08,4.536048412322998
2025-01-10,4.3997721672058105
2025-01-13,4.351101875305176
2025-01-14,4.39003849029541
2025-01-15,4.4873785972595215
2025-01-16,4.321900367736816
2025-01-17,4.39003849029541
2025-01-21,4.4873785972595215
2025-01-22,4.4873785972595215
2025-01-23,4.565250873565674
2025-01-24,4.39003849029541
2025-01-27,4.380304336547852
2025-01-28,4.341367721557617
2025-01-29,4.321900367736816
2025-01-30,4.574984073638916
2025-01-31,4.477644443511963
2025-02-03,4.497112274169922
2025-02-04,4.625488758087158
2025-02-05,4.703887462615967
2025-02-06,4.694087505340576
2025-02-07,4.713686943054199
2025-02-10,4.733286380767822
2025-02-11,4.80188512802124
2025-02-12,4.909682273864746
2025-02-13,4.890082359313965
2025-02-14,4.890082359313965
2025-02-18,4.890082359313965
2025-02-19,4.850883483886719
2025-02-20,4.890082359313965
2025-02-21,4.841084003448486
2025-02-24,4.80188512802124
2025-02-25,4.890082359313965
2025-02-26,4.80188512802124
2025-02-27,4.733286380767822
2025-02-28,4.703887462615967
2025-03-03,4.909682273864746
2025-03-04,4.782285213470459
2025-03-05,5.066478252410889
2025-03-06,5.056678771972656
2025-03-07,5.125277042388916
2025-03-10,5.037079334259033
2025-03-11,5.046879291534424
2025-03-12,5.095877647399902
2025-03-13,5.095877647399902
2025-03-14,5.2232747077941895
2025-03-17,5.282073020935059
2025-03-18,5.3114728927612305
2025-03-19,5.252674102783203
2025-03-20,5.2232747077941895
2025-03-21,5.203675270080566
2025-03-24,5.2232747077941895
2025-03-25,5.2232747077941895
2025-03-26,5.15467643737793
2025-03-27,5.095877647399902
2025-03-28,5.105677604675293
2025-03-31,5.16447639465332
2025-04-01,5.23307466506958
2025-04-02,5.242874622344971
2025-04-03,4.880283355712891
2025-04-04,4.684288024902344
2025-04-07,4.586289882659912
2025-04-08,4.556890964508057
2025-04-09,4.831284523010254
2025-04-10,4.723487377166748
2025-04-11,4.860683441162109
2025-04-14,4.880283355712891
2025-04-15,5.037079334259033
2025-04-16,4.978280544281006
2025-04-17,5.007680416107178
2025-04-21,4.968481063842773
2025-04-22,5.174275875091553
2025-04-23,5.203675270080566
2025-04-24,4.762685775756836
2025-04-25,4.890082359313965
2025-04-28,4.811684608459473
2025-04-29,4.870482921600342
2025-04-30,4.890082359313965
2025-05-01,4.890082359313965
2025-05-02,4.958681106567383
2025-05-05,4.95472526550293
2025-05-06,4.9745049476623535
2025-05-07,5.004173755645752
2025-05-08,4.9745049476623535
2025-05-09,5.03384256362915
2025-05-12,5.1426286697387695
2025-05-13,5.122849464416504
2025-05-14,5.03384256362915
2025-05-15,5.132739543914795
2025-05-16,5.132739543914795
2025-05-19,5.182187557220459
2025-05-20,5.251415252685547
2025-05-21,5.2810845375061035
2025-05-22,5.300863742828369
2025-05-23,5.2810845375061035
2025-05-27,5.350311756134033
2025-05-28,5.330532550811768
2025-05-29,5.290974140167236
2025-05-30,5.162408351898193
2025-06-02,5.251415252685547
2025-06-03,5.2810845375061035
2025-06-04,5.350311756134033
2025-06-05,5.330532550811768
2025-06-06,5.350311756134033
2025-06-09,5.370091438293457
2025-06-10,5.290974140167236
2025-06-11,5.221746444702148
2025-06-12,5.261305332183838
2025-06-13,5.132739543914795
2025-06-16,5.241526126861572
2025-06-17,5.0931806564331055
2025-06-18,5.112959861755371
2025-06-20,5.07340145111084
2025-06-23,5.112959861755371
2025-06-24,5.1426286697387695
2025-06-25,5.112959861755371
2025-06-26,5.103070259094238
2025-06-27,5.112959861755371
2025-06-30,5.122849464416504
2025-07-01,5.172297954559326
2025-07-02,5.1426286697387695
2025-07-03,5.132739543914795
2025-07-07,5.07340145111084
2025-07-08,5.0931806564331055
2025-07-09,5.043732166290283
2025-07-10,5.004173755645752
2025-07-11,4.925056457519531
2025-07-14,4.826159477233887
2025-07-15,4.697593688964844
2025-07-16,4.697593688964844
2025-07-17,4.7272629737854
2025-07-18,4.697593688964844
2025-07-21,4.697593688964844
2025-07-22,4.410793304443359
2025-07-23,4.4701313972473145
2025-07-24,4.292117595672607
2025-07-25,4.282227516174316
2025-07-28,4.213000297546387
2025-07-29,4.179999828338623
2025-07-30,4.110000133514404
2025-07-31,4.079999923706055
2025-08-01,4.050000190734863
2025-08-04,4.090000152587891
2025-08-05,4.090000152587891
2025-08-06,4.119999885559082
2025-08-07,4.110000133514404
2025-08-08,4.099999904632568
2025-08-11,4.099999904632568
2025-08-12,4.139999866485596
2025-08-13,4.190000057220459
2025-08-14,4.130000114440918
2025-08-15,4.199999809265137
2025-08-18,4.25
2025-08-19,4.210000038146973
2025-08-20,4.239999771118164
2025-08-21,4.239999771118164
2025-08-22,4.309999942779541
2025-08-25,4.340000152587891
2025-08-26,4.289999961853027
2025-08-27,4.320000171661377
2025-08-28,4.289999961853027
2025-08-29,4.300000190734863
2025-09-02,4.230000019073486
2025-09-03,4.380000114440918
2025-09-04,4.599999904632568
2025-09-05,4.550000190734863
2025-09-08,4.590000152587891
2025-09-09,4.590000152587891
2025-09-10,4.570000171661377
2025-09-11,4.619999885559082
2025-09-12,4.510000228881836
2025-09-15,4.550000190734863
2025-09-16,4.610000133514404
2025-09-17,4.699999809265137
2025-09-18,4.760000228881836
2025-09-19,4.739999771118164
2025-09-22,4.769999980926514
2025-09-23,4.849999904632568
2025-09-24,4.739999771118164
2025-09-25,4.679999828338623
2025-09-26,4.659999847412109
2025-09-29,4.699999809265137
2025-09-30,4.809999942779541
2025-10-01,4.820000171661377
2025-10-02,4.880000114440918
2025-10-03,4.900000095367432
2025-10-06,4.949999809265137
2025-10-07,5.070000171661377
2025-10-08,5.170000076293945
2025-10-09,5.179999828338623
2025-10-10,5.320000171661377
2025-10-13,5.25
2025-10-14,5.46999979019165
2025-10-15,5.650000095367432
2025-10-16,5.679999828338623
2025-10-17,5.739999771118164
2025-10-20,5.710000038146973
2025-10-21,5.579999923706055
2025-10-22,5.550000190734863
2025-10-23,6.170000076293945
2025-10-24,6.300000190734863
2025-10-27,6.360000133514404
2025-10-28,7.769999980926514
2025-10-29,7.329999923706055
2025-10-30,7.130000114440918
2025-10-31,6.909999847412109
2025-11-03,7.150000095367432
2025-11-04,6.809999942779541
2025-11-05,6.849999904632568
2025-11-06,6.909999847412109
2025-11-07,6.840000152587891
2025-11-10,6.96999979019165
2025-11-11,6.900000095367432
2025-11-12,7.019999980926514
2025-11-13,6.78000020980835
2025-11-14,6.730000019073486
2025-11-17,6.659999847412109
2025-11-18,6.639999866485596
2025-11-19,6.03000020980835
2025-11-20,5.869999885559082
2025-11-21,5.940000057220459
2025-11-24,6.090000152587891
2025-11-25,6.059999942779541
2025-11-26,6.079999923706055
2025-11-28,6.079999923706055
2025-12-01,6.119999885559082
2025-12-02,6.190000057220459
2025-12-03,6.260000228881836
2025-12-04,6.159999847412109
2025-12-05,6.070000171661377
2025-12-08,6.150000095367432
2025-12-09,6.179999828338623
2025-12-10,6.21999979019165
2025-12-11,6.360000133514404
2025-12-12,6.269999980926514
2025-12-15,6.199999809265137
2025-12-16,6.289999961853027
2025-12-17,6.21999979019165
2025-12-18,6.380000114440918
2025-12-19,6.5
2025-12-22,6.539999961853027
2025-12-23,6.53000020980835
2025-12-24,6.590000152587891
2025-12-26,6.619999885559082
2025-12-29,6.579999923706055
2025-12-30,6.510000228881836
2025-12-31,6.46999979019165
2026-01-02,6.510000228881836
2026-01-05,6.5
2026-01-06,6.46999979019165
2026-01-07,6.789999961853027
2026-01-08,6.489999771118164
2026-01-09,6.480000019073486
2026-01-12,6.579999923706055
2026-01-13,6.519999980926514
2026-01-14,6.360000133514404
2026-01-15,6.610000133514404
2026-01-16,6.550000190734863
2026-01-20,6.409999847412109
2026-01-21,6.440000057220459
2026-01-22,6.5
2026-01-23,6.769999980926514
2026-01-26,6.909999847412109
2026-01-27,6.940000057220459
2026-01-28,6.820000171661377
2026-01-29,6.289999961853027
2026-01-30,6.429999828338623
2026-02-02,6.659999847412109
2026-02-03,6.690000057220459
2026-02-04,6.800000190734863
2026-02-05,6.860000133514404
2026-02-06,7.070000171661377
2026-02-09,7.179999828338623
2026-02-10,7.079999923706055
2026-02-11,7.340000152587891
2026-02-12,6.96999979019165
2026-02-13,7.03000020980835
2026-02-17,7.300000190734863
2026-02-18,7.429999828338623
2026-02-19,7.599999904632568
2026-02-20,7.769999980926514
2026-02-23,7.570000171661377
2026-02-24,7.489999771118164
2026-02-25,7.570000171661377
2026-02-26,7.5
2026-02-27,7.71999979019165
2026-03-02,8.260000228881836
2026-03-03,8.069999694824219
2026-03-04,8.149999618530273
2026-03-05,7.849999904632568
2026-03-06,7.739999771118164
2026-03-09,7.889999866485596
2026-03-10,7.800000190734863
2026-03-11,7.900000095367432
2026-03-12,8.140000343322754
2026-03-13,8.239999771118164
2026-03-16,8.649999618530273
2026-03-17,8.550000190734863
2026-03-18,8.359999656677246
2026-03-19,8.300000190734863
2026-03-20,7.980000019073486
2026-03-23,8.0600004196167
2026-03-24,8.25
2026-03-25,8.40999984741211
2026-03-26,8.279999732971191
2026-03-27,7.980000019073486
2026-03-30,7.960000038146973
2026-03-31,8.039999961853027
2026-04-01,8.270000457763672
2026-04-02,8.819999694824219
2026-04-06,8.890000343322754
2026-04-07,8.876899719238281
