Date,Close
1980-03-19,0.4041527509689331
1980-03-20,0.4041527509689331
1980-03-21,0.4041527509689331
1980-03-24,0.4041527509689331
1980-03-25,0.4041527509689331
1980-03-26,0.3937898874282837
1980-03-27,0.3937898874282837
1980-03-28,0.3937898874282837
1980-03-31,0.3937898874282837
1980-04-01,0.3937898874282837
1980-04-02,0.3937898874282837
1980-04-03,0.3937898874282837
1980-04-07,0.3937898874282837
1980-04-08,0.38342705368995667
1980-04-09,0.38342705368995667
1980-04-10,0.38342705368995667
1980-04-11,0.38342705368995667
1980-04-14,0.38342705368995667
1980-04-15,0.38342705368995667
1980-04-16,0.38342705368995667
1980-04-17,0.38342705368995667
1980-04-18,0.38342705368995667
1980-04-21,0.38342705368995667
1980-04-22,0.4041527509689331
1980-04-23,0.4041527509689331
1980-04-24,0.4041527509689331
1980-04-25,0.4041527509689331
1980-04-28,0.4041527509689331
1980-04-29,0.4145156145095825
1980-04-30,0.4145156145095825
1980-05-01,0.43524134159088135
1980-05-02,0.43524134159088135
1980-05-05,0.43524134159088135
1980-05-06,0.43524134159088135
1980-05-07,0.4456040859222412
1980-05-08,0.4456040859222412
1980-05-09,0.4456040859222412
1980-05-12,0.4456040859222412
1980-05-13,0.4456040859222412
1980-05-14,0.4559673070907593
1980-05-15,0.4559673070907593
1980-05-16,0.4559673070907593
1980-05-19,0.4559673070907593
1980-05-20,0.4456040859222412
1980-05-21,0.4456040859222412
1980-05-22,0.4559673070907593
1980-05-23,0.4663301706314087
1980-05-27,0.4663301706314087
1980-05-28,0.48705610632896423
1980-05-29,0.48705610632896423
1980-05-30,0.48705610632896423
1980-06-02,0.48705610632896423
1980-06-03,0.48705610632896423
1980-06-04,0.48705610632896423
1980-06-05,0.48705610632896423
1980-06-06,0.4974190890789032
1980-06-09,0.4974190890789032
1980-06-10,0.4974190890789032
1980-06-11,0.4974190890789032
1980-06-12,0.4974190890789032
1980-06-13,0.4974190890789032
1980-06-16,0.5077817440032959
1980-06-17,0.4974190890789032
1980-06-18,0.48705610632896423
1980-06-19,0.48705610632896423
1980-06-20,0.48705610632896423
1980-06-23,0.48705610632896423
1980-06-24,0.48705610632896423
1980-06-25,0.48705610632896423
1980-06-26,0.48705610632896423
1980-06-27,0.48705610632896423
1980-06-30,0.48705610632896423
1980-07-01,0.5077817440032959
1980-07-02,0.5285071730613708
1980-07-03,0.5285071730613708
1980-07-07,0.5285071730613708
1980-07-08,0.5285071730613708
1980-07-09,0.5285071730613708
1980-07-10,0.5077817440032959
1980-07-11,0.5077817440032959
1980-07-14,0.5077817440032959
1980-07-15,0.5077817440032959
1980-07-16,0.5077817440032959
1980-07-17,0.5077817440032959
1980-07-18,0.5077817440032959
1980-07-21,0.5077817440032959
1980-07-22,0.5077817440032959
1980-07-23,0.5077817440032959
1980-07-24,0.5077817440032959
1980-07-25,0.5077817440032959
1980-07-28,0.5077817440032959
1980-07-29,0.5077817440032959
1980-07-30,0.5077817440032959
1980-07-31,0.5077817440032959
1980-08-01,0.5181446075439453
1980-08-04,0.5181446075439453
1980-08-05,0.5181446075439453
1980-08-06,0.5181446075439453
1980-08-07,0.5181446075439453
1980-08-08,0.5181446075439453
1980-08-11,0.5181446075439453
1980-08-12,0.5181446075439453
1980-08-13,0.5181446075439453
1980-08-14,0.4974190890789032
1980-08-15,0.4974190890789032
1980-08-18,0.4974190890789032
1980-08-19,0.48705610632896423
1980-08-20,0.48705610632896423
1980-08-21,0.48705610632896423
1980-08-22,0.48705610632896423
1980-08-25,0.48705610632896423
1980-08-26,0.48705610632896423
1980-08-27,0.48705610632896423
1980-08-28,0.48705610632896423
1980-08-29,0.48705610632896423
1980-09-02,0.48705610632896423
1980-09-03,0.48705610632896423
1980-09-04,0.48705610632896423
1980-09-05,0.48705610632896423
1980-09-08,0.48705610632896423
1980-09-09,0.4663301706314087
1980-09-10,0.4663301706314087
1980-09-11,0.4663301706314087
1980-09-12,0.4766930639743805
1980-09-15,0.4766930639743805
1980-09-16,0.4766930639743805
1980-09-17,0.4766930639743805
1980-09-18,0.4766930639743805
1980-09-19,0.4766930639743805
1980-09-22,0.4766930639743805
1980-09-23,0.4766930639743805
1980-09-24,0.4766930639743805
1980-09-25,0.4766930639743805
1980-09-26,0.4766930639743805
1980-09-29,0.4559673070907593
1980-09-30,0.4663301706314087
1980-10-01,0.4663301706314087
1980-10-02,0.4663301706314087
1980-10-03,0.4766930639743805
1980-10-06,0.4766930639743805
1980-10-07,0.4766930639743805
1980-10-08,0.4766930639743805
1980-10-09,0.4766930639743805
1980-10-10,0.4766930639743805
1980-10-13,0.4766930639743805
1980-10-14,0.4766930639743805
1980-10-15,0.4766930639743805
1980-10-16,0.48705610632896423
1980-10-17,0.48705610632896423
1980-10-20,0.48705610632896423
1980-10-21,0.48705610632896423
1980-10-22,0.48705610632896423
1980-10-23,0.48705610632896423
1980-10-24,0.48705610632896423
1980-10-27,0.48705610632896423
1980-10-28,0.48705610632896423
1980-10-29,0.48705610632896423
1980-10-30,0.48705610632896423
1980-10-31,0.4766930639743805
1980-11-03,0.4766930639743805
1980-11-05,0.4766930639743805
1980-11-06,0.4766930639743805
1980-11-07,0.4766930639743805
1980-11-10,0.4766930639743805
1980-11-11,0.4766930639743805
1980-11-12,0.4766930639743805
1980-11-13,0.4766930639743805
1980-11-14,0.4766930639743805
1980-11-17,0.4766930639743805
1980-11-18,0.4766930639743805
1980-11-19,0.4766930639743805
1980-11-20,0.4766930639743805
1980-11-21,0.4766930639743805
1980-11-24,0.4766930639743805
1980-11-25,0.4766930639743805
1980-11-26,0.48705610632896423
1980-11-28,0.4766930639743805
1980-12-01,0.4766930639743805
1980-12-02,0.4663301706314087
1980-12-03,0.4663301706314087
1980-12-04,0.4663301706314087
1980-12-05,0.4663301706314087
1980-12-08,0.4663301706314087
1980-12-09,0.4559673070907593
1980-12-10,0.4456040859222412
1980-12-11,0.43524134159088135
1980-12-12,0.43524134159088135
1980-12-15,0.43524134159088135
1980-12-16,0.43524134159088135
1980-12-17,0.4456040859222412
1980-12-18,0.4456040859222412
1980-12-19,0.4559673070907593
1980-12-22,0.4663301706314087
1980-12-23,0.4766930639743805
1980-12-24,0.4766930639743805
1980-12-26,0.4766930639743805
1980-12-29,0.4766930639743805
1980-12-30,0.4766930639743805
1980-12-31,0.4766930639743805
1981-01-02,0.4766930639743805
1981-01-05,0.4766930639743805
1981-01-06,0.4766930639743805
1981-01-07,0.4766930639743805
1981-01-08,0.4766930639743805
1981-01-09,0.4663301706314087
1981-01-12,0.4663301706314087
1981-01-13,0.4663301706314087
1981-01-14,0.4663301706314087
1981-01-15,0.4663301706314087
1981-01-16,0.4663301706314087
1981-01-19,0.4663301706314087
1981-01-20,0.4663301706314087
1981-01-21,0.4663301706314087
1981-01-22,0.4663301706314087
1981-01-23,0.4663301706314087
1981-01-26,0.4766930639743805
1981-01-27,0.4766930639743805
1981-01-28,0.4766930639743805
1981-01-29,0.4766930639743805
1981-01-30,0.4766930639743805
1981-02-02,0.4766930639743805
1981-02-03,0.4766930639743805
1981-02-04,0.4766930639743805
1981-02-05,0.4766930639743805
1981-02-06,0.4766930639743805
1981-02-09,0.4766930639743805
1981-02-10,0.4766930639743805
1981-02-11,0.4766930639743805
1981-02-12,0.4766930639743805
1981-02-13,0.4766930639743805
1981-02-17,0.4766930639743805
1981-02-18,0.4766930639743805
1981-02-19,0.4663301706314087
1981-02-20,0.4663301706314087
1981-02-23,0.4559673070907593
1981-02-24,0.4559673070907593
1981-02-25,0.4559673070907593
1981-02-26,0.4559673070907593
1981-02-27,0.4559673070907593
1981-03-02,0.4559673070907593
1981-03-03,0.4559673070907593
1981-03-04,0.4559673070907593
1981-03-05,0.4559673070907593
1981-03-06,0.4559673070907593
1981-03-09,0.4559673070907593
1981-03-10,0.4559673070907593
1981-03-11,0.4663301706314087
1981-03-12,0.4663301706314087
1981-03-13,0.4663301706314087
1981-03-16,0.4663301706314087
1981-03-17,0.4663301706314087
1981-03-18,0.4663301706314087
1981-03-19,0.4663301706314087
1981-03-20,0.4766930639743805
1981-03-23,0.4766930639743805
1981-03-24,0.4766930639743805
1981-03-25,0.48705610632896423
1981-03-26,0.48705610632896423
1981-03-27,0.48705610632896423
1981-03-30,0.4974190890789032
1981-03-31,0.5077817440032959
1981-04-01,0.5077817440032959
1981-04-02,0.5077817440032959
1981-04-03,0.5077817440032959
1981-04-06,0.5077817440032959
1981-04-07,0.5077817440032959
1981-04-08,0.5077817440032959
1981-04-09,0.4974190890789032
1981-04-10,0.4974190890789032
1981-04-13,0.4974190890789032
1981-04-14,0.5077817440032959
1981-04-15,0.5077817440032959
1981-04-16,0.5077817440032959
1981-04-20,0.4974190890789032
1981-04-21,0.4974190890789032
1981-04-22,0.4974190890789032
1981-04-23,0.4974190890789032
1981-04-24,0.5077817440032959
1981-04-27,0.5077817440032959
1981-04-28,0.5077817440032959
1981-04-29,0.5077817440032959
1981-04-30,0.5077817440032959
1981-05-01,0.5077817440032959
1981-05-04,0.4974190890789032
1981-05-05,0.48705610632896423
1981-05-06,0.4974190890789032
1981-05-07,0.4974190890789032
1981-05-08,0.4974190890789032
1981-05-11,0.4974190890789032
1981-05-12,0.4974190890789032
1981-05-13,0.4974190890789032
1981-05-14,0.4974190890789032
1981-05-15,0.4974190890789032
1981-05-18,0.4974190890789032
1981-05-19,0.48705610632896423
1981-05-20,0.48705610632896423
1981-05-21,0.4766930639743805
1981-05-22,0.4663301706314087
1981-05-26,0.4663301706314087
1981-05-27,0.4663301706314087
1981-05-28,0.4663301706314087
1981-05-29,0.4663301706314087
1981-06-01,0.4663301706314087
1981-06-02,0.4663301706314087
1981-06-03,0.4663301706314087
1981-06-04,0.4663301706314087
1981-06-05,0.4663301706314087
1981-06-08,0.4766930639743805
1981-06-09,0.4766930639743805
1981-06-10,0.4766930639743805
1981-06-11,0.4766930639743805
1981-06-12,0.4766930639743805
1981-06-15,0.5077817440032959
1981-06-16,0.5077817440032959
1981-06-17,0.4974190890789032
1981-06-18,0.5077817440032959
1981-06-19,0.5181446075439453
1981-06-22,0.5181446075439453
1981-06-23,0.5181446075439453
1981-06-24,0.5181446075439453
1981-06-25,0.5181446075439453
1981-06-26,0.5181446075439453
1981-06-29,0.5181446075439453
1981-06-30,0.5181446075439453
1981-07-01,0.5285071730613708
1981-07-02,0.5181446075439453
1981-07-06,0.5181446075439453
1981-07-07,0.5181446075439453
1981-07-08,0.5077817440032959
1981-07-09,0.5077817440032959
1981-07-10,0.5077817440032959
1981-07-13,0.5077817440032959
1981-07-14,0.5077817440032959
1981-07-15,0.5077817440032959
1981-07-16,0.5077817440032959
1981-07-17,0.5077817440032959
1981-07-20,0.5077817440032959
1981-07-21,0.4974190890789032
1981-07-22,0.4974190890789032
1981-07-23,0.4974190890789032
1981-07-24,0.4974190890789032
1981-07-27,0.4974190890789032
1981-07-28,0.4974190890789032
1981-07-29,0.4974190890789032
1981-07-30,0.4974190890789032
1981-07-31,0.4974190890789032
1981-08-03,0.4974190890789032
1981-08-04,0.5077817440032959
1981-08-05,0.5077817440032959
1981-08-06,0.4974190890789032
1981-08-07,0.4974190890789032
1981-08-10,0.4974190890789032
1981-08-11,0.4974190890789032
1981-08-12,0.4974190890789032
1981-08-13,0.4974190890789032
1981-08-14,0.4974190890789032
1981-08-17,0.4974190890789032
1981-08-18,0.48705610632896423
1981-08-19,0.4766930639743805
1981-08-20,0.4766930639743805
1981-08-21,0.48705610632896423
1981-08-24,0.48705610632896423
1981-08-25,0.48705610632896423
1981-08-26,0.4766930639743805
1981-08-27,0.4766930639743805
1981-08-28,0.4766930639743805
1981-08-31,0.4766930639743805
1981-09-01,0.4766930639743805
1981-09-02,0.4766930639743805
1981-09-03,0.4766930639743805
1981-09-04,0.4766930639743805
1981-09-08,0.4766930639743805
1981-09-09,0.4766930639743805
1981-09-10,0.4663301706314087
1981-09-11,0.4663301706314087
1981-09-14,0.4663301706314087
1981-09-15,0.4663301706314087
1981-09-16,0.4663301706314087
1981-09-17,0.4663301706314087
1981-09-18,0.4663301706314087
1981-09-21,0.4559673070907593
1981-09-22,0.4559673070907593
1981-09-23,0.4456040859222412
1981-09-24,0.4456040859222412
1981-09-25,0.4456040859222412
1981-09-28,0.4456040859222412
1981-09-29,0.4456040859222412
1981-09-30,0.4456040859222412
1981-10-01,0.4456040859222412
1981-10-02,0.4456040859222412
1981-10-05,0.4456040859222412
1981-10-06,0.4456040859222412
1981-10-07,0.4456040859222412
1981-10-08,0.4456040859222412
1981-10-09,0.4456040859222412
1981-10-12,0.4456040859222412
1981-10-13,0.4456040859222412
1981-10-14,0.4456040859222412
1981-10-15,0.4456040859222412
1981-10-16,0.4456040859222412
1981-10-19,0.4456040859222412
1981-10-20,0.4456040859222412
1981-10-21,0.4456040859222412
1981-10-22,0.4456040859222412
1981-10-23,0.4456040859222412
1981-10-26,0.4456040859222412
1981-10-27,0.4456040859222412
1981-10-28,0.4456040859222412
1981-10-29,0.4456040859222412
1981-10-30,0.4456040859222412
1981-11-02,0.4559673070907593
1981-11-03,0.4663301706314087
1981-11-04,0.4663301706314087
1981-11-05,0.4663301706314087
1981-11-06,0.4663301706314087
1981-11-09,0.4663301706314087
1981-11-10,0.4766930639743805
1981-11-11,0.4663301706314087
1981-11-12,0.4663301706314087
1981-11-13,0.4663301706314087
1981-11-16,0.4663301706314087
1981-11-17,0.4663301706314087
1981-11-18,0.4663301706314087
1981-11-19,0.4559673070907593
1981-11-20,0.4663301706314087
1981-11-23,0.4663301706314087
1981-11-24,0.4663301706314087
1981-11-25,0.4663301706314087
1981-11-27,0.4663301706314087
1981-11-30,0.4663301706314087
1981-12-01,0.4766930639743805
1981-12-02,0.4766930639743805
1981-12-03,0.4766930639743805
1981-12-04,0.4766930639743805
1981-12-07,0.4766930639743805
1981-12-08,0.4766930639743805
1981-12-09,0.4663301706314087
1981-12-10,0.4559673070907593
1981-12-11,0.4559673070907593
1981-12-14,0.4559673070907593
1981-12-15,0.4559673070907593
1981-12-16,0.4559673070907593
1981-12-17,0.4559673070907593
1981-12-18,0.4559673070907593
1981-12-21,0.4559673070907593
1981-12-22,0.4766930639743805
1981-12-23,0.48705610632896423
1981-12-24,0.48705610632896423
1981-12-28,0.48705610632896423
1981-12-29,0.4766930639743805
1981-12-30,0.48705610632896423
1981-12-31,0.4766930639743805
1982-01-04,0.4766930639743805
1982-01-05,0.4766930639743805
1982-01-06,0.4766930639743805
1982-01-07,0.4663301706314087
1982-01-08,0.4663301706314087
1982-01-11,0.4663301706314087
1982-01-12,0.4663301706314087
1982-01-13,0.4663301706314087
1982-01-14,0.4663301706314087
1982-01-15,0.4663301706314087
1982-01-18,0.4766930639743805
1982-01-19,0.4766930639743805
1982-01-20,0.4766930639743805
1982-01-21,0.4766930639743805
1982-01-22,0.4766930639743805
1982-01-25,0.4766930639743805
1982-01-26,0.48705610632896423
1982-01-27,0.48705610632896423
1982-01-28,0.48705610632896423
1982-01-29,0.48705610632896423
1982-02-01,0.4663301706314087
1982-02-02,0.4663301706314087
1982-02-03,0.4663301706314087
1982-02-04,0.4663301706314087
1982-02-05,0.4663301706314087
1982-02-08,0.4663301706314087
1982-02-09,0.4559673070907593
1982-02-10,0.4559673070907593
1982-02-11,0.4559673070907593
1982-02-12,0.4559673070907593
1982-02-16,0.4559673070907593
1982-02-17,0.4559673070907593
1982-02-18,0.4559673070907593
1982-02-19,0.4456040859222412
1982-02-22,0.4559673070907593
1982-02-23,0.4559673070907593
1982-02-24,0.4559673070907593
1982-02-25,0.4663301706314087
1982-02-26,0.4663301706314087
1982-03-01,0.4766930639743805
1982-03-02,0.4766930639743805
1982-03-03,0.4766930639743805
1982-03-04,0.4766930639743805
1982-03-05,0.4766930639743805
1982-03-08,0.4766930639743805
1982-03-09,0.4766930639743805
1982-03-10,0.4663301706314087
1982-03-11,0.4663301706314087
1982-03-12,0.4559673070907593
1982-03-15,0.4559673070907593
1982-03-16,0.4559673070907593
1982-03-17,0.4559673070907593
1982-03-18,0.4663301706314087
1982-03-19,0.4559673070907593
1982-03-22,0.4559673070907593
1982-03-23,0.4559673070907593
1982-03-24,0.4559673070907593
1982-03-25,0.4559673070907593
1982-03-26,0.4559673070907593
1982-03-29,0.4559673070907593
1982-03-30,0.4559673070907593
1982-03-31,0.4559673070907593
1982-04-01,0.4663301706314087
1982-04-02,0.4663301706314087
1982-04-05,0.4663301706314087
1982-04-06,0.4663301706314087
1982-04-07,0.4663301706314087
1982-04-08,0.4663301706314087
1982-04-12,0.4663301706314087
1982-04-13,0.4663301706314087
1982-04-14,0.4663301706314087
1982-04-15,0.4663301706314087
1982-04-16,0.4663301706314087
1982-04-19,0.4663301706314087
1982-04-20,0.4559673070907593
1982-04-21,0.4559673070907593
1982-04-22,0.4559673070907593
1982-04-23,0.4559673070907593
1982-04-26,0.4663301706314087
1982-04-27,0.4766930639743805
1982-04-28,0.4766930639743805
1982-04-29,0.4559673070907593
1982-04-30,0.4663301706314087
1982-05-03,0.4663301706314087
1982-05-04,0.4559673070907593
1982-05-05,0.4559673070907593
1982-05-06,0.4663301706314087
1982-05-07,0.4663301706314087
1982-05-10,0.4663301706314087
1982-05-11,0.4663301706314087
1982-05-12,0.4766930639743805
1982-05-13,0.4766930639743805
1982-05-14,0.4766930639743805
1982-05-17,0.4766930639743805
1982-05-18,0.4766930639743805
1982-05-19,0.4766930639743805
1982-05-20,0.4766930639743805
1982-05-21,0.4766930639743805
1982-05-24,0.4766930639743805
1982-05-25,0.48705610632896423
1982-05-26,0.4766930639743805
1982-05-27,0.4766930639743805
1982-05-28,0.4663301706314087
1982-06-01,0.4663301706314087
1982-06-02,0.4663301706314087
1982-06-03,0.4663301706314087
1982-06-04,0.4559673070907593
1982-06-07,0.4559673070907593
1982-06-08,0.4559673070907593
1982-06-09,0.4559673070907593
1982-06-10,0.4559673070907593
1982-06-11,0.4663301706314087
1982-06-14,0.4559673070907593
1982-06-15,0.4559673070907593
1982-06-16,0.4559673070907593
1982-06-17,0.4559673070907593
1982-06-18,0.4456040859222412
1982-06-21,0.4456040859222412
1982-06-22,0.45078590512275696
1982-06-23,0.4559673070907593
1982-06-24,0.4559673070907593
1982-06-25,0.4559673070907593
1982-06-28,0.4559673070907593
1982-06-29,0.4611486494541168
1982-06-30,0.4611486494541168
1982-07-01,0.4611486494541168
1982-07-02,0.4611486494541168
1982-07-06,0.4663301706314087
1982-07-07,0.4611486494541168
1982-07-08,0.4559673070907593
1982-07-09,0.4611486494541168
1982-07-12,0.4663301706314087
1982-07-13,0.4663301706314087
1982-07-14,0.4663301706314087
1982-07-15,0.4663301706314087
1982-07-16,0.4663301706314087
1982-07-19,0.4663301706314087
1982-07-20,0.4663301706314087
1982-07-21,0.4663301706314087
1982-07-22,0.4663301706314087
1982-07-23,0.4663301706314087
1982-07-26,0.4663301706314087
1982-07-27,0.4663301706314087
1982-07-28,0.4663301706314087
1982-07-29,0.4663301706314087
1982-07-30,0.4663301706314087
1982-08-02,0.45078590512275696
1982-08-03,0.4611486494541168
1982-08-04,0.4611486494541168
1982-08-05,0.4611486494541168
1982-08-06,0.4559673070907593
1982-08-09,0.4456040859222412
1982-08-10,0.4456040859222412
1982-08-11,0.44042301177978516
1982-08-12,0.44042301177978516
1982-08-13,0.4456040859222412
1982-08-16,0.4559673070907593
1982-08-17,0.4611486494541168
1982-08-18,0.4663301706314087
1982-08-19,0.4663301706314087
1982-08-20,0.48705610632896423
1982-08-23,0.4818743169307709
1982-08-24,0.48705610632896423
1982-08-25,0.48705610632896423
1982-08-26,0.49223771691322327
1982-08-27,0.48705610632896423
1982-08-30,0.48705610632896423
1982-08-31,0.48705610632896423
1982-09-01,0.4974190890789032
1982-09-02,0.4974190890789032
1982-09-03,0.4974190890789032
1982-09-07,0.5077817440032959
1982-09-08,0.5077817440032959
1982-09-09,0.5077817440032959
1982-09-10,0.4974190890789032
1982-09-13,0.4974190890789032
1982-09-14,0.4974190890789032
1982-09-15,0.4974190890789032
1982-09-16,0.4974190890789032
1982-09-17,0.48705610632896423
1982-09-20,0.4974190890789032
1982-09-21,0.4974190890789032
1982-09-22,0.4974190890789032
1982-09-23,0.4974190890789032
1982-09-24,0.4974190890789032
1982-09-27,0.4974190890789032
1982-09-28,0.4974190890789032
1982-09-29,0.4974190890789032
1982-09-30,0.4974190890789032
1982-10-01,0.4974190890789032
1982-10-04,0.4974190890789032
1982-10-05,0.4974190890789032
1982-10-06,0.4974190890789032
1982-10-07,0.5026001930236816
1982-10-08,0.5077817440032959
1982-10-11,0.5077817440032959
1982-10-12,0.5077817440032959
1982-10-13,0.5285071730613708
1982-10-14,0.5285071730613708
1982-10-15,0.5285071730613708
1982-10-18,0.5388702750205994
1982-10-19,0.5285071730613708
1982-10-20,0.5285071730613708
1982-10-21,0.5388702750205994
1982-10-22,0.5388702750205994
1982-10-25,0.5285071730613708
1982-10-26,0.5285071730613708
1982-10-27,0.5285071730613708
1982-10-28,0.5336890816688538
1982-10-29,0.5181446075439453
1982-11-01,0.5181446075439453
1982-11-02,0.5181446075439453
1982-11-03,0.5285071730613708
1982-11-04,0.5388702750205994
1982-11-05,0.544052004814148
1982-11-08,0.544052004814148
1982-11-09,0.5388702750205994
1982-11-10,0.5388702750205994
1982-11-11,0.5492336750030518
1982-11-12,0.5595963001251221
1982-11-15,0.5492336750030518
1982-11-16,0.5388702750205994
1982-11-17,0.5388702750205994
1982-11-18,0.5492336750030518
1982-11-19,0.5492336750030518
1982-11-22,0.5492336750030518
1982-11-23,0.5492336750030518
1982-11-24,0.544052004814148
1982-11-26,0.544052004814148
1982-11-29,0.5388702750205994
1982-11-30,0.5388702750205994
1982-12-01,0.5388702750205994
1982-12-02,0.5492336750030518
1982-12-03,0.5492336750030518
1982-12-06,0.5492336750030518
1982-12-07,0.5492336750030518
1982-12-08,0.5492336750030518
1982-12-09,0.5492336750030518
1982-12-10,0.5388702750205994
1982-12-13,0.5388702750205994
1982-12-14,0.544052004814148
1982-12-15,0.544052004814148
1982-12-16,0.544052004814148
1982-12-17,0.544052004814148
1982-12-20,0.5388702750205994
1982-12-21,0.5388702750205994
1982-12-22,0.5388702750205994
1982-12-23,0.544052004814148
1982-12-27,0.544052004814148
1982-12-28,0.544052004814148
1982-12-29,0.5492336750030518
1982-12-30,0.5492336750030518
1982-12-31,0.5544145703315735
1983-01-03,0.5492336750030518
1983-01-04,0.5492336750030518
1983-01-05,0.544052004814148
1983-01-06,0.5492336750030518
1983-01-07,0.544052004814148
1983-01-10,0.544052004814148
1983-01-11,0.5492336750030518
1983-01-12,0.5544145703315735
1983-01-13,0.5492336750030518
1983-01-14,0.5492336750030518
1983-01-17,0.5544145703315735
1983-01-18,0.5595963001251221
1983-01-19,0.5595963001251221
1983-01-20,0.5647777318954468
1983-01-21,0.5647777318954468
1983-01-24,0.5751403570175171
1983-01-25,0.5906848907470703
1983-01-26,0.6010478138923645
1983-01-27,0.6010478138923645
1983-01-28,0.61141037940979
1983-01-31,0.61141037940979
1983-02-01,0.5906848907470703
1983-02-02,0.5958661437034607
1983-02-03,0.6010478138923645
1983-02-04,0.6062291860580444
1983-02-07,0.61141037940979
1983-02-08,0.61141037940979
1983-02-09,0.61141037940979
1983-02-10,0.6217737197875977
1983-02-11,0.6217737197875977
1983-02-14,0.6321366429328918
1983-02-15,0.6373178362846375
1983-02-16,0.6528623104095459
1983-02-17,0.6373178362846375
1983-02-18,0.6217737197875977
1983-02-22,0.6010478138923645
1983-02-23,0.6010478138923645
1983-02-24,0.61141037940979
1983-02-25,0.6217737197875977
1983-02-28,0.6165921092033386
1983-03-01,0.6217737197875977
1983-03-02,0.626954972743988
1983-03-03,0.626954972743988
1983-03-04,0.6217737197875977
1983-03-07,0.6165921092033386
1983-03-08,0.6217737197875977
1983-03-09,0.6217737197875977
1983-03-10,0.6217737197875977
1983-03-11,0.6217737197875977
1983-03-14,0.6321366429328918
1983-03-15,0.6321366429328918
1983-03-16,0.6424992084503174
1983-03-17,0.6424992084503174
1983-03-18,0.6528623104095459
1983-03-21,0.6580435037612915
1983-03-22,0.6321366429328918
1983-03-23,0.6373178362846375
1983-03-24,0.6373178362846375
1983-03-25,0.6476808786392212
1983-03-28,0.6476808786392212
1983-03-29,0.6424992084503174
1983-03-30,0.6528623104095459
1983-03-31,0.6528623104095459
1983-04-04,0.6424992084503174
1983-04-05,0.6321366429328918
1983-04-06,0.6217737197875977
1983-04-07,0.6217737197875977
1983-04-08,0.626954972743988
1983-04-11,0.6321366429328918
1983-04-12,0.6321366429328918
1983-04-13,0.6424992084503174
1983-04-14,0.6528623104095459
1983-04-15,0.6580435037612915
1983-04-18,0.6528623104095459
1983-04-19,0.6424992084503174
1983-04-20,0.6424992084503174
1983-04-21,0.6528623104095459
1983-04-22,0.6632247567176819
1983-04-25,0.6632247567176819
1983-04-26,0.6528623104095459
1983-04-27,0.6528623104095459
1983-04-28,0.6528623104095459
1983-04-29,0.6528623104095459
1983-05-02,0.6476808786392212
1983-05-03,0.6580435037612915
1983-05-04,0.6580435037612915
1983-05-05,0.6528623104095459
1983-05-06,0.6528623104095459
1983-05-09,0.6632247567176819
1983-05-10,0.6735879778862
1983-05-11,0.7046765089035034
1983-05-12,0.6943138837814331
1983-05-13,0.6891322731971741
1983-05-16,0.6891322731971741
1983-05-17,0.6943138837814331
1983-05-18,0.6994950771331787
1983-05-19,0.6994950771331787
1983-05-20,0.6943138837814331
1983-05-23,0.7150395512580872
1983-05-24,0.7150395512580872
1983-05-25,0.7150395512580872
1983-05-26,0.7357655167579651
1983-05-27,0.7150395512580872
1983-05-31,0.7046765089035034
1983-06-01,0.7046765089035034
1983-06-02,0.7046765089035034
1983-06-03,0.709858238697052
1983-06-06,0.72540283203125
1983-06-07,0.72540283203125
1983-06-08,0.7046765089035034
1983-06-09,0.683951199054718
1983-06-10,0.683951199054718
1983-06-13,0.683951199054718
1983-06-14,0.6943138837814331
1983-06-15,0.6943138837814331
1983-06-16,0.6943138837814331
1983-06-17,0.6735879778862
1983-06-20,0.6735879778862
1983-06-21,0.6735879778862
1983-06-22,0.6735879778862
1983-06-23,0.683951199054718
1983-06-24,0.683951199054718
1983-06-27,0.6735879778862
1983-06-28,0.6735879778862
1983-06-29,0.6735879778862
1983-06-30,0.683951199054718
1983-07-01,0.6735879778862
1983-07-05,0.6684067249298096
1983-07-06,0.6632247567176819
1983-07-07,0.678769588470459
1983-07-08,0.678769588470459
1983-07-11,0.6528623104095459
1983-07-12,0.6528623104095459
1983-07-13,0.6528623104095459
1983-07-14,0.6632247567176819
1983-07-15,0.6580435037612915
1983-07-18,0.6528623104095459
1983-07-19,0.6528623104095459
1983-07-20,0.6632247567176819
1983-07-21,0.6632247567176819
1983-07-22,0.6580435037612915
1983-07-25,0.6632247567176819
1983-07-26,0.6580435037612915
1983-07-27,0.6580435037612915
1983-07-28,0.6580435037612915
1983-07-29,0.6580435037612915
1983-08-01,0.6528623104095459
1983-08-02,0.6528623104095459
1983-08-03,0.6632247567176819
1983-08-04,0.6580435037612915
1983-08-05,0.6684067249298096
1983-08-08,0.6684067249298096
1983-08-09,0.6580435037612915
1983-08-10,0.6580435037612915
1983-08-11,0.6580435037612915
1983-08-12,0.6580435037612915
1983-08-15,0.6580435037612915
1983-08-16,0.6528623104095459
1983-08-17,0.6528623104095459
1983-08-18,0.6632247567176819
1983-08-19,0.6632247567176819
1983-08-22,0.6632247567176819
1983-08-23,0.6632247567176819
1983-08-24,0.6632247567176819
1983-08-25,0.6580435037612915
1983-08-26,0.6528623104095459
1983-08-29,0.6632247567176819
1983-08-30,0.6684067249298096
1983-08-31,0.6684067249298096
1983-09-01,0.6528623104095459
1983-09-02,0.6528623104095459
1983-09-06,0.6528623104095459
1983-09-07,0.6528623104095459
1983-09-08,0.6528623104095459
1983-09-09,0.6684067249298096
1983-09-12,0.6684067249298096
1983-09-13,0.6580435037612915
1983-09-14,0.6632247567176819
1983-09-15,0.6632247567176819
1983-09-16,0.6528623104095459
1983-09-19,0.6528623104095459
1983-09-20,0.6528623104095459
1983-09-21,0.6476808786392212
1983-09-22,0.6476808786392212
1983-09-23,0.6528623104095459
1983-09-26,0.6632247567176819
1983-09-27,0.6735879778862
1983-09-28,0.678769588470459
1983-09-29,0.678769588470459
1983-09-30,0.6891322731971741
1983-10-03,0.6891322731971741
1983-10-04,0.6891322731971741
1983-10-05,0.7046765089035034
1983-10-06,0.6891322731971741
1983-10-07,0.678769588470459
1983-10-10,0.6684067249298096
1983-10-11,0.6735879778862
1983-10-12,0.6735879778862
1983-10-13,0.678769588470459
1983-10-14,0.678769588470459
1983-10-17,0.6891322731971741
1983-10-18,0.678769588470459
1983-10-19,0.683951199054718
1983-10-20,0.683951199054718
1983-10-21,0.683951199054718
1983-10-24,0.683951199054718
1983-10-25,0.678769588470459
1983-10-26,0.678769588470459
1983-10-27,0.6735879778862
1983-10-28,0.6684067249298096
1983-10-31,0.6632247567176819
1983-11-01,0.6632247567176819
1983-11-02,0.6632247567176819
1983-11-03,0.6580435037612915
1983-11-04,0.6632247567176819
1983-11-07,0.6735879778862
1983-11-08,0.6735879778862
1983-11-09,0.6735879778862
1983-11-10,0.6735879778862
1983-11-11,0.6735879778862
1983-11-14,0.6735879778862
1983-11-15,0.6684067249298096
1983-11-16,0.6632247567176819
1983-11-17,0.6632247567176819
1983-11-18,0.6632247567176819
1983-11-21,0.6632247567176819
1983-11-22,0.6632247567176819
1983-11-23,0.6632247567176819
1983-11-25,0.6632247567176819
1983-11-28,0.6632247567176819
1983-11-29,0.6632247567176819
1983-11-30,0.6632247567176819
1983-12-01,0.6632247567176819
1983-12-02,0.6632247567176819
1983-12-05,0.6632247567176819
1983-12-06,0.6632247567176819
1983-12-07,0.6632247567176819
1983-12-08,0.6632247567176819
1983-12-09,0.6632247567176819
1983-12-12,0.6632247567176819
1983-12-13,0.6528623104095459
1983-12-14,0.6528623104095459
1983-12-15,0.6528623104095459
1983-12-16,0.6528623104095459
1983-12-19,0.6580435037612915
1983-12-20,0.6528623104095459
1983-12-21,0.6528623104095459
1983-12-22,0.6528623104095459
1983-12-23,0.6528623104095459
1983-12-27,0.6528623104095459
1983-12-28,0.6528623104095459
1983-12-29,0.6528623104095459
1983-12-30,0.6632247567176819
1984-01-03,0.6528623104095459
1984-01-04,0.6528623104095459
1984-01-05,0.6528623104095459
1984-01-06,0.6684067249298096
1984-01-09,0.6684067249298096
1984-01-10,0.6684067249298096
1984-01-11,0.6632247567176819
1984-01-12,0.6684067249298096
1984-01-13,0.6632247567176819
1984-01-16,0.6684067249298096
1984-01-17,0.6735879778862
1984-01-18,0.6735879778862
1984-01-19,0.6735879778862
1984-01-20,0.6735879778862
1984-01-23,0.683951199054718
1984-01-24,0.683951199054718
1984-01-25,0.683951199054718
1984-01-26,0.683951199054718
1984-01-27,0.683951199054718
1984-01-30,0.6684067249298096
1984-01-31,0.6735879778862
1984-02-01,0.678769588470459
1984-02-02,0.6735879778862
1984-02-03,0.6632247567176819
1984-02-06,0.683951199054718
1984-02-07,0.683951199054718
1984-02-08,0.6632247567176819
1984-02-09,0.6632247567176819
1984-02-10,0.6632247567176819
1984-02-13,0.6424992084503174
1984-02-14,0.6424992084503174
1984-02-15,0.6476808786392212
1984-02-16,0.6476808786392212
1984-02-17,0.6476808786392212
1984-02-21,0.6476808786392212
1984-02-22,0.6424992084503174
1984-02-23,0.6424992084503174
1984-02-24,0.6476808786392212
1984-02-27,0.6580435037612915
1984-02-28,0.6580435037612915
1984-02-29,0.6632247567176819
1984-03-01,0.6528623104095459
1984-03-02,0.6528623104095459
1984-03-05,0.6528623104095459
1984-03-06,0.6580435037612915
1984-03-07,0.6528623104095459
1984-03-08,0.6424992084503174
1984-03-09,0.6424992084503174
1984-03-12,0.6528623104095459
1984-03-13,0.6528623104095459
1984-03-14,0.6528623104095459
1984-03-15,0.6424992084503174
1984-03-16,0.6424992084503174
1984-03-19,0.6476808786392212
1984-03-20,0.6476808786392212
1984-03-21,0.6424992084503174
1984-03-22,0.6373178362846375
1984-03-23,0.6424992084503174
1984-03-26,0.6424992084503174
1984-03-27,0.6476808786392212
1984-03-28,0.6476808786392212
1984-03-29,0.6424992084503174
1984-03-30,0.6373178362846375
1984-04-02,0.6321366429328918
1984-04-03,0.626954972743988
1984-04-04,0.6321366429328918
1984-04-05,0.626954972743988
1984-04-06,0.6217737197875977
1984-04-09,0.6217737197875977
1984-04-10,0.6217737197875977
1984-04-11,0.626954972743988
1984-04-12,0.6321366429328918
1984-04-13,0.6321366429328918
1984-04-16,0.6321366429328918
1984-04-17,0.6373178362846375
1984-04-18,0.6321366429328918
1984-04-19,0.6321366429328918
1984-04-23,0.6424992084503174
1984-04-24,0.6424992084503174
1984-04-25,0.6217737197875977
1984-04-26,0.6321366429328918
1984-04-27,0.626954972743988
1984-04-30,0.6165921092033386
1984-05-01,0.61141037940979
1984-05-02,0.61141037940979
1984-05-03,0.6217737197875977
1984-05-04,0.6165921092033386
1984-05-07,0.6165921092033386
1984-05-08,0.626954972743988
1984-05-09,0.6217737197875977
1984-05-10,0.626954972743988
1984-05-11,0.6217737197875977
1984-05-14,0.626954972743988
1984-05-15,0.6321366429328918
1984-05-16,0.6321366429328918
1984-05-17,0.626954972743988
1984-05-18,0.6321366429328918
1984-05-21,0.6373178362846375
1984-05-22,0.6373178362846375
1984-05-23,0.6321366429328918
1984-05-24,0.6373178362846375
1984-05-25,0.6321366429328918
1984-05-29,0.626954972743988
1984-05-30,0.626954972743988
1984-05-31,0.626954972743988
1984-06-01,0.6373178362846375
1984-06-04,0.6424992084503174
1984-06-05,0.6424992084503174
1984-06-06,0.6424992084503174
1984-06-07,0.6321366429328918
1984-06-08,0.6321366429328918
1984-06-11,0.6373178362846375
1984-06-12,0.6321366429328918
1984-06-13,0.626954972743988
1984-06-14,0.626954972743988
1984-06-15,0.6321366429328918
1984-06-18,0.6373178362846375
1984-06-19,0.6321366429328918
1984-06-20,0.6321366429328918
1984-06-21,0.626954972743988
1984-06-22,0.6321366429328918
1984-06-25,0.6321366429328918
1984-06-26,0.6321366429328918
1984-06-27,0.6321366429328918
1984-06-28,0.6321366429328918
1984-06-29,0.6321366429328918
1984-07-02,0.6373178362846375
1984-07-03,0.6373178362846375
1984-07-05,0.6476808786392212
1984-07-06,0.6424992084503174
1984-07-09,0.6373178362846375
1984-07-10,0.6424992084503174
1984-07-11,0.6476808786392212
1984-07-12,0.6424992084503174
1984-07-13,0.6373178362846375
1984-07-16,0.6373178362846375
1984-07-17,0.6373178362846375
1984-07-18,0.6528623104095459
1984-07-19,0.6580435037612915
1984-07-20,0.6684067249298096
1984-07-23,0.6632247567176819
1984-07-24,0.6632247567176819
1984-07-25,0.6632247567176819
1984-07-26,0.678769588470459
1984-07-27,0.6891322731971741
1984-07-30,0.6735879778862
1984-07-31,0.6735879778862
1984-08-01,0.678769588470459
1984-08-02,0.6735879778862
1984-08-03,0.6580435037612915
1984-08-06,0.6735879778862
1984-08-07,0.683951199054718
1984-08-08,0.683951199054718
1984-08-09,0.683951199054718
1984-08-10,0.678769588470459
1984-08-13,0.683951199054718
1984-08-14,0.6891322731971741
1984-08-15,0.709858238697052
1984-08-16,0.7150395512580872
1984-08-17,0.7046765089035034
1984-08-20,0.7046765089035034
1984-08-21,0.7046765089035034
1984-08-22,0.7150395512580872
1984-08-23,0.72540283203125
1984-08-24,0.72540283203125
1984-08-27,0.72540283203125
1984-08-28,0.7202205061912537
1984-08-29,0.7305836081504822
1984-08-30,0.7357655167579651
1984-08-31,0.7357655167579651
1984-09-04,0.7357655167579651
1984-09-05,0.740946888923645
1984-09-06,0.7564912438392639
1984-09-07,0.7513094544410706
1984-09-10,0.7564912438392639
1984-09-11,0.7772170305252075
1984-09-12,0.7927610278129578
1984-09-13,0.7772170305252075
1984-09-14,0.7564912438392639
1984-09-17,0.7564912438392639
1984-09-18,0.7668540477752686
1984-09-19,0.7668540477752686
1984-09-20,0.7720357179641724
1984-09-21,0.7772170305252075
1984-09-24,0.7720357179641724
1984-09-25,0.7668540477752686
1984-09-26,0.7513094544410706
1984-09-27,0.7513094544410706
1984-09-28,0.7513094544410706
1984-10-01,0.7616729736328125
1984-10-02,0.7616729736328125
1984-10-03,0.7564912438392639
1984-10-04,0.7564912438392639
1984-10-05,0.7616729736328125
1984-10-08,0.7616729736328125
1984-10-09,0.7616729736328125
1984-10-10,0.7616729736328125
1984-10-11,0.7823984026908875
1984-10-12,0.7875798940658569
1984-10-15,0.7772170305252075
1984-10-16,0.7823984026908875
1984-10-17,0.7720357179641724
1984-10-18,0.7875798940658569
1984-10-19,0.7927610278129578
1984-10-22,0.7823984026908875
1984-10-23,0.7823984026908875
1984-10-24,0.7772170305252075
1984-10-25,0.7720357179641724
1984-10-26,0.7668540477752686
1984-10-29,0.7513094544410706
1984-10-30,0.7513094544410706
1984-10-31,0.7461280226707458
1984-11-01,0.7564912438392639
1984-11-02,0.7720357179641724
1984-11-05,0.7564912438392639
1984-11-06,0.7564912438392639
1984-11-07,0.7668540477752686
1984-11-08,0.7668540477752686
1984-11-09,0.7772170305252075
1984-11-12,0.7720357179641724
1984-11-13,0.7823984026908875
1984-11-14,0.7772170305252075
1984-11-15,0.7772170305252075
1984-11-16,0.7772170305252075
1984-11-19,0.7772170305252075
1984-11-20,0.7668540477752686
1984-11-21,0.7720357179641724
1984-11-23,0.7772170305252075
1984-11-26,0.7772170305252075
1984-11-27,0.7772170305252075
1984-11-28,0.8031245470046997
1984-11-29,0.8031245470046997
1984-11-30,0.7875798940658569
1984-12-03,0.8031245470046997
1984-12-04,0.8083055019378662
1984-12-05,0.8134870529174805
1984-12-06,0.8134870529174805
1984-12-07,0.8186683654785156
1984-12-10,0.8186683654785156
1984-12-11,0.8134870529174805
1984-12-12,0.8134870529174805
1984-12-13,0.8134870529174805
1984-12-14,0.8083055019378662
1984-12-17,0.8134870529174805
1984-12-18,0.8186683654785156
1984-12-19,0.8238497972488403
1984-12-20,0.8186683654785156
1984-12-21,0.8134870529174805
1984-12-24,0.8134870529174805
1984-12-26,0.8186683654785156
1984-12-27,0.8083055019378662
1984-12-28,0.7979429364204407
1984-12-31,0.8083055019378662
1985-01-02,0.8134870529174805
1985-01-03,0.8186683654785156
1985-01-04,0.7979429364204407
1985-01-07,0.8031245470046997
1985-01-08,0.8031245470046997
1985-01-09,0.8186683654785156
1985-01-10,0.8134870529174805
1985-01-11,0.8186683654785156
1985-01-14,0.8186683654785156
1985-01-15,0.8186683654785156
1985-01-16,0.8031245470046997
1985-01-17,0.8083055019378662
1985-01-18,0.8083055019378662
1985-01-21,0.8393949866294861
1985-01-22,0.8497575521469116
1985-01-23,0.8549387454986572
1985-01-24,0.8601201176643372
1985-01-25,0.8601201176643372
1985-01-28,0.8756640553474426
1985-01-29,0.8653020858764648
1985-01-30,0.8497575521469116
1985-01-31,0.829031229019165
1985-02-01,0.829031229019165
1985-02-04,0.8393949866294861
1985-02-05,0.8186683654785156
1985-02-06,0.8083055019378662
1985-02-07,0.8031245470046997
1985-02-08,0.8031245470046997
1985-02-11,0.8083055019378662
1985-02-12,0.8342128396034241
1985-02-13,0.8445760011672974
1985-02-14,0.8497575521469116
1985-02-15,0.8601201176643372
1985-02-19,0.8704826831817627
1985-02-20,0.8653020858764648
1985-02-21,0.8549387454986572
1985-02-22,0.8549387454986572
1985-02-25,0.8653020858764648
1985-02-26,0.8756640553474426
1985-02-27,0.8756640553474426
1985-02-28,0.8601201176643372
1985-03-01,0.8653020858764648
1985-03-04,0.8601201176643372
1985-03-05,0.8912081718444824
1985-03-06,0.8601201176643372
1985-03-07,0.8601201176643372
1985-03-08,0.8497575521469116
1985-03-11,0.8445760011672974
1985-03-12,0.8393949866294861
1985-03-13,0.8393949866294861
1985-03-14,0.8497575521469116
1985-03-15,0.8653020858764648
1985-03-18,0.8704826831817627
1985-03-19,0.8601201176643372
1985-03-20,0.8653020858764648
1985-03-21,0.8653020858764648
1985-03-22,0.8445760011672974
1985-03-25,0.829031229019165
1985-03-26,0.8393949866294861
1985-03-27,0.8445760011672974
1985-03-28,0.8497575521469116
1985-03-29,0.8808460235595703
1985-04-01,0.8912081718444824
1985-04-02,0.8912081718444824
1985-04-03,0.8808460235595703
1985-04-04,0.8704826831817627
1985-04-08,0.8653020858764648
1985-04-09,0.8497575521469116
1985-04-10,0.8704826831817627
1985-04-11,0.8808460235595703
1985-04-12,0.8497575521469116
1985-04-15,0.8808460235595703
1985-04-16,0.8808460235595703
1985-04-17,0.8860272169113159
1985-04-18,0.9015718102455139
1985-04-19,0.9067531824111938
1985-04-22,0.8912081718444824
1985-04-23,0.8963902592658997
1985-04-24,0.8912081718444824
1985-04-25,0.8808460235595703
1985-04-26,0.8756640553474426
1985-04-29,0.8704826831817627
1985-04-30,0.8549387454986572
1985-05-01,0.8549387454986572
1985-05-02,0.8549387454986572
1985-05-03,0.8497575521469116
1985-05-06,0.8445760011672974
1985-05-07,0.8445760011672974
1985-05-08,0.8549387454986572
1985-05-09,0.8445760011672974
1985-05-10,0.8445760011672974
1985-05-13,0.8497575521469116
1985-05-14,0.8601201176643372
1985-05-15,0.8653020858764648
1985-05-16,0.8808460235595703
1985-05-17,0.8912081718444824
1985-05-20,0.8860272169113159
1985-05-21,0.8912081718444824
1985-05-22,0.8704826831817627
1985-05-23,0.8860272169113159
1985-05-24,0.9067531824111938
1985-05-28,0.8963902592658997
1985-05-29,0.9119346141815186
1985-05-30,0.9222971200942993
1985-05-31,0.9274792075157166
1985-06-03,0.9430232048034668
1985-06-04,0.9482038021087646
1985-06-05,0.9637486338615417
1985-06-06,0.9741125702857971
1985-06-07,0.9689303040504456
1985-06-10,0.9533860087394714
1985-06-11,0.9533860087394714
1985-06-12,0.9533860087394714
1985-06-13,0.9533860087394714
1985-06-14,0.9533860087394714
1985-06-17,0.9482038021087646
1985-06-18,0.9482038021087646
1985-06-19,0.9533860087394714
1985-06-20,0.9482038021087646
1985-06-21,0.9585680961608887
1985-06-24,0.9533860087394714
1985-06-25,0.9585680961608887
1985-06-26,0.9585680961608887
1985-06-27,0.9637486338615417
1985-06-28,0.9637486338615417
1985-07-01,0.9585680961608887
1985-07-02,0.9585680961608887
1985-07-03,0.9741125702857971
1985-07-05,0.9792938232421875
1985-07-08,0.9844754338264465
1985-07-09,0.989656388759613
1985-07-10,1.0155634880065918
1985-07-11,1.0155634880065918
1985-07-12,1.0311076641082764
1985-07-15,1.0259264707565308
1985-07-16,1.0362893342971802
1985-07-17,1.0207449197769165
1985-07-18,1.0155634880065918
1985-07-19,0.989656388759613
1985-07-22,0.9948381781578064
1985-07-23,0.9741125702857971
1985-07-24,0.9533860087394714
1985-07-25,1.0000189542770386
1985-07-26,1.0311076641082764
1985-07-29,1.0362893342971802
1985-07-30,1.0414711236953735
1985-07-31,1.0466519594192505
1985-08-01,1.0311076641082764
1985-08-02,1.0466519594192505
1985-08-05,1.0414711236953735
1985-08-06,1.0259264707565308
1985-08-07,1.0311076641082764
1985-08-08,1.0466519594192505
1985-08-09,1.0466519594192505
1985-08-12,1.0362893342971802
1985-08-13,1.0259264707565308
1985-08-14,1.0414711236953735
1985-08-15,1.0362893342971802
1985-08-16,1.0311076641082764
1985-08-19,1.0207449197769165
1985-08-20,1.0207449197769165
1985-08-21,1.0259264707565308
1985-08-22,1.0414711236953735
1985-08-23,1.0414711236953735
1985-08-26,1.0673781633377075
1985-08-27,1.0621968507766724
1985-08-28,1.0414711236953735
1985-08-29,1.0311076641082764
1985-08-30,1.0362893342971802
1985-09-03,1.0259264707565308
1985-09-04,1.0259264707565308
1985-09-05,1.0181543827056885
1985-09-06,1.0259264707565308
1985-09-09,1.0414711236953735
1985-09-10,1.0336987972259521
1985-09-11,1.0336987972259521
1985-09-12,1.0259264707565308
1985-09-13,1.0026099681854248
1985-09-16,0.9715215563774109
1985-09-17,0.9792938232421875
1985-09-18,0.9870657324790955
1985-09-19,1.0026099681854248
1985-09-20,1.0026099681854248
1985-09-23,1.0026099681854248
1985-09-24,1.0026099681854248
1985-09-25,0.9948381781578064
1985-09-26,1.0026099681854248
1985-09-30,1.0103814601898193
1985-10-01,1.0026099681854248
1985-10-02,1.0026099681854248
1985-10-03,0.9948381781578064
1985-10-04,0.9637486338615417
1985-10-07,0.9404324293136597
1985-10-08,0.9482038021087646
1985-10-09,0.9326603412628174
1985-10-10,0.9482038021087646
1985-10-11,0.9715215563774109
1985-10-14,0.9637486338615417
1985-10-15,0.9482038021087646
1985-10-16,0.955977201461792
1985-10-17,0.9637486338615417
1985-10-18,0.9870657324790955
1985-10-21,1.0026099681854248
1985-10-22,1.0026099681854248
1985-10-23,1.0103814601898193
1985-10-24,1.0181543827056885
1985-10-25,1.0026099681854248
1985-10-28,1.0259264707565308
1985-10-29,0.9870657324790955
1985-10-30,1.0026099681854248
1985-10-31,1.0103814601898193
1985-11-01,1.0103814601898193
1985-11-04,0.9948381781578064
1985-11-05,0.9948381781578064
1985-11-06,0.9792938232421875
1985-11-07,0.9870657324790955
1985-11-08,0.9792938232421875
1985-11-11,0.9792938232421875
1985-11-12,0.955977201461792
1985-11-13,0.8704826831817627
1985-11-14,0.8549387454986572
1985-11-15,0.8083055019378662
1985-11-18,0.8160778284072876
1985-11-19,0.8549387454986572
1985-11-20,0.8238497972488403
1985-11-21,0.8704826831817627
1985-11-22,0.8860272169113159
1985-11-25,0.9015718102455139
1985-11-26,0.9093441963195801
1985-11-27,0.8937990069389343
1985-11-29,0.8860272169113159
1985-12-02,0.8937990069389343
1985-12-03,0.9015718102455139
1985-12-04,0.8937990069389343
1985-12-05,0.8704826831817627
1985-12-06,0.8549387454986572
1985-12-09,0.8549387454986572
1985-12-10,0.8316221237182617
1985-12-11,0.8549387454986572
1985-12-12,0.8627109527587891
1985-12-13,0.8704826831817627
1985-12-16,0.8627109527587891
1985-12-17,0.8937990069389343
1985-12-18,0.8782545924186707
1985-12-19,0.8549387454986572
1985-12-20,0.8704826831817627
1985-12-23,0.8860272169113159
1985-12-24,0.9015718102455139
1985-12-26,0.9093441963195801
1985-12-27,0.9171163439750671
1985-12-30,0.9093441963195801
1985-12-31,0.9093441963195801
1986-01-02,0.9248884320259094
1986-01-03,0.9326603412628174
1986-01-06,0.9326603412628174
1986-01-07,0.9326603412628174
1986-01-08,0.9093441963195801
1986-01-09,0.8937990069389343
1986-01-10,0.9093441963195801
1986-01-13,0.9015718102455139
1986-01-14,0.9015718102455139
1986-01-15,0.9015718102455139
1986-01-16,0.9093441963195801
1986-01-17,0.8937990069389343
1986-01-20,0.8937990069389343
1986-01-21,0.8937990069389343
1986-01-22,0.8860272169113159
1986-01-23,0.8860272169113159
1986-01-24,0.8627109527587891
1986-01-27,0.8549387454986572
1986-01-28,0.8316221237182617
1986-01-29,0.8238497972488403
1986-01-30,0.8471668362617493
1986-01-31,0.8471668362617493
1986-02-03,0.8549387454986572
1986-02-04,0.8549387454986572
1986-02-05,0.8471668362617493
1986-02-06,0.8316221237182617
1986-02-07,0.8471668362617493
1986-02-10,0.8393949866294861
1986-02-11,0.8471668362617493
1986-02-12,0.8393949866294861
1986-02-13,0.8393949866294861
1986-02-14,0.8471668362617493
1986-02-18,0.8549387454986572
1986-02-19,0.8393949866294861
1986-02-20,0.8160778284072876
1986-02-21,0.8393949866294861
1986-02-24,0.8782545924186707
1986-02-25,0.9015718102455139
1986-02-26,0.9171163439750671
1986-02-27,0.9171163439750671
1986-02-28,0.955977201461792
1986-03-03,0.955977201461792
1986-03-04,0.9870657324790955
1986-03-05,1.0336987972259521
1986-03-06,1.0026099681854248
1986-03-07,1.0026099681854248
1986-03-10,0.9870657324790955
1986-03-11,0.9870657324790955
1986-03-12,0.9948381781578064
1986-03-13,0.9792938232421875
1986-03-14,1.0103814601898193
1986-03-17,1.0181543827056885
1986-03-18,1.0103814601898193
1986-03-19,0.9792938232421875
1986-03-20,1.0259264707565308
1986-03-21,1.0336987972259521
1986-03-24,1.0181543827056885
1986-03-25,1.0103814601898193
1986-03-26,0.9870657324790955
1986-03-27,1.0026099681854248
1986-03-31,1.0259264707565308
1986-04-01,1.0570143461227417
1986-04-02,1.1191926002502441
1986-04-03,1.103648066520691
1986-04-04,1.103648066520691
1986-04-07,1.0259264707565308
1986-04-08,1.0492422580718994
1986-04-09,1.0570143461227417
1986-04-10,1.072559118270874
1986-04-11,1.0647870302200317
1986-04-14,1.072559118270874
1986-04-15,1.0570143461227417
1986-04-16,1.0647870302200317
1986-04-17,1.0647870302200317
1986-04-18,1.0647870302200317
1986-04-21,1.0414711236953735
1986-04-22,1.0414711236953735
1986-04-23,1.0414711236953735
1986-04-24,1.0570143461227417
1986-04-25,1.072559118270874
1986-04-28,1.0570143461227417
1986-04-29,1.0570143461227417
1986-04-30,1.0647870302200317
1986-05-01,1.072559118270874
1986-05-02,1.0647870302200317
1986-05-05,1.0570143461227417
1986-05-06,1.0570143461227417
1986-05-07,1.0492422580718994
1986-05-08,1.072559118270874
1986-05-09,1.0647870302200317
1986-05-12,1.0570143461227417
1986-05-13,1.0492422580718994
1986-05-14,1.0414711236953735
1986-05-15,1.0336987972259521
1986-05-16,1.0414711236953735
1986-05-19,1.0414711236953735
1986-05-20,1.0259264707565308
1986-05-21,1.0414711236953735
1986-05-22,1.0492422580718994
1986-05-23,1.0492422580718994
1986-05-27,1.0336987972259521
1986-05-28,1.0492422580718994
1986-05-29,1.0414711236953735
1986-05-30,1.0492422580718994
1986-06-02,1.0336987972259521
1986-06-03,1.0414711236953735
1986-06-04,1.0414711236953735
1986-06-05,1.0259264707565308
1986-06-06,0.9792938232421875
1986-06-09,1.0103814601898193
1986-06-10,0.9948381781578064
1986-06-11,1.0026099681854248
1986-06-12,0.9870657324790955
1986-06-13,0.9792938232421875
1986-06-16,0.9948381781578064
1986-06-17,0.9948381781578064
1986-06-18,0.9948381781578064
1986-06-19,1.0026099681854248
1986-06-20,1.0103814601898193
1986-06-23,1.0103814601898193
1986-06-24,0.9948381781578064
1986-06-25,1.0259264707565308
1986-06-26,1.0259264707565308
1986-06-27,1.0259264707565308
1986-06-30,1.0181543827056885
1986-07-01,1.0181543827056885
1986-07-02,1.0259264707565308
1986-07-03,1.0259264707565308
1986-07-07,1.0181543827056885
1986-07-08,1.0103814601898193
1986-07-09,1.0026099681854248
1986-07-10,1.0026099681854248
1986-07-11,1.0803316831588745
1986-07-14,1.0647870302200317
1986-07-15,1.0492422580718994
1986-07-16,1.0492422580718994
1986-07-17,1.0570143461227417
1986-07-18,1.0570143461227417
1986-07-21,1.0570143461227417
1986-07-22,1.0492422580718994
1986-07-23,1.1425087451934814
1986-07-24,1.1347365379333496
1986-07-25,1.173598051071167
1986-07-28,1.1502807140350342
1986-07-29,1.1191926002502441
1986-07-30,1.103648066520691
1986-07-31,1.1114205121994019
1986-08-01,1.1425087451934814
1986-08-04,1.1191926002502441
1986-08-05,1.1191926002502441
1986-08-06,1.1191926002502441
1986-08-07,1.1114205121994019
1986-08-08,1.088104009628296
1986-08-11,1.0958764553070068
1986-08-12,1.1191926002502441
1986-08-13,1.103648066520691
1986-08-14,1.1114205121994019
1986-08-15,1.103648066520691
1986-08-18,1.103648066520691
1986-08-19,1.103648066520691
1986-08-20,1.0803316831588745
1986-08-21,1.0958764553070068
1986-08-22,1.088104009628296
1986-08-25,1.088104009628296
1986-08-26,1.0958764553070068
1986-08-27,1.1114205121994019
1986-08-28,1.1269646883010864
1986-08-29,1.1347365379333496
1986-09-02,1.1114205121994019
1986-09-03,1.1114205121994019
1986-09-04,1.1269646883010864
1986-09-05,1.1191926002502441
1986-09-08,1.1191926002502441
1986-09-09,1.1269646883010864
1986-09-10,1.1114205121994019
1986-09-11,1.0803316831588745
1986-09-12,1.072559118270874
1986-09-15,1.088104009628296
1986-09-16,1.0803316831588745
1986-09-17,1.088104009628296
1986-09-18,1.088104009628296
1986-09-19,1.088104009628296
1986-09-22,1.103648066520691
1986-09-23,1.0958764553070068
1986-09-24,1.088104009628296
1986-09-25,1.0958764553070068
1986-09-26,1.072559118270874
1986-09-29,1.088104009628296
1986-09-30,1.088104009628296
1986-10-01,1.088104009628296
1986-10-02,1.0803316831588745
1986-10-03,1.072559118270874
1986-10-06,1.0647870302200317
1986-10-07,1.072559118270874
1986-10-08,1.088104009628296
1986-10-09,1.0803316831588745
1986-10-10,1.088104009628296
1986-10-13,1.072559118270874
1986-10-14,1.088104009628296
1986-10-15,1.088104009628296
1986-10-16,1.088104009628296
1986-10-17,1.072559118270874
1986-10-20,1.0647870302200317
1986-10-21,1.0570143461227417
1986-10-22,1.0647870302200317
1986-10-23,1.0492422580718994
1986-10-24,1.072559118270874
1986-10-27,1.088104009628296
1986-10-28,1.088104009628296
1986-10-29,1.0570143461227417
1986-10-30,1.0647870302200317
1986-10-31,1.072559118270874
1986-11-03,1.0803316831588745
1986-11-04,1.0570143461227417
1986-11-05,1.0414711236953735
1986-11-06,1.0570143461227417
1986-11-07,1.0492422580718994
1986-11-10,1.0492422580718994
1986-11-11,1.0492422580718994
1986-11-12,1.0570143461227417
1986-11-13,1.0336987972259521
1986-11-14,1.0259264707565308
1986-11-17,1.0103814601898193
1986-11-18,1.0414711236953735
1986-11-19,1.0336987972259521
1986-11-20,0.9870657324790955
1986-11-21,1.0026099681854248
1986-11-24,0.9637486338615417
1986-11-25,0.9637486338615417
1986-11-26,0.9948381781578064
1986-11-28,1.0103814601898193
1986-12-01,1.0026099681854248
1986-12-02,1.0103814601898193
1986-12-03,0.9948381781578064
1986-12-04,1.0103814601898193
1986-12-05,0.9948381781578064
1986-12-08,1.0026099681854248
1986-12-09,1.0181543827056885
1986-12-10,1.0103814601898193
1986-12-11,1.0026099681854248
1986-12-12,0.9948381781578064
1986-12-15,0.9948381781578064
1986-12-16,0.9948381781578064
1986-12-17,1.0026099681854248
1986-12-18,0.9870657324790955
1986-12-19,0.9870657324790955
1986-12-22,0.9870657324790955
1986-12-23,0.9948381781578064
1986-12-24,1.0103814601898193
1986-12-26,1.0103814601898193
1986-12-29,1.0181543827056885
1986-12-30,1.0259264707565308
1986-12-31,1.0259264707565308
1987-01-02,1.0259264707565308
1987-01-05,1.0259264707565308
1987-01-06,1.0414711236953735
1987-01-07,1.0414711236953735
1987-01-08,1.0414711236953735
1987-01-09,1.0336987972259521
1987-01-12,1.0336987972259521
1987-01-13,1.072559118270874
1987-01-14,1.0492422580718994
1987-01-15,1.072559118270874
1987-01-16,1.0570143461227417
1987-01-19,1.0336987972259521
1987-01-20,1.0414711236953735
1987-01-21,1.0492422580718994
1987-01-22,1.072559118270874
1987-01-23,1.088104009628296
1987-01-26,1.0803316831588745
1987-01-27,1.0892361402511597
1987-01-28,1.0335813760757446
1987-01-29,1.065384864807129
1987-01-30,1.065384864807129
1987-02-02,1.0494831800460815
1987-02-03,1.0335813760757446
1987-02-04,1.0812848806381226
1987-02-05,1.0892361402511597
1987-02-06,1.097186803817749
1987-02-09,1.097186803817749
1987-02-10,1.097186803817749
1987-02-11,1.097186803817749
1987-02-12,1.0733343362808228
1987-02-13,1.0733343362808228
1987-02-17,1.0812848806381226
1987-02-18,1.065384864807129
1987-02-19,1.0812848806381226
1987-02-20,1.025631308555603
1987-02-23,1.0733343362808228
1987-02-24,1.065384864807129
1987-02-25,1.0494831800460815
1987-02-26,1.0733343362808228
1987-02-27,1.0733343362808228
1987-03-02,1.0733343362808228
1987-03-03,1.065384864807129
1987-03-04,1.0733343362808228
1987-03-05,1.0733343362808228
1987-03-06,1.0733343362808228
1987-03-09,1.0494831800460815
1987-03-10,1.0574339628219604
1987-03-11,1.065384864807129
1987-03-12,1.0892361402511597
1987-03-13,1.1130883693695068
1987-03-16,1.097186803817749
1987-03-17,1.097186803817749
1987-03-18,1.0892361402511597
1987-03-19,1.0812848806381226
1987-03-20,1.0733343362808228
1987-03-23,1.097186803817749
1987-03-24,1.1130883693695068
1987-03-25,1.1210392713546753
1987-03-26,1.1448907852172852
1987-03-27,1.1607917547225952
1987-03-30,1.136940360069275
1987-03-31,1.097186803817749
1987-04-01,1.097186803817749
1987-04-02,1.105137586593628
1987-04-03,1.1448907852172852
1987-04-06,1.136940360069275
1987-04-07,1.1210392713546753
1987-04-08,1.1210392713546753
1987-04-09,1.1210392713546753
1987-04-10,1.136940360069275
1987-04-13,1.1130883693695068
1987-04-14,1.105137586593628
1987-04-15,1.1130883693695068
1987-04-16,1.097186803817749
1987-04-20,1.1210392713546753
1987-04-21,1.1130883693695068
1987-04-22,1.105137586593628
1987-04-23,1.0812848806381226
1987-04-24,1.1130883693695068
1987-04-27,1.1289892196655273
1987-04-28,1.1400643587112427
1987-04-29,1.1319212913513184
1987-04-30,1.1563507318496704
1987-05-01,1.1482080221176147
1987-05-04,1.1563507318496704
1987-05-05,1.1319212913513184
1987-05-06,1.1319212913513184
1987-05-07,1.1400643587112427
1987-05-08,1.1400643587112427
1987-05-11,1.1156340837478638
1987-05-12,1.1237772703170776
1987-05-13,1.1319212913513184
1987-05-14,1.1400643587112427
1987-05-15,1.1237772703170776
1987-05-18,1.1156340837478638
1987-05-19,1.1156340837478638
1987-05-20,1.0423448085784912
1987-05-21,1.0423448085784912
1987-05-22,1.050487756729126
1987-05-26,1.0667743682861328
1987-05-27,1.0667743682861328
1987-05-28,1.0830614566802979
1987-05-29,1.0749173164367676
1987-06-01,1.0749173164367676
1987-06-02,1.0912052392959595
1987-06-03,1.0830614566802979
1987-06-04,1.0912052392959595
1987-06-05,1.0912052392959595
1987-06-08,1.0993475914001465
1987-06-09,1.0830614566802979
1987-06-10,1.0830614566802979
1987-06-11,1.0993475914001465
1987-06-12,1.0830614566802979
1987-06-15,1.0993475914001465
1987-06-16,1.0993475914001465
1987-06-17,1.0993475914001465
1987-06-18,1.0993475914001465
1987-06-19,1.0912052392959595
1987-06-22,1.1156340837478638
1987-06-23,1.0993475914001465
1987-06-24,1.1156340837478638
1987-06-25,1.1237772703170776
1987-06-26,1.1400643587112427
1987-06-29,1.1319212913513184
1987-06-30,1.1156340837478638
1987-07-01,1.1237772703170776
1987-07-02,1.1563507318496704
1987-07-06,1.1644946336746216
1987-07-07,1.1807798147201538
1987-07-08,1.1807798147201538
1987-07-09,1.1644946336746216
1987-07-10,1.1563507318496704
1987-07-13,1.1482080221176147
1987-07-14,1.1482080221176147
1987-07-15,1.1563507318496704
1987-07-16,1.1563507318496704
1987-07-17,1.1482080221176147
1987-07-20,1.1482080221176147
1987-07-21,1.1726374626159668
1987-07-22,1.1644946336746216
1987-07-23,1.1726374626159668
1987-07-24,1.1644946336746216
1987-07-27,1.1400643587112427
1987-07-28,1.1597551107406616
1987-07-29,1.1931300163269043
1987-07-30,1.1847856044769287
1987-07-31,1.1514111757278442
1987-08-03,1.1263811588287354
1987-08-04,1.1430675983428955
1987-08-05,1.1430675983428955
1987-08-06,1.118038296699524
1987-08-07,1.1430675983428955
1987-08-10,1.1430675983428955
1987-08-11,1.1430675983428955
1987-08-12,1.1430675983428955
1987-08-13,1.1263811588287354
1987-08-14,1.1347239017486572
1987-08-17,1.1430675983428955
1987-08-18,1.118038296699524
1987-08-19,1.118038296699524
1987-08-20,1.0763194561004639
1987-08-21,1.0930064916610718
1987-08-24,1.1263811588287354
1987-08-25,1.1263811588287354
1987-08-26,1.1430675983428955
1987-08-27,1.1347239017486572
1987-08-28,1.1347239017486572
1987-08-31,1.1347239017486572
1987-09-01,1.1347239017486572
1987-09-02,1.1013498306274414
1987-09-03,1.118038296699524
1987-09-04,1.109694242477417
1987-09-08,1.0763194561004639
1987-09-09,1.0846630334854126
1987-09-10,1.118038296699524
1987-09-11,1.0930064916610718
1987-09-14,1.1013498306274414
1987-09-15,1.1013498306274414
1987-09-16,1.0930064916610718
1987-09-17,1.0763194561004639
1987-09-18,1.0846630334854126
1987-09-21,1.0846630334854126
1987-09-22,1.0846630334854126
1987-09-23,1.0846630334854126
1987-09-24,1.0846630334854126
1987-09-25,1.0846630334854126
1987-09-28,1.0846630334854126
1987-09-29,1.0846630334854126
1987-09-30,1.118038296699524
1987-10-01,1.1013498306274414
1987-10-02,1.0930064916610718
1987-10-05,1.1347239017486572
1987-10-06,1.1263811588287354
1987-10-07,1.1263811588287354
1987-10-08,1.1430675983428955
1987-10-09,1.1347239017486572
1987-10-12,1.1347239017486572
1987-10-13,1.1347239017486572
1987-10-14,1.1263811588287354
1987-10-15,1.1263811588287354
1987-10-16,1.1263811588287354
1987-10-19,0.9928839206695557
1987-10-20,0.9678530097007751
1987-10-21,1.034601092338562
1987-10-22,0.9928839206695557
1987-10-23,1.0179136991500854
1987-10-26,1.0095704793930054
1987-10-27,1.0095704793930054
1987-10-28,0.9869151711463928
1987-10-29,0.9783332943916321
1987-10-30,0.9954966902732849
1987-11-02,1.0212428569793701
1987-11-03,1.0040791034698486
1987-11-04,1.0469881296157837
1987-11-05,1.064151644706726
1987-11-06,1.0984793901443481
1987-11-09,1.1156432628631592
1987-11-10,1.0898971557617188
1987-11-11,1.0813156366348267
1987-11-12,1.0984793901443481
1987-11-13,1.0984793901443481
1987-11-16,1.0898971557617188
1987-11-17,1.0898971557617188
1987-11-18,1.0984793901443481
1987-11-19,1.0984793901443481
1987-11-20,1.0813156366348267
1987-11-23,1.0813156366348267
1987-11-24,1.0898971557617188
1987-11-25,1.072733759880066
1987-11-27,1.072733759880066
1987-11-30,1.0813156366348267
1987-12-01,1.072733759880066
1987-12-02,1.0813156366348267
1987-12-03,1.0555700063705444
1987-12-04,1.029824137687683
1987-12-07,1.0469881296157837
1987-12-08,1.029824137687683
1987-12-09,1.0384061336517334
1987-12-10,1.0384061336517334
1987-12-11,1.0384061336517334
1987-12-14,1.029824137687683
1987-12-15,1.064151644706726
1987-12-16,1.072733759880066
1987-12-17,1.064151644706726
1987-12-18,1.0384061336517334
1987-12-21,1.0555700063705444
1987-12-22,1.072733759880066
1987-12-23,1.0384061336517334
1987-12-24,1.0384061336517334
1987-12-28,1.0469881296157837
1987-12-29,1.0555700063705444
1987-12-30,1.0469881296157837
1987-12-31,1.029824137687683
1988-01-04,1.0555700063705444
1988-01-05,1.0984793901443481
1988-01-06,1.0898971557617188
1988-01-07,1.0898971557617188
1988-01-08,1.0898971557617188
1988-01-11,1.1070612668991089
1988-01-12,1.0813156366348267
1988-01-13,1.0898971557617188
1988-01-14,1.1070612668991089
1988-01-15,1.1156432628631592
1988-01-18,1.1413885354995728
1988-01-19,1.1242247819900513
1988-01-20,1.1328071355819702
1988-01-21,1.1413885354995728
1988-01-22,1.1413885354995728
1988-01-25,1.1328071355819702
1988-01-26,1.158552885055542
1988-01-27,1.1366995573043823
1988-01-28,1.1543225049972534
1988-01-29,1.1543225049972534
1988-02-01,1.1631340980529785
1988-02-02,1.1543225049972534
1988-02-03,1.1631340980529785
1988-02-04,1.145511269569397
1988-02-05,1.1543225049972534
1988-02-08,1.145511269569397
1988-02-09,1.1366995573043823
1988-02-10,1.145511269569397
1988-02-11,1.1631340980529785
1988-02-12,1.1631340980529785
1988-02-16,1.1719459295272827
1988-02-17,1.1807570457458496
1988-02-18,1.1983805894851685
1988-02-19,1.1983805894851685
1988-02-22,1.1895694732666016
1988-02-23,1.1631340980529785
1988-02-24,1.1543225049972534
1988-02-25,1.1807570457458496
1988-02-26,1.1631340980529785
1988-02-29,1.1807570457458496
1988-03-01,1.1983805894851685
1988-03-02,1.216004490852356
1988-03-03,1.1983805894851685
1988-03-04,1.1983805894851685
1988-03-07,1.216004490852356
1988-03-08,1.2248157262802124
1988-03-09,1.1895694732666016
1988-03-10,1.2071925401687622
1988-03-11,1.2071925401687622
1988-03-14,1.216004490852356
1988-03-15,1.216004490852356
1988-03-16,1.2336279153823853
1988-03-17,1.2512507438659668
1988-03-18,1.268873691558838
1988-03-21,1.2512507438659668
1988-03-22,1.2512507438659668
1988-03-23,1.2512507438659668
1988-03-24,1.2424395084381104
1988-03-25,1.2336279153823853
1988-03-28,1.2336279153823853
1988-03-29,1.2512507438659668
1988-03-30,1.2424395084381104
1988-03-31,1.2776844501495361
1988-04-04,1.2336279153823853
1988-04-05,1.2424395084381104
1988-04-06,1.268873691558838
1988-04-07,1.2600618600845337
1988-04-08,1.268873691558838
1988-04-11,1.268873691558838
1988-04-12,1.268873691558838
1988-04-13,1.2776844501495361
1988-04-14,1.268873691558838
1988-04-15,1.268873691558838
1988-04-18,1.268873691558838
1988-04-19,1.2512507438659668
1988-04-20,1.2336279153823853
1988-04-21,1.2336279153823853
1988-04-22,1.2512507438659668
1988-04-25,1.2953081130981445
1988-04-26,1.3090299367904663
1988-04-27,1.3000038862228394
1988-04-28,1.3000038862228394
1988-04-29,1.2729195356369019
1988-05-02,1.290974736213684
1988-05-03,1.2729195356369019
1988-05-04,1.2819472551345825
1988-05-05,1.290974736213684
1988-05-06,1.2819472551345825
1988-05-09,1.2729195356369019
1988-05-10,1.2819472551345825
1988-05-11,1.2638922929763794
1988-05-12,1.2548644542694092
1988-05-13,1.290974736213684
1988-05-16,1.2729195356369019
1988-05-17,1.2548644542694092
1988-05-18,1.2638922929763794
1988-05-19,1.245836615562439
1988-05-20,1.245836615562439
1988-05-23,1.2187532186508179
1988-05-24,1.227780818939209
1988-05-25,1.236808180809021
1988-05-26,1.227780818939209
1988-05-27,1.236808180809021
1988-05-31,1.2006971836090088
1988-06-01,1.227780818939209
1988-06-02,1.2006971836090088
1988-06-03,1.209725022315979
1988-06-06,1.1916695833206177
1988-06-07,1.1826412677764893
1988-06-08,1.1916695833206177
1988-06-09,1.1916695833206177
1988-06-10,1.1826412677764893
1988-06-13,1.1826412677764893
1988-06-14,1.1645864248275757
1988-06-15,1.1645864248275757
1988-06-16,1.1645864248275757
1988-06-17,1.1645864248275757
1988-06-20,1.1736137866973877
1988-06-21,1.1645864248275757
1988-06-22,1.1736137866973877
1988-06-23,1.1826412677764893
1988-06-24,1.1916695833206177
1988-06-27,1.2006971836090088
1988-06-28,1.2006971836090088
1988-06-29,1.209725022315979
1988-06-30,1.2187532186508179
1988-07-01,1.2187532186508179
1988-07-05,1.209725022315979
1988-07-06,1.2006971836090088
1988-07-07,1.1826412677764893
1988-07-08,1.1826412677764893
1988-07-11,1.209725022315979
1988-07-12,1.2006971836090088
1988-07-13,1.2006971836090088
1988-07-14,1.209725022315979
1988-07-15,1.2187532186508179
1988-07-18,1.227780818939209
1988-07-19,1.227780818939209
1988-07-20,1.227780818939209
1988-07-21,1.245836615562439
1988-07-22,1.236808180809021
1988-07-25,1.2187532186508179
1988-07-26,1.2235729694366455
1988-07-27,1.2235729694366455
1988-07-28,1.205033302307129
1988-07-29,1.1864951848983765
1988-08-01,1.1957651376724243
1988-08-02,1.2143031358718872
1988-08-03,1.205033302307129
1988-08-04,1.2143031358718872
1988-08-05,1.2143031358718872
1988-08-08,1.1957651376724243
1988-08-09,1.121608853340149
1988-08-10,1.158686637878418
1988-08-11,1.1957651376724243
1988-08-12,1.1864951848983765
1988-08-15,1.130878210067749
1988-08-16,1.130878210067749
1988-08-17,1.130878210067749
1988-08-18,1.130878210067749
1988-08-19,1.1123384237289429
1988-08-22,1.1123384237289429
1988-08-23,1.130878210067749
1988-08-24,1.130878210067749
1988-08-25,1.130878210067749
1988-08-26,1.130878210067749
1988-08-29,1.1494169235229492
1988-08-30,1.1401479244232178
1988-08-31,1.1494169235229492
1988-09-01,1.1401479244232178
1988-09-02,1.1494169235229492
1988-09-06,1.1494169235229492
1988-09-07,1.158686637878418
1988-09-08,1.1401479244232178
1988-09-09,1.121608853340149
1988-09-12,1.130878210067749
1988-09-13,1.130878210067749
1988-09-14,1.130878210067749
1988-09-15,1.130878210067749
1988-09-16,1.1401479244232178
1988-09-19,1.1401479244232178
1988-09-20,1.121608853340149
1988-09-21,1.130878210067749
1988-09-22,1.1494169235229492
1988-09-23,1.158686637878418
1988-09-26,1.1401479244232178
1988-09-27,1.1401479244232178
1988-09-28,1.1494169235229492
1988-09-29,1.158686637878418
1988-09-30,1.1494169235229492
1988-10-03,1.1401479244232178
1988-10-04,1.130878210067749
1988-10-05,1.130878210067749
1988-10-06,1.1494169235229492
1988-10-07,1.121608853340149
1988-10-10,1.130878210067749
1988-10-11,1.1494169235229492
1988-10-12,1.1494169235229492
1988-10-13,1.1494169235229492
1988-10-14,1.1401479244232178
1988-10-17,1.1494169235229492
1988-10-18,1.130878210067749
1988-10-19,1.1401479244232178
1988-10-20,1.1123384237289429
1988-10-21,0.9454882740974426
1988-10-24,0.9454882740974426
1988-10-25,0.9363160133361816
1988-10-26,0.9172078967094421
1988-10-27,0.9267622232437134
1988-10-28,0.9172078967094421
1988-10-31,0.9076538681983948
1988-11-01,0.9076538681983948
1988-11-02,0.898098886013031
1988-11-03,0.8885449767112732
1988-11-04,0.8885449767112732
1988-11-07,0.8885449767112732
1988-11-08,0.8885449767112732
1988-11-09,0.8885449767112732
1988-11-10,0.898098886013031
1988-11-11,0.898098886013031
1988-11-14,0.9076538681983948
1988-11-15,0.898098886013031
1988-11-16,0.898098886013031
1988-11-17,0.8885449767112732
1988-11-18,0.898098886013031
1988-11-21,0.898098886013031
1988-11-22,0.8885449767112732
1988-11-23,0.9076538681983948
1988-11-25,0.9076538681983948
1988-11-28,0.898098886013031
1988-11-29,0.9076538681983948
1988-11-30,0.898098886013031
1988-12-01,0.898098886013031
1988-12-02,0.9076538681983948
1988-12-05,0.898098886013031
1988-12-06,0.898098886013031
1988-12-07,0.9076538681983948
1988-12-08,0.898098886013031
1988-12-09,0.8885449767112732
1988-12-12,0.8885449767112732
1988-12-13,0.8694362044334412
1988-12-14,0.8789905905723572
1988-12-15,0.8694362044334412
1988-12-16,0.8694362044334412
1988-12-19,0.8503276705741882
1988-12-20,0.8503276705741882
1988-12-21,0.8312196135520935
1988-12-22,0.8885449767112732
1988-12-23,0.9172078967094421
1988-12-27,0.9076538681983948
1988-12-28,0.8885449767112732
1988-12-29,0.8885449767112732
1988-12-30,0.9076538681983948
1989-01-03,0.9458701014518738
1989-01-04,0.9458701014518738
1989-01-05,0.9267622232437134
1989-01-06,0.9267622232437134
1989-01-09,0.9076538681983948
1989-01-10,0.8885449767112732
1989-01-11,0.8789905905723572
1989-01-12,0.9076538681983948
1989-01-13,0.898098886013031
1989-01-16,0.8885449767112732
1989-01-17,0.9172078967094421
1989-01-18,0.9172078967094421
1989-01-19,0.9172078967094421
1989-01-20,0.9267622232437134
1989-01-23,0.9267622232437134
1989-01-24,0.9267622232437134
1989-01-25,0.9172930717468262
1989-01-26,0.9468832612037659
1989-01-27,0.9271564483642578
1989-01-30,0.9370198249816895
1989-01-31,0.9271564483642578
1989-02-01,0.9370198249816895
1989-02-02,0.9271564483642578
1989-02-03,0.9370198249816895
1989-02-06,0.9370198249816895
1989-02-07,0.9468832612037659
1989-02-08,0.9468832612037659
1989-02-09,0.9468832612037659
1989-02-10,0.9468832612037659
1989-02-13,0.9271564483642578
1989-02-14,0.9271564483642578
1989-02-15,0.9370198249816895
1989-02-16,0.9172930717468262
1989-02-17,0.9271564483642578
1989-02-21,0.9468832612037659
1989-02-22,0.9567463994026184
1989-02-23,0.9764729142189026
1989-02-24,0.9764729142189026
1989-02-27,0.9764729142189026
1989-02-28,0.9863370060920715
1989-03-01,0.9961997866630554
1989-03-02,1.0060629844665527
1989-03-03,0.9961997866630554
1989-03-06,0.9961997866630554
1989-03-07,0.9961997866630554
1989-03-08,1.0060629844665527
1989-03-09,0.9961997866630554
1989-03-10,0.9961997866630554
1989-03-13,1.0060629844665527
1989-03-14,1.0455164909362793
1989-03-15,1.0948337316513062
1989-03-16,1.0948337316513062
1989-03-17,1.0455164909362793
1989-03-20,1.05538010597229
1989-03-21,1.0455164909362793
1989-03-22,1.05538010597229
1989-03-23,1.05538010597229
1989-03-27,1.05538010597229
1989-03-28,1.0652439594268799
1989-03-29,1.0455164909362793
1989-03-30,1.0652439594268799
1989-03-31,1.0751073360443115
1989-04-03,1.05538010597229
1989-04-04,1.0652439594268799
1989-04-05,1.0455164909362793
1989-04-06,1.084970474243164
1989-04-07,1.05538010597229
1989-04-10,1.05538010597229
1989-04-11,1.0751073360443115
1989-04-12,1.05538010597229
1989-04-13,1.05538010597229
1989-04-14,1.0455164909362793
1989-04-17,1.0455164909362793
1989-04-18,1.0751073360443115
1989-04-19,1.0652439594268799
1989-04-20,1.0652439594268799
1989-04-21,1.0948337316513062
1989-04-24,1.0948337316513062
1989-04-25,1.1046966314315796
1989-04-26,1.076267123222351
1989-04-27,1.0559604167938232
1989-04-28,1.0458067655563354
1989-05-01,1.0458067655563354
1989-05-02,1.0559604167938232
1989-05-03,1.076267123222351
1989-05-04,1.0965744256973267
1989-05-05,1.0965744256973267
1989-05-08,1.1270349025726318
1989-05-09,1.116881012916565
1989-05-10,1.116881012916565
1989-05-11,1.116881012916565
1989-05-12,1.1371885538101196
1989-05-15,1.116881012916565
1989-05-16,1.1067280769348145
1989-05-17,1.116881012916565
1989-05-18,1.1067280769348145
1989-05-19,1.1067280769348145
1989-05-22,1.1067280769348145
1989-05-23,1.1473413705825806
1989-05-24,1.1574954986572266
1989-05-25,1.1067280769348145
1989-05-26,1.116881012916565
1989-05-30,1.1778018474578857
1989-05-31,1.1879558563232422
1989-06-01,1.1981089115142822
1989-06-02,1.1879558563232422
1989-06-05,1.1879558563232422
1989-06-06,1.1879558563232422
1989-06-07,1.1981089115142822
1989-06-08,1.1879558563232422
1989-06-09,1.1879558563232422
1989-06-12,1.1778018474578857
1989-06-13,1.1574954986572266
1989-06-14,1.1473413705825806
1989-06-15,1.1778018474578857
1989-06-16,1.1778018474578857
1989-06-19,1.1879558563232422
1989-06-20,1.1778018474578857
1989-06-21,1.1676486730575562
1989-06-22,1.1879558563232422
1989-06-23,1.1778018474578857
1989-06-26,1.1778018474578857
1989-06-27,1.1574954986572266
1989-06-28,1.1879558563232422
1989-06-29,1.1778018474578857
1989-06-30,1.1574954986572266
1989-07-03,1.1676486730575562
1989-07-05,1.1473413705825806
1989-07-06,1.1574954986572266
1989-07-07,1.1778018474578857
1989-07-10,1.1981089115142822
1989-07-11,1.1981089115142822
1989-07-12,1.1981089115142822
1989-07-13,1.259029746055603
1989-07-14,1.2691829204559326
1989-07-17,1.2691829204559326
1989-07-18,1.2691829204559326
1989-07-19,1.2488765716552734
1989-07-20,1.2285692691802979
1989-07-21,1.2488765716552734
1989-07-24,1.2285692691802979
1989-07-25,1.259029746055603
1989-07-26,1.210605263710022
1989-07-27,1.2836593389511108
1989-07-28,1.27322256565094
1989-07-31,1.2314773797988892
1989-08-01,1.2419145107269287
1989-08-02,1.210605263710022
1989-08-03,1.2314773797988892
1989-08-04,1.221042275428772
1989-08-07,1.1897330284118652
1989-08-08,1.1897330284118652
1989-08-09,1.210605263710022
1989-08-10,1.221042275428772
1989-08-11,1.221042275428772
1989-08-14,1.2314773797988892
1989-08-15,1.2001687288284302
1989-08-16,1.1897330284118652
1989-08-17,1.2314773797988892
1989-08-18,1.210605263710022
1989-08-21,1.210605263710022
1989-08-22,1.2001687288284302
1989-08-23,1.2314773797988892
1989-08-24,1.2314773797988892
1989-08-25,1.2314773797988892
1989-08-28,1.2314773797988892
1989-08-29,1.2419145107269287
1989-08-30,1.2314773797988892
1989-08-31,1.252350091934204
1989-09-01,1.2314773797988892
1989-09-05,1.210605263710022
1989-09-06,1.221042275428772
1989-09-07,1.221042275428772
1989-09-08,1.2314773797988892
1989-09-11,1.2001687288284302
1989-09-12,1.2419145107269287
1989-09-13,1.2314773797988892
1989-09-14,1.2314773797988892
1989-09-15,1.210605263710022
1989-09-18,1.221042275428772
1989-09-19,1.2314773797988892
1989-09-20,1.221042275428772
1989-09-21,1.2314773797988892
1989-09-22,1.210605263710022
1989-09-25,1.210605263710022
1989-09-26,1.221042275428772
1989-09-27,1.210605263710022
1989-09-28,1.221042275428772
1989-09-29,1.221042275428772
1989-10-02,1.2314773797988892
1989-10-03,1.2314773797988892
1989-10-04,1.2419145107269287
1989-10-05,1.2314773797988892
1989-10-06,1.221042275428772
1989-10-09,1.221042275428772
1989-10-10,1.221042275428772
1989-10-11,1.221042275428772
1989-10-12,1.221042275428772
1989-10-13,1.2001687288284302
1989-10-16,1.2001687288284302
1989-10-17,1.2001687288284302
1989-10-18,1.1792962551116943
1989-10-19,1.1897330284118652
1989-10-20,1.221042275428772
1989-10-23,1.210605263710022
1989-10-24,1.2314773797988892
1989-10-25,1.235344648361206
1989-10-26,1.235344648361206
1989-10-27,1.213860034942627
1989-10-30,1.213860034942627
1989-10-31,1.2246023416519165
1989-11-01,1.213860034942627
1989-11-02,1.235344648361206
1989-11-03,1.235344648361206
1989-11-06,1.213860034942627
1989-11-07,1.213860034942627
1989-11-08,1.235344648361206
1989-11-09,1.235344648361206
1989-11-10,1.213860034942627
1989-11-13,1.2246023416519165
1989-11-14,1.2031192779541016
1989-11-15,1.2246023416519165
1989-11-16,1.1923760175704956
1989-11-17,1.1923760175704956
1989-11-20,1.1816344261169434
1989-11-21,1.1816344261169434
1989-11-22,1.2031192779541016
1989-11-24,1.1923760175704956
1989-11-27,1.1923760175704956
1989-11-28,1.2460873126983643
1989-11-29,1.2460873126983643
1989-11-30,1.2568295001983643
1989-12-01,1.235344648361206
1989-12-04,1.2568295001983643
1989-12-05,1.235344648361206
1989-12-06,1.2460873126983643
1989-12-07,1.2460873126983643
1989-12-08,1.2460873126983643
1989-12-11,1.267571210861206
1989-12-12,1.235344648361206
1989-12-13,1.2568295001983643
1989-12-14,1.2460873126983643
1989-12-15,1.2460873126983643
1989-12-18,1.2460873126983643
1989-12-19,1.2246023416519165
1989-12-20,1.2246023416519165
1989-12-21,1.2460873126983643
1989-12-22,1.2460873126983643
1989-12-26,1.2568295001983643
1989-12-27,1.2568295001983643
1989-12-28,1.2783143520355225
1989-12-29,1.2568295001983643
1990-01-02,1.267571210861206
1990-01-03,1.267571210861206
1990-01-04,1.289055347442627
1990-01-05,1.2783143520355225
1990-01-08,1.2783143520355225
1990-01-09,1.332024335861206
1990-01-10,1.3105393648147583
1990-01-11,1.2783143520355225
1990-01-12,1.289055347442627
1990-01-15,1.2783143520355225
1990-01-16,1.289055347442627
1990-01-17,1.2997981309890747
1990-01-18,1.2997981309890747
1990-01-19,1.3105393648147583
1990-01-22,1.321282148361206
1990-01-23,1.289055347442627
1990-01-24,1.289055347442627
1990-01-25,1.2718027830123901
1990-01-26,1.304980993270874
1990-01-29,1.2607442140579224
1990-01-30,1.282862901687622
1990-01-31,1.282862901687622
1990-02-01,1.2939226627349854
1990-02-02,1.2607442140579224
1990-02-05,1.282862901687622
1990-02-06,1.2607442140579224
1990-02-07,1.2607442140579224
1990-02-08,1.2607442140579224
1990-02-09,1.282862901687622
1990-02-12,1.2718027830123901
1990-02-13,1.282862901687622
1990-02-14,1.282862901687622
1990-02-15,1.2718027830123901
1990-02-16,1.2718027830123901
1990-02-20,1.2607442140579224
1990-02-21,1.2607442140579224
1990-02-22,1.2607442140579224
1990-02-23,1.2718027830123901
1990-02-26,1.2718027830123901
1990-02-27,1.2607442140579224
1990-02-28,1.2607442140579224
1990-03-01,1.2386265993118286
1990-03-02,1.2496846914291382
1990-03-05,1.2607442140579224
1990-03-06,1.282862901687622
1990-03-07,1.282862901687622
1990-03-08,1.2607442140579224
1990-03-09,1.2718027830123901
1990-03-12,1.2718027830123901
1990-03-13,1.2718027830123901
1990-03-14,1.2607442140579224
1990-03-15,1.2607442140579224
1990-03-16,1.2718027830123901
1990-03-19,1.2496846914291382
1990-03-20,1.2496846914291382
1990-03-21,1.2386265993118286
1990-03-22,1.2607442140579224
1990-03-23,1.2386265993118286
1990-03-26,1.2607442140579224
1990-03-27,1.2496846914291382
1990-03-28,1.2496846914291382
1990-03-29,1.2386265993118286
1990-03-30,1.2386265993118286
1990-04-02,1.2275664806365967
1990-04-03,1.2386265993118286
1990-04-04,1.2386265993118286
1990-04-05,1.2386265993118286
1990-04-06,1.2386265993118286
1990-04-09,1.2386265993118286
1990-04-10,1.2386265993118286
1990-04-11,1.2386265993118286
1990-04-12,1.2275664806365967
1990-04-16,1.2386265993118286
1990-04-17,1.2386265993118286
1990-04-18,1.2165080308914185
1990-04-19,1.1612123250961304
1990-04-20,1.2165080308914185
1990-04-23,1.2165080308914185
1990-04-24,1.2054481506347656
1990-04-25,1.2054481506347656
1990-04-26,1.2218925952911377
1990-04-27,1.2333118915557861
1990-04-30,1.2333118915557861
1990-05-01,1.2333118915557861
1990-05-02,1.2333118915557861
1990-05-03,1.2333118915557861
1990-05-04,1.2447313070297241
1990-05-07,1.2218925952911377
1990-05-08,1.2333118915557861
1990-05-09,1.2333118915557861
1990-05-10,1.2104729413986206
1990-05-11,1.1876341104507446
1990-05-14,1.1876341104507446
1990-05-15,1.2104729413986206
1990-05-16,1.1876341104507446
1990-05-17,1.1876341104507446
1990-05-18,1.19905424118042
1990-05-21,1.19905424118042
1990-05-22,1.19905424118042
1990-05-23,1.119117021560669
1990-05-24,1.1876341104507446
1990-05-25,1.164794921875
1990-05-29,1.141955018043518
1990-05-30,1.1876341104507446
1990-05-31,1.164794921875
1990-06-01,1.153375267982483
1990-06-04,1.153375267982483
1990-06-05,1.1876341104507446
1990-06-06,1.1876341104507446
1990-06-07,1.19905424118042
1990-06-08,1.2561519145965576
1990-06-11,1.2561519145965576
1990-06-12,1.2447313070297241
1990-06-13,1.2218925952911377
1990-06-14,1.2218925952911377
1990-06-15,1.2218925952911377
1990-06-18,1.2218925952911377
1990-06-19,1.19905424118042
1990-06-20,1.19905424118042
1990-06-21,1.1762148141860962
1990-06-22,1.1762148141860962
1990-06-25,1.1876341104507446
1990-06-26,1.1762148141860962
1990-06-27,1.164794921875
1990-06-28,1.1876341104507446
1990-06-29,1.1762148141860962
1990-07-02,1.1762148141860962
1990-07-03,1.1876341104507446
1990-07-05,1.1876341104507446
1990-07-06,1.1876341104507446
1990-07-09,1.2218925952911377
1990-07-10,1.2333118915557861
1990-07-11,1.2561519145965576
1990-07-12,1.2561519145965576
1990-07-13,1.2561519145965576
1990-07-16,1.2333118915557861
1990-07-17,1.2447313070297241
1990-07-18,1.2333118915557861
1990-07-19,1.2333118915557861
1990-07-20,1.2333118915557861
1990-07-23,1.2333118915557861
1990-07-24,1.2104729413986206
1990-07-25,1.2104729413986206
1990-07-26,1.227469801902771
1990-07-27,1.2156668901443481
1990-07-30,1.2156668901443481
1990-07-31,1.2038636207580566
1990-08-01,1.2156668901443481
1990-08-02,1.2038636207580566
1990-08-03,1.2038636207580566
1990-08-06,1.1920608282089233
1990-08-07,1.2156668901443481
1990-08-08,1.1920608282089233
1990-08-09,1.168455958366394
1990-08-10,1.168455958366394
1990-08-13,1.1566530466079712
1990-08-14,1.1448503732681274
1990-08-15,1.1566530466079712
1990-08-16,1.1566530466079712
1990-08-17,1.1566530466079712
1990-08-20,1.1448503732681274
1990-08-21,1.1566530466079712
1990-08-22,1.1448503732681274
1990-08-23,1.1448503732681274
1990-08-24,1.1330482959747314
1990-08-27,1.1330482959747314
1990-08-28,1.1212457418441772
1990-08-29,1.1330482959747314
1990-08-30,1.1212457418441772
1990-08-31,1.1330482959747314
1990-09-04,1.1212457418441772
1990-09-05,1.1448503732681274
1990-09-06,1.1448503732681274
1990-09-07,1.1566530466079712
1990-09-10,1.1448503732681274
1990-09-11,1.18025803565979
1990-09-12,1.168455958366394
1990-09-13,1.168455958366394
1990-09-14,1.18025803565979
1990-09-17,1.168455958366394
1990-09-18,1.1448503732681274
1990-09-19,1.1448503732681274
1990-09-20,1.18025803565979
1990-09-21,1.1448503732681274
1990-09-24,1.1566530466079712
1990-09-25,1.1566530466079712
1990-09-26,1.1566530466079712
1990-09-27,1.1566530466079712
1990-09-28,1.1330482959747314
1990-10-01,1.1330482959747314
1990-10-02,1.1330482959747314
1990-10-03,1.1330482959747314
1990-10-04,1.1330482959747314
1990-10-05,1.1212457418441772
1990-10-08,1.1330482959747314
1990-10-09,1.1330482959747314
1990-10-10,1.1448503732681274
1990-10-11,1.1330482959747314
1990-10-12,1.1448503732681274
1990-10-15,1.168455958366394
1990-10-16,1.168455958366394
1990-10-17,1.1448503732681274
1990-10-18,1.1448503732681274
1990-10-19,1.1566530466079712
1990-10-22,1.18025803565979
1990-10-23,1.2156668901443481
1990-10-24,1.227469801902771
1990-10-25,1.1962206363677979
1990-10-26,1.184013843536377
1990-10-29,1.1473952531814575
1990-10-30,1.1473952531814575
1990-10-31,1.184013843536377
1990-11-01,1.1962206363677979
1990-11-02,1.2328401803970337
1990-11-05,1.2328401803970337
1990-11-06,1.2450464963912964
1990-11-07,1.2450464963912964
1990-11-08,1.2328401803970337
1990-11-09,1.2206326723098755
1990-11-12,1.1962206363677979
1990-11-13,1.208426833152771
1990-11-14,1.2206326723098755
1990-11-15,1.208426833152771
1990-11-16,1.1962206363677979
1990-11-19,1.208426833152771
1990-11-20,1.2206326723098755
1990-11-21,1.2206326723098755
1990-11-23,1.1962206363677979
1990-11-26,1.1962206363677979
1990-11-27,1.1962206363677979
1990-11-28,1.2206326723098755
1990-11-29,1.1962206363677979
1990-11-30,1.208426833152771
1990-12-03,1.208426833152771
1990-12-04,1.2328401803970337
1990-12-05,1.2206326723098755
1990-12-06,1.2572524547576904
1990-12-07,1.2450464963912964
1990-12-10,1.2572524547576904
1990-12-11,1.293871283531189
1990-12-12,1.3671098947525024
1990-12-13,1.3426967859268188
1990-12-14,1.3671098947525024
1990-12-17,1.3426967859268188
1990-12-18,1.354902982711792
1990-12-19,1.3426967859268188
1990-12-20,1.3182833194732666
1990-12-21,1.3060780763626099
1990-12-24,1.3182833194732666
1990-12-26,1.3182833194732666
1990-12-27,1.2816656827926636
1990-12-28,1.3060780763626099
1990-12-31,1.3060780763626099
1991-01-02,1.3060780763626099
1991-01-03,1.293871283531189
1991-01-04,1.2816656827926636
1991-01-07,1.293871283531189
1991-01-08,1.2816656827926636
1991-01-09,1.2816656827926636
1991-01-10,1.293871283531189
1991-01-11,1.293871283531189
1991-01-14,1.2694592475891113
1991-01-15,1.2694592475891113
1991-01-16,1.2816656827926636
1991-01-17,1.3182833194732666
1991-01-18,1.3182833194732666
1991-01-21,1.3182833194732666
1991-01-22,1.3426967859268188
1991-01-23,1.3671098947525024
1991-01-24,1.3793150186538696
1991-01-25,1.410549283027649
1991-01-28,1.410549283027649
1991-01-29,1.410549283027649
1991-01-30,1.4231435060501099
1991-01-31,1.410549283027649
1991-02-01,1.448332667350769
1991-02-04,1.4357378482818604
1991-02-05,1.448332667350769
1991-02-06,1.4357378482818604
1991-02-07,1.460927128791809
1991-02-08,1.448332667350769
1991-02-11,1.4357378482818604
1991-02-12,1.460927128791809
1991-02-13,1.4861146211624146
1991-02-14,1.4735203981399536
1991-02-15,1.4987093210220337
1991-02-19,1.4987093210220337
1991-02-20,1.4861146211624146
1991-02-21,1.4735203981399536
1991-02-22,1.4861146211624146
1991-02-25,1.4735203981399536
1991-02-26,1.523897409439087
1991-02-27,1.523897409439087
1991-02-28,1.5490843057632446
1991-03-01,1.4987093210220337
1991-03-04,1.4861146211624146
1991-03-05,1.4861146211624146
1991-03-06,1.4861146211624146
1991-03-07,1.4987093210220337
1991-03-08,1.4987093210220337
1991-03-11,1.4987093210220337
1991-03-12,1.4861146211624146
1991-03-13,1.4861146211624146
1991-03-14,1.4861146211624146
1991-03-15,1.4861146211624146
1991-03-18,1.4861146211624146
1991-03-19,1.4735203981399536
1991-03-20,1.511303186416626
1991-03-21,1.511303186416626
1991-03-22,1.511303186416626
1991-03-25,1.5364910364151
1991-03-26,1.511303186416626
1991-03-27,1.5364910364151
1991-03-28,1.5868676900863647
1991-04-01,1.6498382091522217
1991-04-02,1.6624339818954468
1991-04-03,1.6498382091522217
1991-04-04,1.6624339818954468
1991-04-05,1.6876219511032104
1991-04-08,1.637245535850525
1991-04-09,1.6246511936187744
1991-04-10,1.6876219511032104
1991-04-11,1.6750279664993286
1991-04-12,1.6750279664993286
1991-04-15,1.6876219511032104
1991-04-16,1.7128098011016846
1991-04-17,1.7379976511001587
1991-04-18,1.7379976511001587
1991-04-19,1.7254034280776978
1991-04-22,1.7254034280776978
1991-04-23,1.7002159357070923
1991-04-24,1.7128098011016846
1991-04-25,1.7505922317504883
1991-04-26,1.7443902492523193
1991-04-29,1.7831547260284424
1991-04-30,1.7960753440856934
1991-05-01,1.7960753440856934
1991-05-02,1.7831547260284424
1991-05-03,1.7702336311340332
1991-05-06,1.7831547260284424
1991-05-07,1.7573111057281494
1991-05-08,1.7702336311340332
1991-05-09,1.7702336311340332
1991-05-10,1.7573111057281494
1991-05-13,1.7314690351486206
1991-05-14,1.705626368522644
1991-05-15,1.6797828674316406
1991-05-16,1.6797828674316406
1991-05-17,1.6797828674316406
1991-05-20,1.6927047967910767
1991-05-21,1.6797828674316406
1991-05-22,1.666861653327942
1991-05-23,1.705626368522644
1991-05-24,1.7443902492523193
1991-05-28,1.7185474634170532
1991-05-29,1.7185474634170532
1991-05-30,1.7314690351486206
1991-05-31,1.7185474634170532
1991-06-03,1.705626368522644
1991-06-04,1.7185474634170532
1991-06-05,1.7185474634170532
1991-06-06,1.7185474634170532
1991-06-07,1.705626368522644
1991-06-10,1.7185474634170532
1991-06-11,1.7185474634170532
1991-06-12,1.705626368522644
1991-06-13,1.7314690351486206
1991-06-14,1.7314690351486206
1991-06-17,1.7314690351486206
1991-06-18,1.7185474634170532
1991-06-19,1.705626368522644
1991-06-20,1.705626368522644
1991-06-21,1.7185474634170532
1991-06-24,1.705626368522644
1991-06-25,1.705626368522644
1991-06-26,1.7185474634170532
1991-06-27,1.7185474634170532
1991-06-28,1.7185474634170532
1991-07-01,1.7314690351486206
1991-07-02,1.7314690351486206
1991-07-03,1.7185474634170532
1991-07-05,1.7314690351486206
1991-07-08,1.7443902492523193
1991-07-09,1.7185474634170532
1991-07-10,1.7185474634170532
1991-07-11,1.7443902492523193
1991-07-12,1.7314690351486206
1991-07-15,1.7443902492523193
1991-07-16,1.7573111057281494
1991-07-17,1.7443902492523193
1991-07-18,1.7573111057281494
1991-07-19,1.7314690351486206
1991-07-22,1.7314690351486206
1991-07-23,1.7702336311340332
1991-07-24,1.8219175338745117
1991-07-25,1.8089979887008667
1991-07-26,1.816422462463379
1991-07-29,1.816422462463379
1991-07-30,1.8031630516052246
1991-07-31,1.8031630516052246
1991-08-01,1.763387680053711
1991-08-02,1.8031630516052246
1991-08-05,1.8031630516052246
1991-08-06,1.776646375656128
1991-08-07,1.763387680053711
1991-08-08,1.8031630516052246
1991-08-09,1.7899049520492554
1991-08-12,1.7899049520492554
1991-08-13,1.776646375656128
1991-08-14,1.776646375656128
1991-08-15,1.776646375656128
1991-08-16,1.763387680053711
1991-08-19,1.72361159324646
1991-08-20,1.763387680053711
1991-08-21,1.776646375656128
1991-08-22,1.7899049520492554
1991-08-23,1.8031630516052246
1991-08-26,1.776646375656128
1991-08-27,1.7899049520492554
1991-08-28,1.8031630516052246
1991-08-29,1.816422462463379
1991-08-30,1.8694548606872559
1991-09-03,1.856197714805603
1991-09-04,1.856197714805603
1991-09-05,1.8959728479385376
1991-09-06,1.8694548606872559
1991-09-09,1.856197714805603
1991-09-10,1.856197714805603
1991-09-11,1.9092317819595337
1991-09-12,1.8429383039474487
1991-09-13,1.856197714805603
1991-09-16,1.8429383039474487
1991-09-17,1.7501295804977417
1991-09-18,1.763387680053711
1991-09-19,1.7899049520492554
1991-09-20,1.776646375656128
1991-09-23,1.776646375656128
1991-09-24,1.8031630516052246
1991-09-25,1.7899049520492554
1991-09-26,1.7899049520492554
1991-09-27,1.7899049520492554
1991-09-30,1.7899049520492554
1991-10-01,1.7899049520492554
1991-10-02,1.7899049520492554
1991-10-03,1.776646375656128
1991-10-04,1.763387680053711
1991-10-07,1.7899049520492554
1991-10-08,1.8031630516052246
1991-10-09,1.8031630516052246
1991-10-10,1.8031630516052246
1991-10-11,1.8031630516052246
1991-10-14,1.816422462463379
1991-10-15,1.8694548606872559
1991-10-16,1.8827149868011475
1991-10-17,1.856197714805603
1991-10-18,1.8694548606872559
1991-10-21,1.8429383039474487
1991-10-22,1.856197714805603
1991-10-23,1.8694548606872559
1991-10-24,1.856197714805603
1991-10-25,1.8643629550933838
1991-10-28,1.8643629550933838
1991-10-29,1.8779704570770264
1991-10-30,1.8235372304916382
1991-10-31,1.8099291324615479
1991-11-01,1.8643629550933838
1991-11-04,1.8643629550933838
1991-11-05,1.8779704570770264
1991-11-06,1.946014404296875
1991-11-07,1.9732297658920288
1991-11-08,1.9732297658920288
1991-11-11,1.9596227407455444
1991-11-12,1.93240487575531
1991-11-13,1.93240487575531
1991-11-14,1.93240487575531
1991-11-15,1.93240487575531
1991-11-18,1.8915785551071167
1991-11-19,1.8779704570770264
1991-11-20,1.8915785551071167
1991-11-21,1.9187967777252197
1991-11-22,1.8779704570770264
1991-11-25,1.8507537841796875
1991-11-26,1.8507537841796875
1991-11-27,1.8643629550933838
1991-11-29,1.8507537841796875
1991-12-02,1.8779704570770264
1991-12-03,1.8779704570770264
1991-12-04,1.9051885604858398
1991-12-05,1.8915785551071167
1991-12-06,1.9187967777252197
1991-12-09,1.9051885604858398
1991-12-10,1.8779704570770264
1991-12-11,1.9051885604858398
1991-12-12,1.9051885604858398
1991-12-13,1.8915785551071167
1991-12-16,1.9051885604858398
1991-12-17,1.9051885604858398
1991-12-18,1.9596227407455444
1991-12-19,1.9051885604858398
1991-12-20,1.93240487575531
1991-12-23,2.000447988510132
1991-12-24,1.9732297658920288
1991-12-26,2.0276641845703125
1991-12-27,2.0412731170654297
1991-12-30,2.2317922115325928
1991-12-31,2.272616386413574
1992-01-02,2.245400905609131
1992-01-03,2.2590088844299316
1992-01-06,2.245400905609131
1992-01-07,2.2181825637817383
1992-01-08,2.2317922115325928
1992-01-09,2.2590088844299316
1992-01-10,2.2317922115325928
1992-01-13,2.245400905609131
1992-01-14,2.2862260341644287
1992-01-15,2.272616386413574
1992-01-16,2.272616386413574
1992-01-17,2.2998335361480713
1992-01-20,2.272616386413574
1992-01-21,2.313444137573242
1992-01-22,2.395094871520996
1992-01-23,2.490352153778076
1992-01-24,2.457584857940674
1992-01-27,2.4992403984069824
1992-01-28,2.4714713096618652
1992-01-29,2.457584857940674
1992-01-30,2.388162136077881
1992-01-31,2.304853916168213
1992-02-03,2.3326241970062256
1992-02-04,2.318739175796509
1992-02-05,2.3465077877044678
1992-02-06,2.3465077877044678
1992-02-07,2.3465077877044678
1992-02-10,2.3603932857513428
1992-02-11,2.388162136077881
1992-02-12,2.4020473957061768
1992-02-13,2.388162136077881
1992-02-14,2.3742761611938477
1992-02-18,2.388162136077881
1992-02-19,2.3603932857513428
1992-02-20,2.388162136077881
1992-02-21,2.3742761611938477
1992-02-24,2.3326241970062256
1992-02-25,2.304853916168213
1992-02-26,2.318739175796509
1992-02-27,2.318739175796509
1992-02-28,2.3465077877044678
1992-03-02,2.3465077877044678
1992-03-03,2.3742761611938477
1992-03-04,2.3742761611938477
1992-03-05,2.3742761611938477
1992-03-06,2.3465077877044678
1992-03-09,2.277085542678833
1992-03-10,2.3603932857513428
1992-03-11,2.3465077877044678
1992-03-12,2.3326241970062256
1992-03-13,2.3465077877044678
1992-03-16,2.318739175796509
1992-03-17,2.318739175796509
1992-03-18,2.277085542678833
1992-03-19,2.1937777996063232
1992-03-20,2.2493157386779785
1992-03-23,2.179891347885132
1992-03-24,2.1937777996063232
1992-03-25,2.2076621055603027
1992-03-26,2.2354304790496826
1992-03-27,2.2076621055603027
1992-03-30,2.263199806213379
1992-03-31,2.221545934677124
1992-04-01,2.221545934677124
1992-04-02,2.2493157386779785
1992-04-03,2.221545934677124
1992-04-06,2.1937777996063232
1992-04-07,2.1937777996063232
1992-04-08,2.221545934677124
1992-04-09,2.221545934677124
1992-04-10,2.1937777996063232
1992-04-13,2.1937777996063232
1992-04-14,2.1937777996063232
1992-04-15,2.1937777996063232
1992-04-16,2.179891347885132
1992-04-20,2.1521217823028564
1992-04-21,2.0965843200683594
1992-04-22,2.1243538856506348
1992-04-23,2.1382389068603516
1992-04-24,2.1382389068603516
1992-04-27,2.179891347885132
1992-04-28,2.221545934677124
1992-04-29,2.259634017944336
1992-04-30,2.245422124862671
1992-05-01,2.2312090396881104
1992-05-04,2.1885759830474854
1992-05-05,2.2027854919433594
1992-05-06,2.216998338699341
1992-05-07,2.2312090396881104
1992-05-08,2.160153388977051
1992-05-11,2.2027854919433594
1992-05-12,2.245422124862671
1992-05-13,2.288055896759033
1992-05-14,2.27384352684021
1992-05-15,2.27384352684021
1992-05-18,2.259634017944336
1992-05-19,2.245422124862671
1992-05-20,2.2312090396881104
1992-05-21,2.2312090396881104
1992-05-22,2.245422124862671
1992-05-26,2.245422124862671
1992-05-27,2.216998338699341
1992-05-28,2.216998338699341
1992-05-29,2.245422124862671
1992-06-01,2.245422124862671
1992-06-02,2.259634017944336
1992-06-03,2.259634017944336
1992-06-04,2.259634017944336
1992-06-05,2.27384352684021
1992-06-08,2.259634017944336
1992-06-09,2.259634017944336
1992-06-10,2.259634017944336
1992-06-11,2.27384352684021
1992-06-12,2.27384352684021
1992-06-15,2.288055896759033
1992-06-16,2.27384352684021
1992-06-17,2.27384352684021
1992-06-18,2.27384352684021
1992-06-19,2.288055896759033
1992-06-22,2.27384352684021
1992-06-23,2.245422124862671
1992-06-24,2.216998338699341
1992-06-25,2.216998338699341
1992-06-26,2.2027854919433594
1992-06-29,2.2027854919433594
1992-06-30,2.1885759830474854
1992-07-01,2.259634017944336
1992-07-02,2.259634017944336
1992-07-06,2.27384352684021
1992-07-07,2.3591134548187256
1992-07-08,2.3591134548187256
1992-07-09,2.344902276992798
1992-07-10,2.373325824737549
1992-07-13,2.373325824737549
1992-07-14,2.4159598350524902
1992-07-15,2.4159598350524902
1992-07-16,2.4159598350524902
1992-07-17,2.3875374794006348
1992-07-20,2.373325824737549
1992-07-21,2.344902276992798
1992-07-22,2.3875374794006348
1992-07-23,2.3875374794006348
1992-07-24,2.3591134548187256
1992-07-27,2.3875374794006348
1992-07-28,2.373325824737549
1992-07-29,2.383790969848633
1992-07-30,2.398324966430664
1992-07-31,2.3692548274993896
1992-08-03,2.354720115661621
1992-08-04,2.398324966430664
1992-08-05,2.398324966430664
1992-08-06,2.383790969848633
1992-08-07,2.383790969848633
1992-08-10,2.354720115661621
1992-08-11,2.3692548274993896
1992-08-12,2.354720115661621
1992-08-13,2.325650691986084
1992-08-14,2.325650691986084
1992-08-17,2.340184211730957
1992-08-18,2.340184211730957
1992-08-19,2.354720115661621
1992-08-20,2.340184211730957
1992-08-21,2.3111135959625244
1992-08-24,2.238438129425049
1992-08-25,2.2529728412628174
1992-08-26,2.282043218612671
1992-08-27,2.282043218612671
1992-08-28,2.238438129425049
1992-08-31,2.238438129425049
1992-09-01,2.2529728412628174
1992-09-02,2.238438129425049
1992-09-03,2.238438129425049
1992-09-04,2.2529728412628174
1992-09-08,2.2529728412628174
1992-09-09,2.238438129425049
1992-09-10,2.267507791519165
1992-09-11,2.2529728412628174
1992-09-14,2.2529728412628174
1992-09-15,2.2529728412628174
1992-09-16,2.267507791519165
1992-09-17,2.2529728412628174
1992-09-18,2.267507791519165
1992-09-21,2.267507791519165
1992-09-22,2.2239022254943848
1992-09-23,2.282043218612671
1992-09-24,2.282043218612671
1992-09-25,2.282043218612671
1992-09-28,2.282043218612671
1992-09-29,2.267507791519165
1992-09-30,2.296578884124756
1992-10-01,2.282043218612671
1992-10-02,2.267507791519165
1992-10-05,2.2239022254943848
1992-10-06,2.267507791519165
1992-10-07,2.2529728412628174
1992-10-08,2.238438129425049
1992-10-09,2.2239022254943848
1992-10-12,2.2239022254943848
1992-10-13,2.2093663215637207
1992-10-14,2.267507791519165
1992-10-15,2.2529728412628174
1992-10-16,2.267507791519165
1992-10-19,2.2239022254943848
1992-10-20,2.2529728412628174
1992-10-21,2.296578884124756
1992-10-22,2.296578884124756
1992-10-23,2.354720115661621
1992-10-26,2.354720115661621
1992-10-27,2.383790969848633
1992-10-28,2.365344524383545
1992-10-29,2.365344524383545
1992-10-30,2.424849033355713
1992-11-02,2.409973382949829
1992-11-03,2.49923038482666
1992-11-04,2.424849033355713
1992-11-05,2.439725875854492
1992-11-06,2.439725875854492
1992-11-09,2.424849033355713
1992-11-10,2.439725875854492
1992-11-11,2.439725875854492
1992-11-12,2.469477653503418
1992-11-13,2.454601526260376
1992-11-16,2.439725875854492
1992-11-17,2.424849033355713
1992-11-18,2.439725875854492
1992-11-19,2.424849033355713
1992-11-20,2.439725875854492
1992-11-23,2.439725875854492
1992-11-24,2.469477653503418
1992-11-25,2.4843549728393555
1992-11-27,2.514106273651123
1992-11-30,2.528984785079956
1992-12-01,2.5736136436462402
1992-12-02,2.55873703956604
1992-12-03,2.5884885787963867
1992-12-04,2.5736136436462402
1992-12-07,2.5736136436462402
1992-12-08,2.5736136436462402
1992-12-09,2.55873703956604
1992-12-10,2.5438601970672607
1992-12-11,2.5438601970672607
1992-12-14,2.514106273651123
1992-12-15,2.528984785079956
1992-12-16,2.528984785079956
1992-12-17,2.49923038482666
1992-12-18,2.4843549728393555
1992-12-21,2.528984785079956
1992-12-22,2.514106273651123
1992-12-23,2.514106273651123
1992-12-24,2.5438601970672607
1992-12-28,2.528984785079956
1992-12-29,2.49923038482666
1992-12-30,2.528984785079956
1992-12-31,2.5438601970672607
1993-01-04,2.5438601970672607
1993-01-05,2.514106273651123
1993-01-06,2.469477653503418
1993-01-07,2.469477653503418
1993-01-08,2.439725875854492
1993-01-11,2.49923038482666
1993-01-12,2.514106273651123
1993-01-13,2.514106273651123
1993-01-14,2.528984785079956
1993-01-15,2.55873703956604
1993-01-18,2.5736136436462402
1993-01-19,2.6331186294555664
1993-01-20,2.6479945182800293
1993-01-21,2.6479945182800293
1993-01-22,2.6479945182800293
1993-01-25,2.6628715991973877
1993-01-26,2.7358274459838867
1993-01-27,2.705427646636963
1993-01-28,2.6902291774749756
1993-01-29,2.7358274459838867
1993-02-01,2.7966232299804688
1993-02-02,2.766223430633545
1993-02-03,2.827021837234497
1993-02-04,2.7966232299804688
1993-02-05,2.7814228534698486
1993-02-08,2.7966232299804688
1993-02-09,2.7966232299804688
1993-02-10,2.7966232299804688
1993-02-11,2.7966232299804688
1993-02-12,2.7966232299804688
1993-02-16,2.7966232299804688
1993-02-17,2.7510251998901367
1993-02-18,2.705427646636963
1993-02-19,2.7206270694732666
1993-02-22,2.5230391025543213
1993-02-23,2.5838375091552734
1993-02-24,2.705427646636963
1993-02-25,2.7510251998901367
1993-02-26,2.7358274459838867
1993-03-01,2.7358274459838867
1993-03-02,2.7206270694732666
1993-03-03,2.7358274459838867
1993-03-04,2.7206270694732666
1993-03-05,2.705427646636963
1993-03-08,2.7358274459838867
1993-03-09,2.7510251998901367
1993-03-10,2.811821222305298
1993-03-11,2.827021837234497
1993-03-12,2.857419013977051
1993-03-15,2.872617721557617
1993-03-16,2.91821551322937
1993-03-17,2.93341326713562
1993-03-18,2.9638113975524902
1993-03-19,3.070207118988037
1993-03-22,2.9486119747161865
1993-03-23,2.91821551322937
1993-03-24,2.827021837234497
1993-03-25,2.7814228534698486
1993-03-26,2.857419013977051
1993-03-29,2.91821551322937
1993-03-30,2.9638113975524902
1993-03-31,2.9486119747161865
1993-04-01,2.9486119747161865
1993-04-02,2.903014898300171
1993-04-05,2.91821551322937
1993-04-06,2.842219591140747
1993-04-07,2.857419013977051
1993-04-08,2.857419013977051
1993-04-12,2.857419013977051
1993-04-13,2.827021837234497
1993-04-14,2.857419013977051
1993-04-15,2.857419013977051
1993-04-16,2.872617721557617
1993-04-19,2.857419013977051
1993-04-20,2.857419013977051
1993-04-21,2.872617721557617
1993-04-22,2.887816905975342
1993-04-23,2.857419013977051
1993-04-26,2.91821551322937
1993-04-27,2.93341326713562
1993-04-28,2.9790120124816895
1993-04-29,2.994208812713623
1993-04-30,3.0537357330322266
1993-05-03,3.06923508644104
1993-05-04,3.0537357330322266
1993-05-05,3.0537357330322266
1993-05-06,3.038233757019043
1993-05-07,2.960726499557495
1993-05-10,3.0072317123413086
1993-05-11,3.0227320194244385
1993-05-12,3.038233757019043
1993-05-13,3.06923508644104
1993-05-14,3.06923508644104
1993-05-17,3.06923508644104
1993-05-18,3.038233757019043
1993-05-19,2.9917314052581787
1993-05-20,3.0072317123413086
1993-05-21,3.0072317123413086
1993-05-24,2.9917314052581787
1993-05-25,3.0072317123413086
1993-05-26,2.960726499557495
1993-05-27,2.960726499557495
1993-05-28,2.976228713989258
1993-06-01,2.94522762298584
1993-06-02,2.94522762298584
1993-06-03,2.9142255783081055
1993-06-04,2.9142255783081055
1993-06-07,2.9142255783081055
1993-06-08,2.883222818374634
1993-06-09,2.8987226486206055
1993-06-10,2.9142255783081055
1993-06-11,2.9142255783081055
1993-06-14,2.929725170135498
1993-06-15,2.9142255783081055
1993-06-16,2.9142255783081055
1993-06-17,2.9142255783081055
1993-06-18,2.883222818374634
1993-06-21,2.9142255783081055
1993-06-22,2.7902135848999023
1993-06-23,2.8677210807800293
1993-06-24,2.836716890335083
1993-06-25,2.821216583251953
1993-06-28,2.8677210807800293
1993-06-29,2.9142255783081055
1993-06-30,2.94522762298584
1993-07-01,2.94522762298584
1993-07-02,2.94522762298584
1993-07-06,2.9142255783081055
1993-07-07,2.929725170135498
1993-07-08,2.94522762298584
1993-07-09,2.94522762298584
1993-07-12,2.94522762298584
1993-07-13,2.94522762298584
1993-07-14,2.929725170135498
1993-07-15,2.94522762298584
1993-07-16,2.94522762298584
1993-07-19,2.94522762298584
1993-07-20,2.94522762298584
1993-07-21,2.9142255783081055
1993-07-22,2.9142255783081055
1993-07-23,2.960726499557495
1993-07-26,2.976228713989258
1993-07-27,2.960726499557495
1993-07-28,2.974652051925659
1993-07-29,3.0379419326782227
1993-07-30,2.990473747253418
1993-08-02,2.974652051925659
1993-08-03,3.0221188068389893
1993-08-04,3.0379419326782227
1993-08-05,3.0379419326782227
1993-08-06,3.0695862770080566
1993-08-09,3.0062975883483887
1993-08-10,3.0062975883483887
1993-08-11,2.958829879760742
1993-08-12,2.958829879760742
1993-08-13,2.958829879760742
1993-08-16,3.0062975883483887
1993-08-17,2.990473747253418
1993-08-18,3.0221188068389893
1993-08-19,3.0695862770080566
1993-08-20,3.085409164428711
1993-08-23,3.0537636280059814
1993-08-24,3.085409164428711
1993-08-25,3.0695862770080566
1993-08-26,3.0695862770080566
1993-08-27,3.0062975883483887
1993-08-30,3.0221188068389893
1993-08-31,3.0695862770080566
1993-09-01,3.0221188068389893
1993-09-02,3.0695862770080566
1993-09-03,3.0695862770080566
1993-09-07,3.0695862770080566
1993-09-08,3.085409164428711
1993-09-09,3.117055654525757
1993-09-10,3.1012322902679443
1993-09-13,3.1012322902679443
1993-09-14,3.1012322902679443
1993-09-15,3.1328766345977783
1993-09-16,3.148700475692749
1993-09-17,3.117055654525757
1993-09-20,3.148700475692749
1993-09-21,3.196169376373291
1993-09-22,3.227813959121704
1993-09-23,3.243635416030884
1993-09-24,3.2752811908721924
1993-09-27,3.2594594955444336
1993-09-28,3.2594594955444336
1993-09-29,3.2594594955444336
1993-09-30,3.2594594955444336
1993-10-01,3.2594594955444336
1993-10-04,3.2911036014556885
1993-10-05,3.2911036014556885
1993-10-06,3.322748899459839
1993-10-07,3.3702166080474854
1993-10-08,3.4018619060516357
1993-10-11,3.306926965713501
1993-10-12,3.2594594955444336
1993-10-13,3.180347204208374
1993-10-14,3.1012322902679443
1993-10-15,3.117055654525757
1993-10-18,3.117055654525757
1993-10-19,3.085409164428711
1993-10-20,3.1012322902679443
1993-10-21,3.085409164428711
1993-10-22,3.1012322902679443
1993-10-25,3.1012322902679443
1993-10-26,3.117055654525757
1993-10-27,3.099618911743164
1993-10-28,3.196481943130493
1993-10-29,3.196481943130493
1993-11-01,3.180340051651001
1993-11-02,3.164194345474243
1993-11-03,3.099618911743164
1993-11-04,3.099618911743164
1993-11-05,3.131906032562256
1993-11-08,3.180340051651001
1993-11-09,3.180340051651001
1993-11-10,3.180340051651001
1993-11-11,3.164194345474243
1993-11-12,3.164194345474243
1993-11-15,3.164194345474243
1993-11-16,3.164194345474243
1993-11-17,3.131906032562256
1993-11-18,3.099618911743164
1993-11-19,3.099618911743164
1993-11-22,3.099618911743164
1993-11-23,3.083474636077881
1993-11-24,2.9704689979553223
1993-11-26,2.986611843109131
1993-11-29,3.0189008712768555
1993-11-30,3.035043954849243
1993-12-01,3.0511882305145264
1993-12-02,3.0511882305145264
1993-12-03,3.0511882305145264
1993-12-06,3.0511882305145264
1993-12-07,3.035043954849243
1993-12-08,3.0189008712768555
1993-12-09,3.002755880355835
1993-12-10,3.0189008712768555
1993-12-13,3.035043954849243
1993-12-14,2.986611843109131
1993-12-15,2.9704689979553223
1993-12-16,2.889749765396118
1993-12-17,2.9543256759643555
1993-12-20,2.905893325805664
1993-12-21,2.889749765396118
1993-12-22,2.889749765396118
1993-12-23,2.889749765396118
1993-12-27,2.9220385551452637
1993-12-28,2.9381818771362305
1993-12-29,2.9381818771362305
1993-12-30,2.8736069202423096
1993-12-31,2.9543256759643555
1994-01-03,2.9543256759643555
1994-01-04,2.9704689979553223
1994-01-05,2.9543256759643555
1994-01-06,2.9220385551452637
1994-01-07,2.9381818771362305
1994-01-10,2.9704689979553223
1994-01-11,3.0189008712768555
1994-01-12,3.0511882305145264
1994-01-13,3.083474636077881
1994-01-14,3.099618911743164
1994-01-17,3.1157631874084473
1994-01-18,3.180340051651001
1994-01-19,3.164194345474243
1994-01-20,3.1480507850646973
1994-01-21,3.180340051651001
1994-01-24,3.2126269340515137
1994-01-25,3.2287704944610596
1994-01-26,3.180340051651001
1994-01-27,3.2449166774749756
1994-01-28,3.2610599994659424
1994-01-31,3.26039981842041
1994-02-01,3.26039981842041
1994-02-02,3.2933340072631836
1994-02-03,3.2933340072631836
1994-02-04,3.26039981842041
1994-02-07,3.2274653911590576
1994-02-08,3.2274653911590576
1994-02-09,3.1615991592407227
1994-02-10,3.128666877746582
1994-02-11,3.128666877746582
1994-02-14,3.1451315879821777
1994-02-15,3.1615991592407227
1994-02-16,3.1615991592407227
1994-02-17,3.1615991592407227
1994-02-18,3.194533348083496
1994-02-22,3.194533348083496
1994-02-23,3.194533348083496
1994-02-24,3.178065299987793
1994-02-25,3.194533348083496
1994-02-28,3.26039981842041
1994-03-01,3.2439334392547607
1994-03-02,3.2768661975860596
1994-03-03,3.2768661975860596
1994-03-04,3.2933340072631836
1994-03-07,3.3097991943359375
1994-03-08,3.326266050338745
1994-03-09,3.2933340072631836
1994-03-10,3.26039981842041
1994-03-11,3.26039981842041
1994-03-14,3.26039981842041
1994-03-15,3.2933340072631836
1994-03-16,3.2933340072631836
1994-03-17,3.2933340072631836
1994-03-18,3.3097991943359375
1994-03-21,3.2933340072631836
1994-03-22,3.326266050338745
1994-03-23,3.3097991943359375
1994-03-24,3.2933340072631836
1994-03-25,3.26039981842041
1994-03-28,3.2768661975860596
1994-03-29,3.2274653911590576
1994-03-30,3.2109999656677246
1994-03-31,3.178065299987793
1994-04-04,3.095734119415283
1994-04-05,3.178065299987793
1994-04-06,3.194533348083496
1994-04-07,3.2439334392547607
1994-04-08,3.2274653911590576
1994-04-11,3.2439334392547607
1994-04-12,3.2439334392547607
1994-04-13,3.26039981842041
1994-04-14,3.2768661975860596
1994-04-15,3.2768661975860596
1994-04-18,3.2768661975860596
1994-04-19,3.2439334392547607
1994-04-20,3.26039981842041
1994-04-21,3.2439334392547607
1994-04-22,3.2768661975860596
1994-04-25,3.2768661975860596
1994-04-26,3.2768661975860596
1994-04-28,3.2933340072631836
1994-04-29,3.2933340072631836
1994-05-02,3.3269379138946533
1994-05-03,3.3605456352233887
1994-05-04,3.31013560295105
1994-05-05,3.31013560295105
1994-05-06,3.259726047515869
1994-05-09,3.192517042160034
1994-05-10,3.192517042160034
1994-05-11,3.158912420272827
1994-05-12,3.2093193531036377
1994-05-13,3.2429258823394775
1994-05-16,3.259726047515869
1994-05-17,3.2093193531036377
1994-05-18,3.2261223793029785
1994-05-19,3.2261223793029785
1994-05-20,3.2261223793029785
1994-05-23,3.2093193531036377
1994-05-24,3.2261223793029785
1994-05-25,3.2093193531036377
1994-05-26,3.2261223793029785
1994-05-27,3.2429258823394775
1994-05-31,3.2765321731567383
1994-06-01,3.2933335304260254
1994-06-02,3.31013560295105
1994-06-03,3.31013560295105
1994-06-06,3.31013560295105
1994-06-07,3.31013560295105
1994-06-08,3.3269379138946533
1994-06-09,3.3269379138946533
1994-06-10,3.3269379138946533
1994-06-13,3.3437411785125732
1994-06-14,3.3437411785125732
1994-06-15,3.31013560295105
1994-06-16,3.31013560295105
1994-06-17,3.2429258823394775
1994-06-20,3.259726047515869
1994-06-21,3.2429258823394775
1994-06-22,3.2429258823394775
1994-06-23,3.2429258823394775
1994-06-24,3.2429258823394775
1994-06-27,3.2429258823394775
1994-06-28,3.2429258823394775
1994-06-29,3.2261223793029785
1994-06-30,3.2261223793029785
1994-07-01,3.2765321731567383
1994-07-05,3.259726047515869
1994-07-06,3.2261223793029785
1994-07-07,3.2261223793029785
1994-07-08,3.2261223793029785
1994-07-11,3.2093193531036377
1994-07-12,3.1757147312164307
1994-07-13,3.2093193531036377
1994-07-14,3.2429258823394775
1994-07-15,3.2261223793029785
1994-07-18,3.2429258823394775
1994-07-19,3.31013560295105
1994-07-20,3.3269379138946533
1994-07-21,3.3437411785125732
1994-07-22,3.31013560295105
1994-07-25,3.3437411785125732
1994-07-26,3.2933335304260254
1994-07-27,3.2933335304260254
1994-07-28,3.2933335304260254
1994-07-29,3.31013560295105
1994-08-01,3.2765121459960938
1994-08-02,3.2765121459960938
1994-08-03,3.2422034740448
1994-08-04,3.2765121459960938
1994-08-05,3.2765121459960938
1994-08-08,3.2765121459960938
1994-08-09,3.190739870071411
1994-08-10,3.207897186279297
1994-08-11,3.190739870071411
1994-08-12,3.207897186279297
1994-08-15,3.207897186279297
1994-08-16,3.207897186279297
1994-08-17,3.1564314365386963
1994-08-18,3.1564314365386963
1994-08-19,3.1564314365386963
1994-08-22,3.139277219772339
1994-08-23,3.122121810913086
1994-08-24,3.122121810913086
1994-08-25,3.122121810913086
1994-08-26,3.122121810913086
1994-08-29,3.139277219772339
1994-08-30,3.122121810913086
1994-08-31,3.087812900543213
1994-09-01,3.139277219772339
1994-09-02,3.139277219772339
1994-09-06,3.139277219772339
1994-09-07,3.139277219772339
1994-09-08,3.139277219772339
1994-09-09,3.139277219772339
1994-09-12,3.139277219772339
1994-09-13,3.104968786239624
1994-09-14,3.139277219772339
1994-09-15,3.139277219772339
1994-09-16,3.122121810913086
1994-09-19,3.104968786239624
1994-09-20,3.087812900543213
1994-09-21,3.0706589221954346
1994-09-22,3.053504467010498
1994-09-23,3.053504467010498
1994-09-26,3.036348342895508
1994-09-27,3.053504467010498
1994-09-28,3.036348342895508
1994-09-29,3.036348342895508
1994-09-30,3.053504467010498
1994-10-03,3.104968786239624
1994-10-04,3.087812900543213
1994-10-05,3.053504467010498
1994-10-06,3.0191948413848877
1994-10-07,3.053504467010498
1994-10-10,3.036348342895508
1994-10-11,3.0020394325256348
1994-10-12,3.0191948413848877
1994-10-13,3.0191948413848877
1994-10-14,3.036348342895508
1994-10-17,3.053504467010498
1994-10-18,3.036348342895508
1994-10-19,3.0020394325256348
1994-10-20,3.053504467010498
1994-10-21,3.0191948413848877
1994-10-24,3.053504467010498
1994-10-25,3.053504467010498
1994-10-26,3.0706589221954346
1994-10-27,3.0706589221954346
1994-10-28,3.0706589221954346
1994-10-31,3.0193984508514404
1994-11-01,3.0018463134765625
1994-11-02,2.9842910766601562
1994-11-03,2.9667348861694336
1994-11-04,3.072061777114868
1994-11-07,3.036954164505005
1994-11-08,3.05450701713562
1994-11-09,3.072061777114868
1994-11-10,3.0896177291870117
1994-11-11,3.0896177291870117
1994-11-14,3.05450701713562
1994-11-15,3.036954164505005
1994-11-16,3.072061777114868
1994-11-17,3.072061777114868
1994-11-18,3.1071712970733643
1994-11-21,3.036954164505005
1994-11-22,3.0193984508514404
1994-11-23,2.9491806030273438
1994-11-25,3.0018463134765625
1994-11-28,2.9842910766601562
1994-11-29,2.9667348861694336
1994-11-30,2.9316258430480957
1994-12-01,2.861407518386841
1994-12-02,2.8965165615081787
1994-12-05,2.8965165615081787
1994-12-06,2.9491806030273438
1994-12-07,2.8965165615081787
1994-12-08,2.8965165615081787
1994-12-09,2.914069414138794
1994-12-12,2.8965165615081787
1994-12-13,2.8965165615081787
1994-12-14,2.914069414138794
1994-12-15,2.914069414138794
1994-12-16,2.914069414138794
1994-12-19,2.914069414138794
1994-12-20,2.9316258430480957
1994-12-21,2.8965165615081787
1994-12-22,2.878962516784668
1994-12-23,2.8965165615081787
1994-12-27,2.8438522815704346
1994-12-28,2.8087432384490967
1994-12-29,2.8438522815704346
1994-12-30,2.8087432384490967
1995-01-03,2.8087432384490967
1995-01-04,2.914069414138794
1995-01-05,2.9842910766601562
1995-01-06,3.05450701713562
1995-01-09,3.0896177291870117
1995-01-10,3.072061777114868
1995-01-11,3.05450701713562
1995-01-12,3.05450701713562
1995-01-13,3.072061777114868
1995-01-16,3.0896177291870117
1995-01-17,3.0896177291870117
1995-01-18,3.072061777114868
1995-01-19,3.0896177291870117
1995-01-20,3.05450701713562
1995-01-23,3.05450701713562
1995-01-24,3.072061777114868
1995-01-25,3.1071712970733643
1995-01-26,3.1247270107269287
1995-01-27,3.072061777114868
1995-01-30,3.0921976566314697
1995-01-31,3.07422137260437
1995-02-01,3.0921976566314697
1995-02-02,3.07422137260437
1995-02-03,3.164109706878662
1995-02-06,3.182086944580078
1995-02-07,3.2180449962615967
1995-02-08,3.200065851211548
1995-02-09,3.1281533241271973
1995-02-10,3.1281533241271973
1995-02-13,3.164109706878662
1995-02-14,3.182086944580078
1995-02-15,3.182086944580078
1995-02-16,3.200065851211548
1995-02-17,3.200065851211548
1995-02-21,3.200065851211548
1995-02-22,3.164109706878662
1995-02-23,3.2180449962615967
1995-02-24,3.2180449962615967
1995-02-27,3.200065851211548
1995-02-28,3.200065851211548
1995-03-01,3.2180449962615967
1995-03-02,3.2180449962615967
1995-03-03,3.200065851211548
1995-03-06,3.2180449962615967
1995-03-07,3.200065851211548
1995-03-08,3.182086944580078
1995-03-09,3.1461305618286133
1995-03-10,3.164109706878662
1995-03-13,3.1461305618286133
1995-03-14,3.164109706878662
1995-03-15,3.164109706878662
1995-03-16,3.1461305618286133
1995-03-17,3.1461305618286133
1995-03-20,3.1281533241271973
1995-03-21,3.1461305618286133
1995-03-22,3.164109706878662
1995-03-23,3.1101760864257812
1995-03-24,3.1461305618286133
1995-03-27,3.07422137260437
1995-03-28,3.164109706878662
1995-03-29,3.164109706878662
1995-03-30,3.164109706878662
1995-03-31,3.1461305618286133
1995-04-03,3.1461305618286133
1995-04-04,3.164109706878662
1995-04-05,3.164109706878662
1995-04-06,3.164109706878662
1995-04-07,3.1461305618286133
1995-04-10,3.1461305618286133
1995-04-11,3.164109706878662
1995-04-12,3.164109706878662
1995-04-13,3.164109706878662
1995-04-17,3.1461305618286133
1995-04-18,3.164109706878662
1995-04-19,3.164109706878662
1995-04-20,3.1461305618286133
1995-04-21,3.164109706878662
1995-04-24,3.164109706878662
1995-04-25,3.1281533241271973
1995-04-26,3.1461305618286133
1995-04-27,3.1461305618286133
1995-04-28,3.1281533241271973
1995-05-01,3.1495203971862793
1995-05-02,3.1495203971862793
1995-05-03,3.1679370403289795
1995-05-04,3.1495203971862793
1995-05-05,3.1679370403289795
1995-05-08,3.1863555908203125
1995-05-09,3.1679370403289795
1995-05-10,3.1863555908203125
1995-05-11,3.1863555908203125
1995-05-12,3.1863555908203125
1995-05-15,3.1495203971862793
1995-05-16,3.112682580947876
1995-05-17,3.1311025619506836
1995-05-18,3.1679370403289795
1995-05-19,3.2600276470184326
1995-05-22,3.2968666553497314
1995-05-23,3.2600276470184326
1995-05-24,3.204773426055908
1995-05-25,3.223191022872925
1995-05-26,3.2600276470184326
1995-05-30,3.278446912765503
1995-05-31,3.278446912765503
1995-06-01,3.241610288619995
1995-06-02,3.2600276470184326
1995-06-05,3.2968666553497314
1995-06-06,3.3889572620391846
1995-06-07,3.223191022872925
1995-06-08,3.1679370403289795
1995-06-09,3.1495203971862793
1995-06-12,3.1863555908203125
1995-06-13,3.223191022872925
1995-06-14,3.204773426055908
1995-06-15,3.204773426055908
1995-06-16,3.204773426055908
1995-06-19,3.241610288619995
1995-06-20,3.223191022872925
1995-06-21,3.241610288619995
1995-06-22,3.223191022872925
1995-06-23,3.204773426055908
1995-06-26,3.1495203971862793
1995-06-27,3.1495203971862793
1995-06-28,3.1495203971862793
1995-06-29,3.094263792037964
1995-06-30,3.0390100479125977
1995-07-03,3.020591974258423
1995-07-05,3.020591974258423
1995-07-06,3.0758471488952637
1995-07-07,3.094263792037964
1995-07-10,3.094263792037964
1995-07-11,3.094263792037964
1995-07-12,3.0574259757995605
1995-07-13,3.094263792037964
1995-07-14,3.1495203971862793
1995-07-17,3.094263792037964
1995-07-18,3.112682580947876
1995-07-19,3.112682580947876
1995-07-20,3.0390100479125977
1995-07-21,2.983755111694336
1995-07-24,2.983755111694336
1995-07-25,3.0021731853485107
1995-07-26,2.983755111694336
1995-07-27,2.983755111694336
1995-07-28,2.983755111694336
1995-07-31,3.0021731853485107
1995-08-01,2.983755111694336
1995-08-02,2.911165714263916
1995-08-03,2.7410314083099365
1995-08-04,2.8733582496643066
1995-08-07,2.8544538021087646
1995-08-08,2.816645622253418
1995-08-09,2.8355507850646973
1995-08-10,2.8355507850646973
1995-08-11,2.797743320465088
1995-08-14,2.6843225955963135
1995-08-15,2.722127914428711
1995-08-16,2.7410314083099365
1995-08-17,2.7032248973846436
1995-08-18,2.722127914428711
1995-08-21,2.722127914428711
1995-08-22,2.7032248973846436
1995-08-23,2.722127914428711
1995-08-24,2.7032248973846436
1995-08-25,2.7032248973846436
1995-08-28,2.7032248973846436
1995-08-29,2.722127914428711
1995-08-30,2.7032248973846436
1995-08-31,2.6843225955963135
1995-09-01,2.7032248973846436
1995-09-05,2.7032248973846436
1995-09-06,2.6843225955963135
1995-09-07,2.6843225955963135
1995-09-08,2.7032248973846436
1995-09-11,2.6843225955963135
1995-09-12,2.6654181480407715
1995-09-13,2.6843225955963135
1995-09-14,2.6843225955963135
1995-09-15,2.6843225955963135
1995-09-18,2.6843225955963135
1995-09-19,2.6465134620666504
1995-09-20,2.6465134620666504
1995-09-21,2.5898020267486572
1995-09-22,2.4574780464172363
1995-09-25,2.476381301879883
1995-09-26,2.4007673263549805
1995-09-27,2.4007673263549805
1995-09-28,2.381862163543701
1995-09-29,2.3629589080810547
1995-10-02,2.6465134620666504
1995-10-03,2.816645622253418
1995-10-04,2.7599360942840576
1995-10-05,2.722127914428711
1995-10-06,2.722127914428711
1995-10-09,2.7410314083099365
1995-10-10,2.797743320465088
1995-10-11,2.6843225955963135
1995-10-12,2.7410314083099365
1995-10-13,2.722127914428711
1995-10-16,2.797743320465088
1995-10-17,2.816645622253418
1995-10-18,2.797743320465088
1995-10-19,2.7599360942840576
1995-10-20,2.797743320465088
1995-10-23,2.797743320465088
1995-10-24,2.8544538021087646
1995-10-25,2.8733582496643066
1995-10-26,2.8544538021087646
1995-10-27,2.8544538021087646
1995-10-30,2.8544538021087646
1995-10-31,2.8355507850646973
1995-11-01,2.8192176818847656
1995-11-02,2.741447687149048
1995-11-03,2.702561616897583
1995-11-06,2.702561616897583
1995-11-07,2.6831181049346924
1995-11-08,2.7997756004333496
1995-11-09,2.7803328037261963
1995-11-10,2.7608911991119385
1995-11-13,2.722003221511841
1995-11-14,2.741447687149048
1995-11-15,2.722003221511841
1995-11-16,2.702561616897583
1995-11-17,2.722003221511841
1995-11-20,2.741447687149048
1995-11-21,2.7608911991119385
1995-11-22,2.741447687149048
1995-11-24,2.741447687149048
1995-11-27,2.7608911991119385
1995-11-28,2.7803328037261963
1995-11-29,2.7803328037261963
1995-11-30,2.7803328037261963
1995-12-01,2.7608911991119385
1995-12-04,2.7803328037261963
1995-12-05,2.7997756004333496
1995-12-06,2.7997756004333496
1995-12-07,2.7803328037261963
1995-12-08,2.7997756004333496
1995-12-11,2.7608911991119385
1995-12-12,2.741447687149048
1995-12-13,2.702561616897583
1995-12-14,2.7803328037261963
1995-12-15,2.7803328037261963
1995-12-18,2.7803328037261963
1995-12-19,2.7803328037261963
1995-12-20,2.8192176818847656
1995-12-21,2.8192176818847656
1995-12-22,2.7997756004333496
1995-12-26,2.7997756004333496
1995-12-27,2.7997756004333496
1995-12-28,2.8192176818847656
1995-12-29,2.7997756004333496
1996-01-02,2.8192176818847656
1996-01-03,2.877547025680542
1996-01-04,2.896989345550537
1996-01-05,2.896989345550537
1996-01-08,2.896989345550537
1996-01-09,2.896989345550537
1996-01-10,2.896989345550537
1996-01-11,2.896989345550537
1996-01-12,2.935875177383423
1996-01-15,2.994204521179199
1996-01-16,3.071977376937866
1996-01-17,3.149747610092163
1996-01-18,3.246962308883667
1996-01-19,3.266404867172241
1996-01-22,3.2858471870422363
1996-01-23,3.305291175842285
1996-01-24,3.3247334957122803
1996-01-25,3.363619089126587
1996-01-26,3.402505397796631
1996-01-29,3.402505397796631
1996-01-30,3.402505397796631
1996-01-31,3.326026439666748
1996-02-01,3.365858554840088
1996-02-02,3.365858554840088
1996-02-05,3.385775566101074
1996-02-06,3.425607681274414
1996-02-07,3.385775566101074
1996-02-08,3.465439558029175
1996-02-09,3.465439558029175
1996-02-12,3.465439558029175
1996-02-13,3.465439558029175
1996-02-14,3.445524215698242
1996-02-15,3.425607681274414
1996-02-16,3.465439558029175
1996-02-20,3.425607681274414
1996-02-21,3.5052735805511475
1996-02-22,3.4853572845458984
1996-02-23,3.5251898765563965
1996-02-26,3.5251898765563965
1996-02-27,3.5451059341430664
1996-02-28,3.5451059341430664
1996-02-29,3.5251898765563965
1996-03-01,3.5451059341430664
1996-03-04,3.5451059341430664
1996-03-05,3.5451059341430664
1996-03-06,3.5451059341430664
1996-03-07,3.5849366188049316
1996-03-08,3.425607681274414
1996-03-11,3.445524215698242
1996-03-12,3.4853572845458984
1996-03-13,3.4853572845458984
1996-03-14,3.5052735805511475
1996-03-15,3.5251898765563965
1996-03-18,3.5251898765563965
1996-03-19,3.5052735805511475
1996-03-20,3.5052735805511475
1996-03-21,3.4853572845458984
1996-03-22,3.4853572845458984
1996-03-25,3.5052735805511475
1996-03-26,3.5251898765563965
1996-03-27,3.5251898765563965
1996-03-28,3.5650224685668945
1996-03-29,3.5251898765563965
1996-04-01,3.5251898765563965
1996-04-02,3.5849366188049316
1996-04-03,3.5451059341430664
1996-04-04,3.5650224685668945
1996-04-08,3.5052735805511475
1996-04-09,3.5451059341430664
1996-04-10,3.5251898765563965
1996-04-11,3.5052735805511475
1996-04-12,3.5451059341430664
1996-04-15,3.5251898765563965
1996-04-16,3.5849366188049316
1996-04-17,3.5849366188049316
1996-04-18,3.624770164489746
1996-04-19,3.6446874141693115
1996-04-22,3.6446874141693115
1996-04-23,3.6446874141693115
1996-04-24,3.6446874141693115
1996-04-25,3.6446874141693115
1996-04-26,3.624770164489746
1996-04-29,3.624770164489746
1996-04-30,3.664602756500244
1996-05-01,3.565978527069092
1996-05-02,3.586357831954956
1996-05-03,3.586357831954956
1996-05-06,3.6474854946136475
1996-05-07,3.606731653213501
1996-05-08,3.586357831954956
1996-05-09,3.606731653213501
1996-05-10,3.606731653213501
1996-05-13,3.586357831954956
1996-05-14,3.606731653213501
1996-05-15,3.6271092891693115
1996-05-16,3.606731653213501
1996-05-17,3.586357831954956
1996-05-20,3.586357831954956
1996-05-21,3.586357831954956
1996-05-22,3.586357831954956
1996-05-23,3.565978527069092
1996-05-24,3.565978527069092
1996-05-28,3.545602321624756
1996-05-29,3.484471321105957
1996-05-30,3.5048482418060303
1996-05-31,3.5048482418060303
1996-06-03,3.4640932083129883
1996-06-04,3.484471321105957
1996-06-05,3.484471321105957
1996-06-06,3.484471321105957
1996-06-07,3.4233384132385254
1996-06-10,3.4640932083129883
1996-06-11,3.4233384132385254
1996-06-12,3.4029645919799805
1996-06-13,3.4029645919799805
1996-06-14,3.3622074127197266
1996-06-17,3.3622074127197266
1996-06-18,3.4029645919799805
1996-06-19,3.4640932083129883
1996-06-20,3.4640932083129883
1996-06-21,3.484471321105957
1996-06-24,3.525226354598999
1996-06-25,3.4640932083129883
1996-06-26,3.443716526031494
1996-06-27,3.4233384132385254
1996-06-28,3.5048482418060303
1996-07-01,3.484471321105957
1996-07-02,3.5048482418060303
1996-07-03,3.5048482418060303
1996-07-05,3.5048482418060303
1996-07-08,3.5048482418060303
1996-07-09,3.5048482418060303
1996-07-10,3.484471321105957
1996-07-11,3.4640932083129883
1996-07-12,3.4640932083129883
1996-07-15,3.4640932083129883
1996-07-16,3.4233384132385254
1996-07-17,3.5048482418060303
1996-07-18,3.525226354598999
1996-07-19,3.545602321624756
1996-07-22,3.525226354598999
1996-07-23,3.545602321624756
1996-07-24,3.545602321624756
1996-07-25,3.525226354598999
1996-07-26,3.525226354598999
1996-07-29,3.525226354598999
1996-07-30,3.545602321624756
1996-07-31,3.5489416122436523
1996-08-01,3.5906944274902344
1996-08-02,3.6115713119506836
1996-08-05,3.674199104309082
1996-08-06,3.674199104309082
1996-08-07,3.6533238887786865
1996-08-08,3.6324462890625
1996-08-09,3.5906944274902344
1996-08-12,3.6115713119506836
1996-08-13,3.5698184967041016
1996-08-14,3.6115713119506836
1996-08-15,3.6115713119506836
1996-08-16,3.6115713119506836
1996-08-19,3.674199104309082
1996-08-20,3.674199104309082
1996-08-21,3.6950743198394775
1996-08-22,3.7159504890441895
1996-08-23,3.7577013969421387
1996-08-26,3.7577013969421387
1996-08-27,3.7785801887512207
1996-08-28,3.7368273735046387
1996-08-29,3.7577013969421387
1996-08-30,3.7368273735046387
1996-09-03,3.7577013969421387
1996-09-04,3.7368273735046387
1996-09-05,3.7159504890441895
1996-09-06,3.7159504890441895
1996-09-09,3.7577013969421387
1996-09-10,3.8203306198120117
1996-09-11,3.7994556427001953
1996-09-12,3.7994556427001953
1996-09-13,3.7577013969421387
1996-09-16,3.7994556427001953
1996-09-17,3.7785801887512207
1996-09-18,3.7577013969421387
1996-09-19,3.7577013969421387
1996-09-20,3.7994556427001953
1996-09-23,3.7994556427001953
1996-09-24,3.84120774269104
1996-09-25,3.7994556427001953
1996-09-26,3.84120774269104
1996-09-27,3.8203306198120117
1996-09-30,3.882960796356201
1996-10-01,3.8620829582214355
1996-10-02,3.8620829582214355
1996-10-03,3.882960796356201
1996-10-04,3.903836965560913
1996-10-07,3.924713373184204
1996-10-08,3.9664645195007324
1996-10-09,3.9664645195007324
1996-10-10,3.9664645195007324
1996-10-11,3.9455878734588623
1996-10-14,3.9455878734588623
1996-10-15,3.924713373184204
1996-10-16,3.9664645195007324
1996-10-17,3.9664645195007324
1996-10-18,3.987340211868286
1996-10-21,3.9664645195007324
1996-10-22,3.987340211868286
1996-10-23,3.9664645195007324
1996-10-24,3.9664645195007324
1996-10-25,3.987340211868286
1996-10-28,3.987340211868286
1996-10-29,4.008217811584473
1996-10-30,3.9689528942108154
1996-10-31,4.011631965637207
1996-11-01,4.075645923614502
1996-11-04,4.096986770629883
1996-11-05,4.096986770629883
1996-11-06,4.11832332611084
1996-11-07,4.11832332611084
1996-11-08,4.11832332611084
1996-11-11,4.203676700592041
1996-11-12,4.289031028747559
1996-11-13,4.310368537902832
1996-11-14,4.182338714599609
1996-11-15,4.182338714599609
1996-11-18,4.225017070770264
1996-11-19,4.246354103088379
1996-11-20,4.225017070770264
1996-11-21,4.225017070770264
1996-11-22,4.246354103088379
1996-11-25,4.246354103088379
1996-11-26,4.289031028747559
1996-11-27,4.267693042755127
1996-11-29,4.246354103088379
1996-12-02,4.246354103088379
1996-12-03,4.289031028747559
1996-12-04,4.225017070770264
1996-12-05,4.225017070770264
1996-12-06,4.182338714599609
1996-12-09,4.182338714599609
1996-12-10,4.1610002517700195
1996-12-11,4.0543084144592285
1996-12-12,4.075645923614502
1996-12-13,3.99029278755188
1996-12-16,4.011631965637207
1996-12-17,4.075645923614502
1996-12-18,4.096986770629883
1996-12-19,4.096986770629883
1996-12-20,4.075645923614502
1996-12-23,4.0543084144592285
1996-12-24,4.075645923614502
1996-12-26,4.11832332611084
1996-12-27,4.096986770629883
1996-12-30,4.075645923614502
1996-12-31,4.182338714599609
1997-01-02,4.11832332611084
1997-01-03,4.182338714599609
1997-01-06,4.1610002517700195
1997-01-07,4.11832332611084
1997-01-08,4.075645923614502
1997-01-09,4.1610002517700195
1997-01-10,4.203676700592041
1997-01-13,4.203676700592041
1997-01-14,4.246354103088379
1997-01-15,4.246354103088379
1997-01-16,4.203676700592041
1997-01-17,4.246354103088379
1997-01-20,4.225017070770264
1997-01-21,4.289031028747559
1997-01-22,4.310368537902832
1997-01-23,4.267693042755127
1997-01-24,4.246354103088379
1997-01-27,4.203676700592041
1997-01-28,4.225017070770264
1997-01-29,4.267693042755127
1997-01-30,4.249388694763184
1997-01-31,4.184013843536377
1997-02-03,4.249388694763184
1997-02-04,4.249388694763184
1997-02-05,4.271178245544434
1997-02-06,4.292970180511475
1997-02-07,4.314764022827148
1997-02-10,4.358346939086914
1997-02-11,4.358346939086914
1997-02-12,4.380137920379639
1997-02-13,4.4237213134765625
1997-02-14,4.380137920379639
1997-02-18,4.380137920379639
1997-02-19,4.401927947998047
1997-02-20,4.336554527282715
1997-02-21,4.4237213134765625
1997-02-24,4.401927947998047
1997-02-25,4.336554527282715
1997-02-26,4.314764022827148
1997-02-27,4.401927947998047
1997-02-28,4.336554527282715
1997-03-03,4.358346939086914
1997-03-04,4.401927947998047
1997-03-05,4.249388694763184
1997-03-06,4.227595329284668
1997-03-07,4.227595329284668
1997-03-10,4.249388694763184
1997-03-11,4.249388694763184
1997-03-12,4.271178245544434
1997-03-13,4.249388694763184
1997-03-14,4.271178245544434
1997-03-17,4.227595329284668
1997-03-18,4.205803394317627
1997-03-19,4.205803394317627
1997-03-20,4.184013843536377
1997-03-21,4.184013843536377
1997-03-24,4.227595329284668
1997-03-25,4.227595329284668
1997-03-26,4.184013843536377
1997-03-27,4.184013843536377
1997-03-31,4.140429496765137
1997-04-01,4.1186370849609375
1997-04-02,4.075053691864014
1997-04-03,4.1186370849609375
1997-04-04,4.075053691864014
1997-04-07,4.075053691864014
1997-04-08,4.075053691864014
1997-04-09,4.075053691864014
1997-04-10,4.075053691864014
1997-04-11,4.031468868255615
1997-04-14,3.9225103855133057
1997-04-15,3.966094493865967
1997-04-16,4.009678363800049
1997-04-17,4.009678363800049
1997-04-18,4.031468868255615
1997-04-21,4.075053691864014
1997-04-22,4.075053691864014
1997-04-23,4.140429496765137
1997-04-24,4.184013843536377
1997-04-25,4.184013843536377
1997-04-28,4.184013843536377
1997-04-29,4.249388694763184
1997-04-30,4.205803394317627
1997-05-01,4.165707588195801
1997-05-02,4.143429756164551
1997-05-05,4.2102580070495605
1997-05-06,4.165707588195801
1997-05-07,4.165707588195801
1997-05-08,4.143429756164551
1997-05-09,4.143429756164551
1997-05-12,4.143429756164551
1997-05-13,4.121152400970459
1997-05-14,4.187984466552734
1997-05-15,4.232534408569336
1997-05-16,4.232534408569336
1997-05-19,4.254813194274902
1997-05-20,4.254813194274902
1997-05-21,4.2770891189575195
1997-05-22,4.254813194274902
1997-05-23,4.2770891189575195
1997-05-27,4.2770891189575195
1997-05-28,4.254813194274902
1997-05-29,4.232534408569336
1997-05-30,4.2770891189575195
1997-06-02,4.2770891189575195
1997-06-03,4.254813194274902
1997-06-04,4.2770891189575195
1997-06-05,4.2770891189575195
1997-06-06,4.299366474151611
1997-06-09,4.321640968322754
1997-06-10,4.321640968322754
1997-06-11,4.343917369842529
1997-06-12,4.366195201873779
1997-06-13,4.3884711265563965
1997-06-16,4.366195201873779
1997-06-17,4.366195201873779
1997-06-18,4.366195201873779
1997-06-19,4.433023452758789
1997-06-20,4.3884711265563965
1997-06-23,4.343917369842529
1997-06-24,4.310503959655762
1997-06-25,4.265948295593262
1997-06-26,4.265948295593262
1997-06-27,4.321640968322754
1997-06-30,4.332781791687012
1997-07-01,4.3884711265563965
1997-07-02,4.377331256866455
1997-07-03,4.41074800491333
1997-07-07,4.399608135223389
1997-07-08,4.433023452758789
1997-07-09,4.399608135223389
1997-07-10,4.444162368774414
1997-07-11,4.444162368774414
1997-07-14,4.444162368774414
1997-07-15,4.477577209472656
1997-07-16,4.499853610992432
1997-07-17,4.499853610992432
1997-07-18,4.522131443023682
1997-07-21,4.499853610992432
1997-07-22,4.510992527008057
1997-07-23,4.477577209472656
1997-07-24,4.477577209472656
1997-07-25,4.611235618591309
1997-07-28,4.611235618591309
1997-07-29,4.678064823150635
1997-07-30,4.644650459289551
1997-07-31,4.706954479217529
1997-08-01,4.695585250854492
1997-08-04,4.741064071655273
1997-08-05,4.809279918670654
1997-08-06,4.752433776855469
1997-08-07,4.797909736633301
1997-08-08,4.752433776855469
1997-08-11,4.763803958892822
1997-08-12,4.775172233581543
1997-08-13,4.775172233581543
1997-08-14,4.775172233581543
1997-08-15,4.718326091766357
1997-08-18,4.718326091766357
1997-08-19,4.706954479217529
1997-08-20,4.684218883514404
1997-08-21,4.752433776855469
1997-08-22,4.752433776855469
1997-08-25,4.729696750640869
1997-08-26,4.718326091766357
1997-08-27,4.718326091766357
1997-08-28,4.729696750640869
1997-08-29,4.752433776855469
1997-09-02,4.752433776855469
1997-09-03,4.752433776855469
1997-09-04,4.763803958892822
1997-09-05,4.763803958892822
1997-09-08,4.763803958892822
1997-09-09,4.752433776855469
1997-09-10,4.763803958892822
1997-09-11,4.809279918670654
1997-09-12,4.900236129760742
1997-09-15,4.9116058349609375
1997-09-16,4.8888654708862305
1997-09-17,4.86612606048584
1997-09-18,4.877499103546143
1997-09-19,4.86612606048584
1997-09-22,4.843388080596924
1997-09-23,4.877499103546143
1997-09-24,4.9116058349609375
1997-09-25,4.9116058349609375
1997-09-26,4.945714473724365
1997-09-29,4.922975063323975
1997-09-30,4.9911932945251465
1997-10-01,5.048038482666016
1997-10-02,4.9911932945251465
1997-10-03,5.0025634765625
1997-10-06,5.0253005027771
1997-10-07,5.0025634765625
1997-10-08,4.93434476852417
1997-10-09,4.93434476852417
1997-10-10,4.93434476852417
1997-10-13,4.9116058349609375
1997-10-14,4.8888654708862305
1997-10-15,4.945714473724365
1997-10-16,4.979824542999268
1997-10-17,4.945714473724365
1997-10-20,5.0253005027771
1997-10-21,4.979824542999268
1997-10-22,5.059408664703369
1997-10-23,4.86612606048584
1997-10-24,4.843388080596924
1997-10-27,4.786544322967529
1997-10-28,4.820650100708008
1997-10-29,4.820650100708008
1997-10-30,4.803942680358887
1997-10-31,4.838752746582031
1997-11-03,4.919978141784668
1997-11-04,4.885167598724365
1997-11-05,4.85035514831543
1997-11-06,4.908372402191162
1997-11-07,4.861958980560303
1997-11-10,4.861958980560303
1997-11-11,4.8967719078063965
1997-11-12,4.827149868011475
1997-11-13,4.827149868011475
1997-11-14,4.8967719078063965
1997-11-17,4.85035514831543
1997-11-18,4.873562812805176
1997-11-19,4.8967719078063965
1997-11-20,4.861958980560303
1997-11-21,4.827149868011475
1997-11-24,4.780733108520508
1997-11-25,4.757528305053711
1997-11-26,4.757528305053711
1997-11-28,4.7459211349487305
1997-12-01,4.7459211349487305
1997-12-02,4.873562812805176
1997-12-03,4.919978141784668
1997-12-04,4.943184852600098
1997-12-05,4.977999210357666
1997-12-08,5.036017894744873
1997-12-09,5.001203536987305
1997-12-10,5.012807846069336
1997-12-11,5.036017894744873
1997-12-12,5.012807846069336
1997-12-15,5.012807846069336
1997-12-16,5.082432270050049
1997-12-17,5.140449523925781
1997-12-18,5.163656234741211
1997-12-19,5.140449523925781
1997-12-22,5.10563850402832
1997-12-23,5.128846645355225
1997-12-24,5.128846645355225
1997-12-26,5.198466777801514
1997-12-29,5.314504623413086
1997-12-30,5.3029022216796875
1997-12-31,5.221674919128418
1998-01-02,5.279691696166992
1998-01-05,5.2564849853515625
1998-01-06,5.244881629943848
1998-01-07,5.268089771270752
1998-01-08,5.221674919128418
1998-01-09,5.2564849853515625
1998-01-12,5.163656234741211
1998-01-13,5.233279228210449
1998-01-14,5.279691696166992
1998-01-15,5.2564849853515625
1998-01-16,5.279691696166992
1998-01-20,5.291297435760498
1998-01-21,5.3029022216796875
1998-01-22,5.221674919128418
1998-01-23,5.128846645355225
1998-01-26,5.152050971984863
1998-01-27,5.314504623413086
1998-01-28,5.349314212799072
1998-01-29,5.384125709533691
1998-01-30,5.34439754486084
1998-02-02,5.391695022583008
1998-02-03,5.273456573486328
1998-02-04,5.273456573486328
1998-02-05,5.2971038818359375
1998-02-06,5.261632442474365
1998-02-09,5.368045330047607
1998-02-10,5.379868507385254
1998-02-11,5.320751667022705
1998-02-12,5.320751667022705
1998-02-13,5.2971038818359375
1998-02-17,5.2971038818359375
1998-02-18,5.249808311462402
1998-02-19,5.190688610076904
1998-02-20,5.119746208190918
1998-02-23,5.0842719078063965
1998-02-24,5.0842719078063965
1998-02-25,5.143393039703369
1998-02-26,5.155214786529541
1998-02-27,5.096096515655518
1998-03-02,5.0369768142700195
1998-03-03,5.048800468444824
1998-03-04,5.1079206466674805
1998-03-05,5.072449684143066
1998-03-06,5.131569862365723
1998-03-09,5.143393039703369
1998-03-10,5.0842719078063965
1998-03-11,5.096096515655518
1998-03-12,5.249808311462402
1998-03-13,5.214334964752197
1998-03-16,5.202513694763184
1998-03-17,5.1788649559021
1998-03-18,5.190688610076904
1998-03-19,5.155214786529541
1998-03-20,5.16703987121582
1998-03-23,5.190688610076904
1998-03-24,5.1079206466674805
1998-03-25,5.1788649559021
1998-03-26,5.0842719078063965
1998-03-27,5.1079206466674805
1998-03-30,5.1079206466674805
1998-03-31,5.202513694763184
1998-04-01,5.249808311462402
1998-04-02,5.237983226776123
1998-04-03,5.285279750823975
1998-04-06,5.261632442474365
1998-04-07,5.226158142089844
1998-04-08,5.202513694763184
1998-04-09,5.226158142089844
1998-04-13,5.2971038818359375
1998-04-14,5.273456573486328
1998-04-15,5.249808311462402
1998-04-16,5.320751667022705
1998-04-17,5.308924198150635
1998-04-20,5.273456573486328
1998-04-21,5.285279750823975
1998-04-22,5.261632442474365
1998-04-23,5.261632442474365
1998-04-24,5.202513694763184
1998-04-27,5.119746208190918
1998-04-28,5.143393039703369
1998-04-29,5.155214786529541
1998-04-30,5.261632442474365
1998-05-01,5.342675685882568
1998-05-04,5.306497573852539
1998-05-05,5.330615043640137
1998-05-06,5.294436454772949
1998-05-07,5.282375335693359
1998-05-08,5.23413610458374
1998-05-11,5.16177225112915
1998-05-12,5.089409828186035
1998-05-13,5.101469993591309
1998-05-14,5.1255903244018555
1998-05-15,5.222075462341309
1998-05-18,5.23413610458374
1998-05-19,5.246194362640381
1998-05-20,5.113533020019531
1998-05-21,5.113533020019531
1998-05-22,5.101469993591309
1998-05-26,4.968811511993408
1998-05-27,4.944691181182861
1998-05-28,4.956750392913818
1998-05-29,4.968811511993408
1998-06-01,4.956750392913818
1998-06-02,5.173833847045898
1998-06-03,5.137650966644287
1998-06-04,5.1255903244018555
1998-06-05,5.173833847045898
1998-06-08,5.23413610458374
1998-06-09,5.246194362640381
1998-06-10,5.222075462341309
1998-06-11,5.197953701019287
1998-06-12,5.149712085723877
1998-06-15,5.06528902053833
1998-06-16,5.149712085723877
1998-06-17,5.089409828186035
1998-06-18,5.06528902053833
1998-06-19,5.041170597076416
1998-06-22,5.077352046966553
1998-06-23,5.004988670349121
1998-06-24,5.0170512199401855
1998-06-25,4.968811511993408
1998-06-26,4.980869770050049
1998-06-29,4.980869770050049
1998-06-30,4.920568466186523
1998-07-01,4.980869770050049
1998-07-02,4.956750392913818
1998-07-06,4.956750392913818
1998-07-07,5.004988670349121
1998-07-08,5.02910852432251
1998-07-09,5.053230285644531
1998-07-10,5.004988670349121
1998-07-13,4.992928981781006
1998-07-14,5.0170512199401855
1998-07-15,5.101469993591309
1998-07-16,5.197953701019287
1998-07-17,5.173833847045898
1998-07-20,5.210014343261719
1998-07-21,5.2582526206970215
1998-07-22,5.197953701019287
1998-07-23,5.16177225112915
1998-07-24,5.210014343261719
1998-07-27,5.173833847045898
1998-07-28,5.089409828186035
1998-07-29,4.908504486083984
1998-07-30,4.992928981781006
1998-07-31,4.891889572143555
1998-08-03,4.8795671463012695
1998-08-04,4.756346225738525
1998-08-05,4.854920387268066
1998-08-06,4.928855895996094
1998-08-07,5.187620162963867
1998-08-10,5.1629743576049805
1998-08-11,5.089040756225586
1998-08-12,5.113686561584473
1998-08-13,5.064398765563965
1998-08-14,5.039752960205078
1998-08-17,5.015108585357666
1998-08-18,5.052077770233154
1998-08-19,4.978143215179443
1998-08-20,5.027432441711426
1998-08-21,4.941176891326904
1998-08-24,4.928855895996094
1998-08-25,5.076719284057617
1998-08-26,4.953497886657715
1998-08-27,4.805633544921875
1998-08-28,4.793311595916748
1998-08-31,4.5345458984375
1998-09-01,4.707057952880859
1998-09-02,4.657765865325928
1998-09-03,4.928855895996094
1998-09-04,4.928855895996094
1998-09-08,5.015108585357666
1998-09-09,5.089040756225586
1998-09-10,5.00278902053833
1998-09-11,4.928855895996094
1998-09-14,4.953497886657715
1998-09-15,4.928855895996094
1998-09-16,4.904209613800049
1998-09-17,4.928855895996094
1998-09-18,5.2492289543151855
1998-09-21,5.2492289543151855
1998-09-22,5.335485935211182
1998-09-23,5.421741485595703
1998-09-24,5.298518657684326
1998-09-25,5.298518657684326
1998-09-28,5.175297737121582
1998-09-29,5.224586009979248
1998-09-30,5.2492289543151855
1998-10-01,5.1629743576049805
1998-10-02,5.150652885437012
1998-10-05,4.965819358825684
1998-10-06,4.7193779945373535
1998-10-07,4.411324501037598
1998-10-08,4.21417236328125
1998-10-09,4.5591912269592285
1998-10-12,4.596157550811768
1998-10-13,4.509902477264404
1998-10-14,4.460613250732422
1998-10-15,4.5591912269592285
1998-10-16,4.5591912269592285
1998-10-19,4.571511745452881
1998-10-20,4.596157550811768
1998-10-21,4.62080192565918
1998-10-22,4.62080192565918
1998-10-23,4.6084818840026855
1998-10-26,4.62080192565918
1998-10-27,4.5591912269592285
1998-10-28,4.596157550811768
1998-10-29,4.6084818840026855
1998-10-30,4.569098949432373
1998-11-02,4.682694435119629
1998-11-03,4.657452583312988
1998-11-04,4.7710466384887695
1998-11-05,4.745805263519287
1998-11-06,4.745805263519287
1998-11-09,4.720563888549805
1998-11-10,4.670074462890625
1998-11-11,4.657452583312988
1998-11-12,4.682694435119629
1998-11-13,4.682694435119629
1998-11-16,4.644829750061035
1998-11-17,4.682694435119629
1998-11-18,4.745805263519287
1998-11-19,4.670074462890625
1998-11-20,4.657452583312988
1998-11-23,4.644829750061035
1998-11-24,4.619586944580078
1998-11-25,4.569098949432373
1998-11-27,4.556478500366211
1998-11-30,4.569098949432373
1998-12-01,4.745805263519287
1998-12-02,4.707939624786377
1998-12-03,4.733182907104492
1998-12-04,4.733182907104492
1998-12-07,4.707939624786377
1998-12-08,4.518611431121826
1998-12-09,4.644829750061035
1998-12-10,4.670074462890625
1998-12-11,4.733182907104492
1998-12-14,4.606961250305176
1998-12-15,4.733182907104492
1998-12-16,4.594341278076172
1998-12-17,4.644829750061035
1998-12-18,4.796291828155518
1998-12-21,4.94775390625
1998-12-22,4.909887790679932
1998-12-23,4.972995281219482
1998-12-24,4.985616683959961
1998-12-28,5.073970317840576
1998-12-29,5.200189590454102
1998-12-30,5.124460697174072
1998-12-31,5.225433349609375
1999-01-04,5.200189590454102
1999-01-05,5.364271640777588
1999-01-06,5.2506794929504395
1999-01-07,5.099215984344482
1999-01-08,5.036106586456299
1999-01-11,4.935131072998047
1999-01-12,4.897268772125244
1999-01-13,4.94775390625
1999-01-14,5.099215984344482
1999-01-15,5.073970317840576
1999-01-19,5.099215984344482
1999-01-20,5.13707971572876
1999-01-21,5.1497039794921875
1999-01-22,5.124460697174072
1999-01-25,5.1497039794921875
1999-01-26,5.225433349609375
1999-01-27,5.225433349609375
1999-01-28,5.200189590454102
1999-01-29,5.148065567016602
1999-02-01,5.135163307189941
1999-02-02,5.083550930023193
1999-02-03,5.044845104217529
1999-02-04,4.9803338050842285
1999-02-05,4.9803338050842285
1999-02-08,4.993236541748047
1999-02-09,5.019039630889893
1999-02-10,4.9803338050842285
1999-02-11,4.954527854919434
1999-02-12,4.915820121765137
1999-02-16,4.851309776306152
1999-02-17,4.851309776306152
1999-02-18,4.890016555786133
1999-02-19,4.87711238861084
1999-02-22,5.006138324737549
1999-02-23,5.122259616851807
1999-02-24,5.031942844390869
1999-02-25,4.954527854919434
1999-02-26,4.7867960929870605
1999-03-01,4.851309776306152
1999-03-02,4.941626071929932
1999-03-03,4.993236541748047
1999-03-04,5.044845104217529
1999-03-05,5.057746887207031
1999-03-08,4.87711238861084
1999-03-09,4.82550573348999
1999-03-10,4.683577537536621
1999-03-11,4.70937967300415
1999-03-12,4.773895263671875
1999-03-15,4.760993957519531
1999-03-16,4.657774448394775
1999-03-17,4.683577537536621
1999-03-18,4.683577537536621
1999-03-19,4.6319661140441895
1999-03-22,4.657774448394775
1999-03-23,4.670675277709961
1999-03-24,4.670675277709961
1999-03-25,4.502942085266113
1999-03-26,4.477137565612793
1999-03-29,4.490039348602295
1999-03-30,4.464233875274658
1999-03-31,4.438429355621338
1999-04-01,4.373918056488037
1999-04-05,4.412628173828125
1999-04-06,4.477137565612793
1999-04-07,4.464233875274658
1999-04-08,4.438429355621338
1999-04-09,4.412628173828125
1999-04-12,4.490039348602295
1999-04-13,4.477137565612793
1999-04-14,4.657774448394775
1999-04-15,4.941626071929932
1999-04-16,4.9674296379089355
1999-04-19,5.070649147033691
1999-04-20,5.006138324737549
1999-04-21,5.083550930023193
1999-04-22,5.09645414352417
1999-04-23,5.057746887207031
1999-04-26,5.070649147033691
1999-04-27,5.044845104217529
1999-04-28,5.031942844390869
1999-04-29,5.019039630889893
1999-04-30,4.966733455657959
1999-05-03,4.927103042602539
1999-05-04,4.979940414428711
1999-05-05,4.874268054962158
1999-05-06,5.006359577178955
1999-05-07,5.138453006744385
1999-05-10,5.045989513397217
1999-05-11,5.138453006744385
1999-05-12,5.164872646331787
1999-05-13,5.164872646331787
1999-05-14,5.1780805587768555
1999-05-17,5.1780805587768555
1999-05-18,5.138453006744385
1999-05-19,5.204500198364258
1999-05-20,5.363013744354248
1999-05-21,5.376220703125
1999-05-24,5.363013744354248
1999-05-25,5.191291332244873
1999-05-26,5.217707633972168
1999-05-27,5.204500198364258
1999-05-28,5.2309184074401855
1999-06-01,5.164872646331787
1999-06-02,5.151663780212402
1999-06-03,5.125244617462158
1999-06-04,5.164872646331787
1999-06-07,5.151663780212402
1999-06-08,5.1153364181518555
1999-06-09,5.151663780212402
1999-06-10,5.138453006744385
1999-06-11,5.085614204406738
1999-06-14,4.927103042602539
1999-06-15,4.927103042602539
1999-06-16,4.847845077514648
1999-06-17,4.874268054962158
1999-06-18,4.755378246307373
1999-06-21,4.715753078460693
1999-06-22,4.702542304992676
1999-06-23,4.649704933166504
1999-06-24,4.6761250495910645
1999-06-25,4.636495590209961
1999-06-28,4.72896146774292
1999-06-29,4.781798839569092
1999-06-30,4.91389274597168
1999-07-01,4.88747501373291
1999-07-02,4.861053466796875
1999-07-06,4.861053466796875
1999-07-07,4.88747501373291
1999-07-08,4.88747501373291
1999-07-09,4.834638595581055
1999-07-12,4.76859188079834
1999-07-13,4.795009136199951
1999-07-14,4.689332962036133
1999-07-15,4.834638595581055
1999-07-16,4.940314292907715
1999-07-19,4.808215141296387
1999-07-20,4.76859188079834
1999-07-21,4.742171287536621
1999-07-22,4.715753078460693
1999-07-23,4.702542304992676
1999-07-26,4.6761250495910645
1999-07-27,4.76859188079834
1999-07-28,4.755378246307373
1999-07-29,4.742171287536621
1999-07-30,4.770906448364258
1999-08-02,4.770906448364258
1999-08-03,4.798012733459473
1999-08-04,4.662475109100342
1999-08-05,4.648921012878418
1999-08-06,4.6082611083984375
1999-08-09,4.540493011474609
1999-08-10,4.47272253036499
1999-08-11,4.242310047149658
1999-08-12,4.377849102020264
1999-08-13,4.432064533233643
1999-08-16,4.310077667236328
1999-08-17,4.282970428466797
1999-08-18,4.269420146942139
1999-08-19,4.215201377868652
1999-08-20,4.2016496658325195
1999-08-23,4.377849102020264
1999-08-24,4.391401290893555
1999-08-25,4.33718729019165
1999-08-26,4.364294052124023
1999-08-27,4.282970428466797
1999-08-30,4.282970428466797
1999-08-31,4.364294052124023
1999-09-01,4.445616722106934
1999-09-02,4.391401290893555
1999-09-03,4.364294052124023
1999-09-07,4.418509006500244
1999-09-08,4.45917272567749
1999-09-09,4.33718729019165
1999-09-10,4.377849102020264
1999-09-13,4.432064533233643
1999-09-14,4.33718729019165
1999-09-15,4.33718729019165
1999-09-16,4.310077667236328
1999-09-17,4.40495491027832
1999-09-20,4.33718729019165
1999-09-21,4.323632717132568
1999-09-22,4.33718729019165
1999-09-23,4.350740432739258
1999-09-24,4.33718729019165
1999-09-27,4.282970428466797
1999-09-28,4.310077667236328
1999-09-29,4.310077667236328
1999-09-30,4.33718729019165
1999-10-01,4.296526908874512
1999-10-04,4.323632717132568
1999-10-05,4.282970428466797
1999-10-06,4.255862712860107
1999-10-07,4.255862712860107
1999-10-08,4.242310047149658
1999-10-11,4.2016496658325195
1999-10-12,4.147435188293457
1999-10-13,4.2016496658325195
1999-10-14,4.255862712860107
1999-10-15,4.215201377868652
1999-10-18,4.255862712860107
1999-10-19,4.255862712860107
1999-10-20,4.282970428466797
1999-10-21,4.2016496658325195
1999-10-22,4.066113471984863
1999-10-25,4.052557945251465
1999-10-26,3.9170243740081787
1999-10-27,3.903468132019043
1999-10-28,3.9712367057800293
1999-10-29,4.002021312713623
1999-11-01,4.043999671936035
1999-11-02,4.11396598815918
1999-11-03,4.08597993850708
1999-11-04,4.030007362365723
1999-11-05,3.9740352630615234
1999-11-08,3.9180634021759033
1999-11-09,3.988027572631836
1999-11-10,3.806117296218872
1999-11-11,3.6382007598876953
1999-11-12,3.652191638946533
1999-11-15,3.778130054473877
1999-11-16,3.778130054473877
1999-11-17,3.6801793575286865
1999-11-18,3.694176197052002
1999-11-19,3.7081656455993652
1999-11-22,3.7081656455993652
1999-11-23,3.6382007598876953
1999-11-24,3.6242077350616455
1999-11-26,3.5962202548980713
1999-11-29,3.5682363510131836
1999-11-30,3.6242077350616455
1999-12-01,3.5682363510131836
1999-12-02,3.5402493476867676
1999-12-03,3.484276294708252
1999-12-06,3.4143130779266357
1999-12-07,3.498270034790039
1999-12-08,3.386326551437378
1999-12-09,3.344346284866333
1999-12-10,3.316361665725708
1999-12-13,3.3723318576812744
1999-12-14,3.316361665725708
1999-12-15,3.35834002494812
1999-12-16,3.35834002494812
1999-12-17,3.4143130779266357
1999-12-20,3.5262553691864014
1999-12-21,3.498270034790039
1999-12-22,3.498270034790039
1999-12-23,3.386326551437378
1999-12-27,3.35834002494812
1999-12-28,3.35834002494812
1999-12-29,3.3023681640625
1999-12-30,3.386326551437378
1999-12-31,3.386326551437378
2000-01-03,3.4422976970672607
2000-01-04,3.4283039569854736
2000-01-05,3.5262553691864014
2000-01-06,3.7081656455993652
2000-01-07,3.764138698577881
2000-01-10,3.834104299545288
2000-01-11,3.764138698577881
2000-01-12,3.7081656455993652
2000-01-13,3.7221615314483643
2000-01-14,3.7081656455993652
2000-01-18,3.6102166175842285
2000-01-19,3.736151695251465
2000-01-20,3.8201122283935547
2000-01-21,3.8900766372680664
2000-01-24,3.8201122283935547
2000-01-25,3.806117296218872
2000-01-26,3.8480985164642334
2000-01-27,3.806117296218872
2000-01-28,3.795687198638916
2000-01-31,3.737739324569702
2000-02-01,3.7232487201690674
2000-02-02,3.6653008460998535
2000-02-03,3.6073508262634277
2000-02-04,3.5928657054901123
2000-02-07,3.578376054763794
2000-02-08,3.578376054763794
2000-02-09,3.4769649505615234
2000-02-10,3.4479904174804688
2000-02-11,3.4479904174804688
2000-02-14,3.491452217102051
2000-02-15,3.5059409141540527
2000-02-16,3.5494015216827393
2000-02-17,3.5349152088165283
2000-02-18,3.5494015216827393
2000-02-22,3.5494015216827393
2000-02-23,3.5638885498046875
2000-02-24,3.5349152088165283
2000-02-25,3.491452217102051
2000-02-28,3.5204262733459473
2000-02-29,3.6073508262634277
2000-03-01,3.5349152088165283
2000-03-02,3.5638885498046875
2000-03-03,3.5349152088165283
2000-03-06,3.5204262733459473
2000-03-07,3.433504581451416
2000-03-08,3.5059409141540527
2000-03-09,3.4190170764923096
2000-03-10,3.5494015216827393
2000-03-13,3.5059409141540527
2000-03-14,3.4769649505615234
2000-03-15,3.433504581451416
2000-03-16,3.4624783992767334
2000-03-17,3.4769649505615234
2000-03-20,3.5638885498046875
2000-03-21,3.6073508262634277
2000-03-22,3.6508116722106934
2000-03-23,3.5928657054901123
2000-03-24,3.4479904174804688
2000-03-27,3.4769649505615234
2000-03-28,3.4479904174804688
2000-03-29,3.4769649505615234
2000-03-30,3.3900411128997803
2000-03-31,3.245166301727295
2000-04-03,3.2596540451049805
2000-04-04,3.2161924839019775
2000-04-05,3.332089900970459
2000-04-06,3.404529094696045
2000-04-07,3.3755533695220947
2000-04-10,3.3755533695220947
2000-04-11,3.433504581451416
2000-04-12,3.6363275051116943
2000-04-13,3.6653008460998535
2000-04-14,3.5204262733459473
2000-04-17,3.578376054763794
2000-04-18,3.6363275051116943
2000-04-19,3.766711711883545
2000-04-20,3.8246638774871826
2000-04-24,3.8536388874053955
2000-04-25,3.8536388874053955
2000-04-26,3.8681232929229736
2000-04-27,3.8391482830047607
2000-04-28,3.829538106918335
2000-05-01,3.8145198822021484
2000-05-02,3.8445539474487305
2000-05-03,3.8445539474487305
2000-05-04,3.7394299507141113
2000-05-05,3.7093937397003174
2000-05-08,3.829538106918335
2000-05-09,3.8145198822021484
2000-05-10,3.79950213432312
2000-05-11,3.8745927810668945
2000-05-12,3.9496803283691406
2000-05-15,3.994734048843384
2000-05-16,3.9646997451782227
2000-05-17,3.8896071910858154
2000-05-18,3.8595714569091797
2000-05-19,3.8445539474487305
2000-05-22,3.9046266078948975
2000-05-23,3.8745927810668945
2000-05-24,3.8445539474487305
2000-05-25,3.829538106918335
2000-05-26,3.8145198822021484
2000-05-30,3.8896071910858154
2000-05-31,3.8595714569091797
2000-06-01,3.8595714569091797
2000-06-02,3.8745927810668945
2000-06-05,3.8745927810668945
2000-06-06,3.9046266078948975
2000-06-07,3.9046266078948975
2000-06-08,3.9346635341644287
2000-06-09,3.9646997451782227
2000-06-12,3.979714870452881
2000-06-13,3.9646997451782227
2000-06-14,3.9646997451782227
2000-06-15,3.9646997451782227
2000-06-16,3.9646997451782227
2000-06-19,3.9646997451782227
2000-06-20,3.9496803283691406
2000-06-21,3.9646997451782227
2000-06-22,3.9046266078948975
2000-06-23,3.9196434020996094
2000-06-26,3.9346635341644287
2000-06-27,3.9646997451782227
2000-06-28,3.9646997451782227
2000-06-29,3.9496803283691406
2000-06-30,3.9083828926086426
2000-07-03,3.9346635341644287
2000-07-05,3.979714870452881
2000-07-06,3.9646997451782227
2000-07-07,3.9646997451782227
2000-07-10,4.009750843048096
2000-07-11,4.05480432510376
2000-07-12,4.0848388671875
2000-07-13,4.129893779754639
2000-07-14,4.17494535446167
2000-07-17,4.189964294433594
2000-07-18,4.204983234405518
2000-07-19,4.2800726890563965
2000-07-20,4.370177268981934
2000-07-21,4.415232181549072
2000-07-24,4.445267677307129
2000-07-25,4.400214195251465
2000-07-26,4.430249214172363
2000-07-27,4.385195255279541
2000-07-28,4.359753131866455
2000-07-31,4.468357563018799
2000-08-01,4.499388217926025
2000-08-02,4.514902591705322
2000-08-03,4.514902591705322
2000-08-04,4.514902591705322
2000-08-07,4.514902591705322
2000-08-08,4.576964378356934
2000-08-09,4.623509407043457
2000-08-10,4.639024257659912
2000-08-11,4.670055389404297
2000-08-14,4.701083660125732
2000-08-15,4.6079936027526855
2000-08-16,4.6079936027526855
2000-08-17,4.623509407043457
2000-08-18,4.592477321624756
2000-08-21,4.623509407043457
2000-08-22,4.639024257659912
2000-08-23,4.5614471435546875
2000-08-24,4.6079936027526855
2000-08-25,4.576964378356934
2000-08-28,4.483872890472412
2000-08-29,4.452839374542236
2000-08-30,4.468357563018799
2000-08-31,4.483872890472412
2000-09-01,4.452839374542236
2000-09-05,4.545932292938232
2000-09-06,4.499388217926025
2000-09-07,4.468357563018799
2000-09-08,4.530415058135986
2000-09-11,4.545932292938232
2000-09-12,4.514902591705322
2000-09-13,4.576964378356934
2000-09-14,4.670055389404297
2000-09-15,4.576964378356934
2000-09-18,4.468357563018799
2000-09-19,4.468357563018799
2000-09-20,4.421813488006592
2000-09-21,4.452839374542236
2000-09-22,4.468357563018799
2000-09-25,4.452839374542236
2000-09-26,4.452839374542236
2000-09-27,4.4373273849487305
2000-09-28,4.421813488006592
2000-09-29,4.406296253204346
2000-10-02,4.359753131866455
2000-10-03,4.375267505645752
2000-10-04,4.530415058135986
2000-10-05,4.406296253204346
2000-10-06,4.375267505645752
2000-10-09,4.390782356262207
2000-10-10,4.452839374542236
2000-10-11,4.421813488006592
2000-10-12,4.375267505645752
2000-10-13,4.4373273849487305
2000-10-16,4.421813488006592
2000-10-17,4.1735687255859375
2000-10-18,4.282176494598389
2000-10-19,4.390782356262207
2000-10-20,4.375267505645752
2000-10-23,4.375267505645752
2000-10-24,4.406296253204346
2000-10-25,4.313206195831299
2000-10-26,4.375267505645752
2000-10-27,4.54152250289917
2000-10-30,4.54152250289917
2000-10-31,4.54152250289917
2000-11-01,4.493378639221191
2000-11-02,4.493378639221191
2000-11-03,4.429187297821045
2000-11-06,4.348947048187256
2000-11-07,4.381044387817383
2000-11-08,4.397092819213867
2000-11-09,4.348947048187256
2000-11-10,4.284757137298584
2000-11-13,4.316851615905762
2000-11-14,4.316851615905762
2000-11-15,4.316851615905762
2000-11-16,4.316851615905762
2000-11-17,4.316851615905762
2000-11-20,4.429187297821045
2000-11-21,4.381044387817383
2000-11-22,4.348947048187256
2000-11-24,4.413141250610352
2000-11-27,4.429187297821045
2000-11-28,4.381044387817383
2000-11-29,4.413141250610352
2000-11-30,4.332900047302246
2000-12-01,4.364996910095215
2000-12-04,4.300806522369385
2000-12-05,4.413141250610352
2000-12-06,4.316851615905762
2000-12-07,4.332900047302246
2000-12-08,4.364996910095215
2000-12-11,4.332900047302246
2000-12-12,4.348947048187256
2000-12-13,4.332900047302246
2000-12-14,4.332900047302246
2000-12-15,4.316851615905762
2000-12-18,4.348947048187256
2000-12-19,4.348947048187256
2000-12-20,4.316851615905762
2000-12-21,4.316851615905762
2000-12-22,4.236611843109131
2000-12-26,4.12428092956543
2000-12-27,4.172422409057617
2000-12-28,4.268710613250732
2000-12-29,4.172422409057617
2001-01-02,4.12428092956543
2001-01-03,4.284757137298584
2001-01-04,4.284757137298584
2001-01-05,4.172422409057617
2001-01-08,4.316851615905762
2001-01-09,4.477330207824707
2001-01-10,4.589664936065674
2001-01-11,4.525473594665527
2001-01-12,4.509427070617676
2001-01-16,4.54152250289917
2001-01-17,4.509427070617676
2001-01-18,4.54152250289917
2001-01-19,4.62175989151001
2001-01-22,4.798285961151123
2001-01-23,4.878525733947754
2001-01-24,4.9427170753479
2001-01-25,4.89457368850708
2001-01-26,4.958763599395752
2001-01-29,5.046805381774902
2001-01-30,5.030919551849365
2001-01-31,4.898525238037109
2001-02-01,4.96207332611084
2001-02-02,4.866749286651611
2001-02-05,4.840270519256592
2001-02-06,4.983254909515381
2001-02-07,4.9912004470825195
2001-02-08,4.988551139831543
2001-02-09,4.938243389129639
2001-02-12,4.95148229598999
2001-02-13,5.0044403076171875
2001-02-14,5.028268814086914
2001-02-15,5.0362138748168945
2001-02-16,4.999142169952393
2001-02-20,5.057397842407227
2001-02-21,5.022971153259277
2001-02-22,5.030919551849365
2001-02-23,5.017679214477539
2001-02-26,5.0971150398254395
2001-02-27,5.044155120849609
2001-02-28,5.052098751068115
2001-03-01,5.0838751792907715
2001-03-02,5.107705116271973
2001-03-05,5.044155120849609
2001-03-06,5.075929641723633
2001-03-07,5.1818461418151855
2001-03-08,5.195082187652588
2001-03-09,5.176549434661865
2001-03-12,5.173901557922363
2001-03-13,5.428097248077393
2001-03-14,5.5207695960998535
2001-03-15,5.547250747680664
2001-03-16,5.388379096984863
2001-03-19,5.5419535636901855
2001-03-20,5.4572224617004395
2001-03-21,5.454574108123779
2001-03-22,5.428097248077393
2001-03-23,5.459868907928467
2001-03-26,5.454574108123779
2001-03-27,5.494289875030518
2001-03-28,5.449277400970459
2001-03-29,5.467811584472656
2001-03-30,5.507530212402344
2001-04-02,5.6664018630981445
2001-04-03,5.682290554046631
2001-04-04,5.814683437347412
2001-04-05,5.85439920425415
2001-04-06,5.7723164558410645
2001-04-09,5.745837688446045
2001-04-10,5.910004615783691
2001-04-11,5.931186199188232
2001-04-12,6.023862361907959
2001-04-16,5.960312843322754
2001-04-17,6.021215915679932
2001-04-18,5.9179487228393555
2001-04-19,5.9258928298950195
2001-04-20,5.851752281188965
2001-04-23,5.92854118347168
2001-04-24,6.023862361907959
2001-04-25,6.2092108726501465
2001-04-26,6.2886481285095215
2001-04-27,6.3768744468688965
2001-04-30,6.338868141174316
2001-05-01,6.216705322265625
2001-05-02,6.094545841217041
2001-05-03,5.947947978973389
2001-05-04,6.0131025314331055
2001-05-07,5.972382545471191
2001-05-08,5.958808898925781
2001-05-09,6.015817165374756
2001-05-10,5.931660175323486
2001-05-11,5.899086952209473
2001-05-14,5.972382545471191
2001-05-15,6.053823471069336
2001-05-16,6.156984806060791
2001-05-17,6.154266834259033
2001-05-18,6.078258037567139
2001-05-21,6.175985813140869
2001-05-22,6.251996994018555
2001-05-23,6.116264820098877
2001-05-24,6.298149585723877
2001-05-25,6.230279922485352
2001-05-29,6.208564281463623
2001-05-30,6.203132629394531
2001-05-31,6.173272132873535
2001-06-01,6.271005153656006
2001-06-04,6.271005153656006
2001-06-05,6.284572124481201
2001-06-06,6.243854999542236
2001-06-07,6.379590034484863
2001-06-08,6.284572124481201
2001-06-11,6.319865703582764
2001-06-12,6.442028999328613
2001-06-13,6.474604606628418
2001-06-14,6.463746547698975
2001-06-15,5.90451717376709
2001-06-18,6.018531799316406
2001-06-19,6.045679092407227
2001-06-20,6.080969333648682
2001-06-21,6.156984806060791
2001-06-22,6.151553153991699
2001-06-25,6.184131622314453
2001-06-26,6.251996994018555
2001-06-27,6.292720794677734
2001-06-28,6.309009075164795
2001-06-29,6.4474568367004395
2001-07-02,6.718932151794434
2001-07-03,6.591336250305176
2001-07-05,6.583193778991699
2001-07-06,6.6239166259765625
2001-07-09,6.591336250305176
2001-07-10,6.515324592590332
2001-07-11,6.488180160522461
2001-07-12,6.539760589599609
2001-07-13,6.5587615966796875
2001-07-16,6.395877361297607
2001-07-17,6.664635181427002
2001-07-18,6.691783428192139
2001-07-19,6.78136682510376
2001-07-20,6.759650230407715
2001-07-23,6.6239166259765625
2001-07-24,6.596767902374268
2001-07-25,6.716213226318359
2001-07-26,6.881813049316406
2001-07-27,6.827626705169678
2001-07-30,6.794282913208008
2001-07-31,6.835958480834961
2001-08-01,6.827626705169678
2001-08-02,6.89154052734375
2001-08-03,6.849857807159424
2001-08-06,6.874864101409912
2001-08-07,6.93322229385376
2001-08-08,6.988797664642334
2001-08-09,7.044375896453857
2001-08-10,7.099952697753906
2001-08-13,7.0193681716918945
2001-08-14,6.999913215637207
2001-08-15,6.986020088195801
2001-08-16,6.999913215637207
2001-08-17,6.988797664642334
2001-08-20,7.01658821105957
2001-08-21,7.2111077308654785
2001-08-22,7.266682147979736
2001-08-23,7.141635417938232
2001-08-24,7.141635417938232
2001-08-27,7.113849639892578
2001-08-28,7.086062431335449
2001-08-29,6.947118282318115
2001-08-30,6.808174133300781
2001-08-31,6.880424976348877
2001-09-04,6.802615642547607
2001-09-05,6.835958480834961
2001-09-06,6.738700866699219
2001-09-07,6.599759101867676
2001-09-10,6.558078765869141
2001-09-17,6.463595867156982
2001-09-18,6.7248077392578125
2001-09-19,6.849857807159424
2001-09-20,6.655332088470459
2001-09-21,6.697017192840576
2001-09-24,6.752596378326416
2001-09-25,6.824845314025879
2001-09-26,6.780387878417969
2001-09-27,6.794282913208008
2001-09-28,7.0026960372924805
2001-10-01,7.02492094039917
2001-10-02,7.052711009979248
2001-10-03,7.155529022216797
2001-10-04,7.099952697753906
2001-10-05,7.136078357696533
2001-10-08,7.080501079559326
2001-10-09,7.225001811981201
2001-10-10,7.316702842712402
2001-10-11,7.0582685470581055
2001-10-12,7.163862228393555
2001-10-15,7.155529022216797
2001-10-16,7.1082916259765625
2001-10-17,7.005469799041748
2001-10-18,6.988797664642334
2001-10-19,6.972124099731445
2001-10-22,6.9610090255737305
2001-10-23,7.0193681716918945
2001-10-24,7.1082916259765625
2001-10-25,7.2111077308654785
2001-10-26,7.213884353637695
2001-10-29,7.130022048950195
2001-10-30,7.149919509887695
2001-10-31,7.286378383636475
2001-11-01,7.405781269073486
2001-11-02,7.292062282562256
2001-11-05,7.257949352264404
2001-11-06,7.442739009857178
2001-11-07,7.377354621887207
2001-11-08,7.334705352783203
2001-11-09,7.357454299926758
2001-11-12,7.30059289932251
2001-11-13,7.309123992919922
2001-11-14,7.220987319946289
2001-11-15,7.178349494934082
2001-11-16,7.101587772369385
2001-11-19,7.0219902992248535
2001-11-20,6.956602096557617
2001-11-21,7.0447282791137695
2001-11-23,7.078845500946045
2001-11-26,7.050416469573975
2001-11-27,7.087376594543457
2001-11-28,7.1357035636901855
2001-11-29,7.215307235717773
2001-11-30,7.098745346069336
2001-12-03,7.0219902992248535
2001-12-04,7.232365608215332
2001-12-05,7.206778526306152
2001-12-06,7.078845500946045
2001-12-07,7.093062877655029
2001-12-10,7.016303539276123
2001-12-11,7.0219902992248535
2001-12-12,6.942385196685791
2001-12-13,6.965131759643555
2001-12-14,7.0219902992248535
2001-12-17,7.036202907562256
2001-12-18,7.056102752685547
2001-12-19,6.999247074127197
2001-12-20,6.822986125946045
2001-12-21,7.050416469573975
2001-12-24,7.036202907562256
2001-12-26,6.993560314178467
2001-12-27,7.010616302490234
2001-12-28,6.962291717529297
2001-12-31,6.922487735748291
2002-01-02,7.027673244476318
2002-01-03,7.19256067276001
2002-01-04,7.220987319946289
2002-01-07,7.289223670959473
2002-01-08,7.391570091247559
2002-01-09,7.348921298980713
2002-01-10,7.456953525543213
2002-01-11,7.394408226013184
2002-01-14,7.633214950561523
2002-01-15,7.670170307159424
2002-01-16,7.621840000152588
2002-01-17,7.613314151763916
2002-01-18,7.647430419921875
2002-01-22,7.633214950561523
2002-01-23,7.6588006019592285
2002-01-24,7.661645412445068
2002-01-25,7.724189758300781
2002-01-28,7.85496187210083
2002-01-29,7.934832572937012
2002-01-30,7.958065509796143
2002-01-31,7.937739849090576
2002-02-01,7.8941731452941895
2002-02-04,7.929023265838623
2002-02-05,7.987111568450928
2002-02-06,7.853510856628418
2002-02-07,7.9145050048828125
2002-02-08,7.9145050048828125
2002-02-11,7.920309543609619
2002-02-12,7.897074222564697
2002-02-13,7.958065509796143
2002-02-14,7.923216819763184
2002-02-15,8.01034927368164
2002-02-19,7.987111568450928
2002-02-20,8.219465255737305
2002-02-21,7.987111568450928
2002-02-22,8.059721946716309
2002-02-25,8.013253211975098
2002-02-26,7.9725871086120605
2002-02-27,7.9725871086120605
2002-02-28,7.899979591369629
2002-03-01,8.033581733703613
2002-03-04,8.068431854248047
2002-03-05,8.016154289245605
2002-03-06,8.106193542480469
2002-03-07,8.016154289245605
2002-03-08,7.990014553070068
2002-03-11,7.868030071258545
2002-03-12,7.807039260864258
2002-03-13,7.804134368896484
2002-03-14,7.856411933898926
2002-03-15,7.9725871086120605
2002-03-18,8.001627922058105
2002-03-19,8.016154289245605
2002-03-20,7.934832572937012
2002-03-21,8.068431854248047
2002-03-22,8.088764190673828
2002-03-25,8.019062042236328
2002-03-26,8.123619079589844
2002-03-27,8.120711326599121
2002-03-28,8.109098434448242
2002-04-01,8.175901412963867
2002-04-02,8.225274085998535
2002-04-03,8.242701530456543
2002-04-04,8.419868469238281
2002-04-05,8.466334342956543
2002-04-08,8.553471565246582
2002-04-09,8.669647216796875
2002-04-10,8.814866065979004
2002-04-11,8.875858306884766
2002-04-12,9.241814613342285
2002-04-15,8.872954368591309
2002-04-16,8.422769546508789
2002-04-17,8.268837928771973
2002-04-18,8.358880043029785
2002-04-19,8.216561317443848
2002-04-22,8.059721946716309
2002-04-23,8.161375045776367
2002-04-24,8.239794731140137
2002-04-25,8.300783157348633
2002-04-26,8.257793426513672
2002-04-29,8.154012680053711
2002-04-30,8.36156940460205
2002-05-01,8.320058822631836
2002-05-02,8.50389575958252
2002-05-03,8.67883586883545
2002-05-06,8.598784446716309
2002-05-07,8.551339149475098
2002-05-08,8.444598197937012
2002-05-09,8.272616386413574
2002-05-10,8.154012680053711
2002-05-13,8.183664321899414
2002-05-14,8.183664321899414
2002-05-15,8.251863479614258
2002-05-16,8.257793426513672
2002-05-17,8.272616386413574
2002-05-20,8.272616386413574
2002-05-21,8.139190673828125
2002-05-22,8.165877342224121
2002-05-23,8.213316917419434
2002-05-24,8.168841361999512
2002-05-28,8.192561149597168
2002-05-29,8.213316917419434
2002-05-30,8.263729095458984
2002-05-31,8.287443161010742
2002-06-03,8.29633903503418
2002-06-04,8.32598876953125
2002-06-05,8.32895278930664
2002-06-06,8.29633903503418
2002-06-07,8.343782424926758
2002-06-10,8.370467185974121
2002-06-11,8.406047821044922
2002-06-12,8.48017692565918
2002-06-13,8.521686553955078
2002-06-14,8.610637664794922
2002-06-17,8.610637664794922
2002-06-18,8.610637664794922
2002-06-19,8.465352058410645
2002-06-20,8.57209587097168
2002-06-21,8.687732696533203
2002-06-24,8.643254280090332
2002-06-25,8.66104793548584
2002-06-26,8.625468254089355
2002-06-27,8.643254280090332
2002-06-28,8.880463600158691
2002-07-01,8.776683807373047
2002-07-02,8.583952903747559
2002-07-03,8.494997024536133
2002-07-05,8.578022003173828
2002-07-08,8.539480209350586
2002-07-09,8.583952903747559
2002-07-10,8.5098295211792
2002-07-11,8.260759353637695
2002-07-12,8.394186019897461
2002-07-15,8.299308776855469
2002-07-16,8.450525283813477
2002-07-17,8.598784446716309
2002-07-18,8.583952903747559
2002-07-19,8.39122200012207
2002-07-22,8.053202629089355
2002-07-23,7.9316301345825195
2002-07-24,8.035408020019531
2002-07-25,8.30226993560791
2002-07-26,8.58691692352295
2002-07-29,8.830527305603027
2002-07-30,8.894083023071289
2002-07-31,8.927369117736816
2002-08-01,8.806316375732422
2002-08-02,8.700403213500977
2002-08-05,8.618699073791504
2002-08-06,8.806316375732422
2002-08-07,8.912238121032715
2002-08-08,8.773028373718262
2002-08-09,8.715535163879395
2002-08-12,8.624748229980469
2002-08-13,8.546061515808105
2002-08-14,8.655010223388672
2002-08-15,8.594486236572266
2002-08-16,8.579353332519531
2002-08-19,8.518830299377441
2002-08-20,8.549088478088379
2002-08-21,8.579353332519531
2002-08-22,8.564221382141113
2002-08-23,8.54304027557373
2002-08-26,8.609615325927734
2002-08-27,8.552117347717285
2002-08-28,8.564221382141113
2002-08-29,8.573302268981934
2002-08-30,8.594486236572266
2002-09-03,8.555145263671875
2002-09-04,8.603564262390137
2002-09-05,8.552117347717285
2002-09-06,8.63987922668457
2002-09-09,8.558167457580566
2002-09-10,8.49764347076416
2002-09-11,8.467381477355957
2002-09-12,8.39777946472168
2002-09-13,8.473435401916504
2002-09-16,8.467381477355957
2002-09-17,8.322124481201172
2002-09-18,8.237390518188477
2002-09-19,8.158706665039062
2002-09-20,8.170806884765625
2002-09-23,8.09515380859375
2002-09-24,8.131473541259766
2002-09-25,8.080025672912598
2002-09-26,8.261600494384766
2002-09-27,8.17686653137207
2002-09-30,8.276727676391602
2002-10-01,8.219234466552734
2002-10-02,8.170806884765625
2002-10-03,8.146601676940918
2002-10-04,8.019501686096191
2002-10-07,7.725958347320557
2002-10-08,7.707798480987549
2002-10-09,7.565568447113037
2002-10-10,7.686614513397217
2002-10-11,7.868192195892334
2002-10-14,7.837926864624023
2002-10-15,8.09515380859375
2002-10-16,8.185945510864258
2002-10-17,8.391727447509766
2002-10-18,8.579353332519531
2002-10-21,8.449223518371582
2002-10-22,8.33725643157959
2002-10-23,8.443171501159668
2002-10-24,8.570272445678711
2002-10-25,8.636849403381348
2002-10-28,8.624748229980469
2002-10-29,8.669547080993652
2002-10-30,8.613933563232422
2002-10-31,8.675724029541016
2002-11-01,8.71898078918457
2002-11-04,8.746784210205078
2002-11-05,8.802399635314941
2002-11-06,8.836386680603027
2002-11-07,8.666457176208496
2002-11-08,8.675724029541016
2002-11-11,8.511975288391113
2002-11-12,8.681902885437012
2002-11-13,8.511975288391113
2002-11-14,8.63555908203125
2002-11-15,8.620109558105469
2002-11-18,8.450181007385254
2002-11-19,8.474899291992188
2002-11-20,8.511975288391113
2002-11-21,8.601571083068848
2002-11-22,8.558319091796875
2002-11-25,8.493437767028809
2002-11-26,8.542869567871094
2002-11-27,8.651007652282715
2002-11-29,8.604660987854004
2002-12-02,8.67264175415039
2002-12-03,8.468717575073242
2002-12-04,8.419282913208008
2002-12-05,8.413103103637695
2002-12-06,8.397656440734863
2002-12-09,8.372937202453613
2002-12-10,8.314234733581543
2002-12-11,8.32349967956543
2002-12-12,8.286430358886719
2002-12-13,8.255533218383789
2002-12-16,8.233901977539062
2002-12-17,8.187561988830566
2002-12-18,8.13194751739502
2002-12-19,8.13194751739502
2002-12-20,8.187561988830566
2002-12-23,8.218459129333496
2002-12-24,8.14430046081543
2002-12-26,8.196829795837402
2002-12-27,8.181380271911621
2002-12-30,8.101052284240723
2002-12-31,8.357495307922363
2003-01-02,8.372937202453613
2003-01-03,8.474899291992188
2003-01-06,8.610847473144531
2003-01-07,8.434733390808105
2003-01-08,8.372937202453613
2003-01-09,8.434733390808105
2003-01-10,8.345132827758789
2003-01-13,8.342040061950684
2003-01-14,8.342040061950684
2003-01-15,8.110323905944824
2003-01-16,8.209189414978027
2003-01-17,8.187561988830566
2003-01-21,8.125768661499023
2003-01-22,8.181380271911621
2003-01-23,8.21227741241455
2003-01-24,8.042346954345703
2003-01-27,7.977466106414795
2003-01-28,7.986735820770264
2003-01-29,8.013601303100586
2003-01-30,7.997798919677734
2003-01-31,8.15585708618164
2003-02-03,8.004125595092773
2003-02-04,8.117924690246582
2003-02-05,8.15585708618164
2003-02-06,8.15269947052002
2003-02-07,7.98199462890625
2003-02-10,8.108440399169922
2003-02-11,7.98199462890625
2003-02-12,7.906126022338867
2003-02-13,7.966190814971924
2003-02-14,7.937741756439209
2003-02-18,8.019927978515625
2003-02-19,7.978832244873047
2003-02-20,7.9314117431640625
2003-02-21,7.988317966461182
2003-02-24,7.915611743927002
2003-02-25,8.092635154724121
2003-02-26,8.007279396057129
2003-02-27,8.121087074279785
2003-02-28,8.143213272094727
2003-03-03,8.029410362243652
2003-03-04,8.108440399169922
2003-03-05,8.24753189086914
2003-03-06,8.092635154724121
2003-03-07,8.15269947052002
2003-03-10,8.073670387268066
2003-03-11,8.13689136505127
2003-03-12,8.23488712310791
2003-03-13,8.298115730285645
2003-03-14,8.22856616973877
2003-03-17,8.449845314025879
2003-03-18,8.456171035766602
2003-03-19,8.424555778503418
2003-03-20,8.358169555664062
2003-03-21,8.298115730285645
2003-03-24,8.272819519042969
2003-03-25,8.24753189086914
2003-03-26,8.348688125610352
2003-03-27,8.320236206054688
2003-03-28,8.326563835144043
2003-03-31,8.282305717468262
2003-04-01,8.478299140930176
2003-04-02,8.544681549072266
2003-04-03,8.541520118713379
2003-04-04,8.535195350646973
2003-04-07,8.630035400390625
2003-04-08,8.614230155944824
2003-04-09,8.626875877380371
2003-04-10,8.661648750305176
2003-04-11,8.655326843261719
2003-04-14,8.769121170043945
2003-04-15,8.848159790039062
2003-04-16,8.946155548095703
2003-04-17,8.996734619140625
2003-04-21,9.088412284851074
2003-04-22,9.246465682983398
2003-04-23,9.281241416931152
2003-04-24,9.246465682983398
2003-04-25,9.224335670471191
2003-04-28,9.219501495361328
2003-04-29,9.22594928741455
2003-04-30,9.184015274047852
2003-05-01,9.154985427856445
2003-05-02,9.184015274047852
2003-05-05,9.206597328186035
2003-05-06,9.322722434997559
2003-05-07,9.309826850891113
2003-05-08,9.33885669708252
2003-05-09,9.419506072998047
2003-05-12,9.477564811706543
2003-05-13,9.432405471801758
2003-05-14,9.422731399536133
2003-05-15,9.458212852478027
2003-05-16,9.477564811706543
2003-05-19,9.435632705688477
2003-05-20,9.493698120117188
2003-05-21,9.522729873657227
2003-05-22,9.53563404083252
2003-05-23,9.632411003112793
2003-05-27,9.654988288879395
2003-05-28,9.622732162475586
2003-05-29,9.367883682250977
2003-05-30,9.600150108337402
2003-06-02,9.564664840698242
2003-06-03,9.580798149108887
2003-06-04,9.677573204040527
2003-06-05,9.635636329650879
2003-06-06,9.671120643615723
2003-06-09,9.461438179016113
2003-06-10,9.645312309265137
2003-06-11,9.661443710327148
2003-06-12,9.61950397491455
2003-06-13,9.5324068069458
2003-06-16,9.819511413574219
2003-06-17,9.719508171081543
2003-06-18,9.67434310913086
2003-06-19,9.596920013427734
2003-06-20,9.622732162475586
2003-06-23,9.487242698669434
2003-06-24,9.574342727661133
2003-06-25,9.693700790405273
2003-06-26,9.774345397949219
2003-06-27,9.790478706359863
2003-06-30,9.838866233825684
2003-07-01,9.8808012008667
2003-07-02,9.993700981140137
2003-07-03,10.016286849975586
2003-07-07,10.161450386047363
2003-07-08,10.135645866394043
2003-07-09,10.209837913513184
2003-07-10,10.203389167785645
2003-07-11,10.158223152160645
2003-07-14,10.125967025756836
2003-07-15,10.145320892333984
2003-07-16,10.19371223449707
2003-07-17,10.074347496032715
2003-07-18,10.087251663208008
2003-07-21,9.967899322509766
2003-07-22,10.045317649841309
2003-07-23,10.164673805236816
2003-07-24,10.122742652893066
2003-07-25,10.177577018737793
2003-07-28,10.225967407226562
2003-07-29,10.280195236206055
2003-07-30,10.352498054504395
2003-07-31,10.349213600158691
2003-08-01,10.033706665039062
2003-08-04,9.902246475219727
2003-08-05,9.793790817260742
2003-08-06,9.731348037719727
2003-08-07,9.767498016357422
2003-08-08,9.941682815551758
2003-08-11,9.967977523803711
2003-08-12,9.892386436462402
2003-08-13,9.705060005187988
2003-08-14,9.757636070251465
2003-08-15,9.701766014099121
2003-08-18,9.72806167602539
2003-08-19,9.770784378051758
2003-08-20,9.908819198608398
2003-08-21,9.912104606628418
2003-08-22,9.737921714782715
2003-08-25,9.741209030151367
2003-08-26,9.787219047546387
2003-08-27,9.859519958496094
2003-08-28,9.859519958496094
2003-08-29,9.872666358947754
2003-09-02,10.01727294921875
2003-09-03,10.129012107849121
2003-09-04,10.158592224121094
2003-09-05,10.122443199157715
2003-09-08,10.152018547058105
2003-09-09,10.07314395904541
2003-09-10,9.938397407531738
2003-09-11,10.086294174194336
2003-09-12,10.092863082885742
2003-09-15,10.000840187072754
2003-09-16,10.07314395904541
2003-09-17,9.990983009338379
2003-09-18,10.083006858825684
2003-09-19,10.138874053955078
2003-09-22,10.07314395904541
2003-09-23,9.990983009338379
2003-09-24,10.056711196899414
2003-09-25,9.948253631591797
2003-09-26,9.94497299194336
2003-09-29,10.115865707397461
2003-09-30,10.138874053955078
2003-10-01,10.306485176086426
2003-10-02,10.401798248291016
2003-10-03,10.414941787719727
2003-10-06,10.418228149414062
2003-10-07,10.431371688842773
2003-10-08,10.418228149414062
2003-10-09,10.694293022155762
2003-10-10,10.625280380249023
2003-10-13,10.56282901763916
2003-10-14,10.714014053344727
2003-10-15,10.720587730407715
2003-10-16,10.773171424865723
2003-10-17,10.779746055603027
2003-10-20,10.730440139770508
2003-10-21,10.733734130859375
2003-10-22,10.648282051086426
2003-10-23,10.694293022155762
2003-10-24,10.681150436401367
2003-10-27,10.858623504638672
2003-10-28,10.82904052734375
2003-10-29,11.026232719421387
2003-10-30,11.081421852111816
2003-10-31,11.088111877441406
2003-11-03,11.462732315063477
2003-11-04,11.613245010375977
2003-11-05,11.573114395141602
2003-11-06,11.660078048706055
2003-11-07,11.579798698425293
2003-11-10,11.439318656921387
2003-11-11,11.389143943786621
2003-11-12,11.690176010131836
2003-11-13,11.693527221679688
2003-11-14,11.616594314575195
2003-11-17,11.472763061523438
2003-11-18,11.405863761901855
2003-11-19,11.39249324798584
2003-11-20,11.33227825164795
2003-11-21,11.375770568847656
2003-11-24,11.569766998291016
2003-11-25,11.606559753417969
2003-11-26,11.670106887817383
2003-11-28,11.680146217346191
2003-12-01,11.74035358428955
2003-12-02,11.65338134765625
2003-12-03,11.609908103942871
2003-12-04,11.6032133102417
2003-12-05,11.650047302246094
2003-12-08,11.823972702026367
2003-12-09,11.803905487060547
2003-12-10,11.770454406738281
2003-12-11,11.807250022888184
2003-12-12,11.82062816619873
2003-12-15,11.623284339904785
2003-12-16,11.606559753417969
2003-12-17,11.716939926147461
2003-12-18,11.643352508544922
2003-12-19,11.619940757751465
2003-12-22,11.670106887817383
2003-12-23,11.770454406738281
2003-12-24,11.80056095123291
2003-12-26,11.847387313842773
2003-12-29,12.007941246032715
2003-12-30,12.02800464630127
2003-12-31,12.041391372680664
2004-01-02,12.007941246032715
2004-01-05,12.064800262451172
2004-01-06,12.084870338439941
2004-01-07,12.09156322479248
2004-01-08,12.125004768371582
2004-01-09,12.061457633972168
2004-01-12,12.141732215881348
2004-01-13,12.121664047241211
2004-01-14,12.20528793334961
2004-01-15,12.268831253051758
2004-01-16,12.175186157226562
2004-01-20,12.242076873779297
2004-01-21,12.185213088989258
2004-01-22,12.20862865447998
2004-01-23,12.375871658325195
2004-01-26,12.686939239501953
2004-01-27,12.887629508972168
2004-01-28,12.736488342285156
2004-01-29,12.661771774291992
2004-01-30,13.144062042236328
2004-02-02,13.028580665588379
2004-02-03,12.580255508422852
2004-02-04,12.42741870880127
2004-02-05,12.3289213180542
2004-02-06,12.46817398071289
2004-02-09,12.573467254638672
2004-02-10,12.607431411743164
2004-02-11,12.570067405700684
2004-02-12,12.464777946472168
2004-02-13,12.407041549682617
2004-02-17,12.413826942443848
2004-02-18,12.356090545654297
2004-02-19,12.3289213180542
2004-02-20,12.373072624206543
2004-02-23,12.281373023986816
2004-02-24,12.441003799438477
2004-02-25,12.600634574890137
2004-02-26,12.716109275817871
2004-02-27,12.824793815612793
2004-03-01,13.011600494384766
2004-03-02,12.930082321166992
2004-03-03,13.178018569946289
2004-03-04,13.273122787475586
2004-03-05,13.327463150024414
2004-03-08,13.18481159210205
2004-03-09,13.1372652053833
2004-03-10,12.919898986816406
2004-03-11,12.834986686706543
2004-03-12,13.099905967712402
2004-03-15,12.80102252960205
2004-03-16,12.889328956604004
2004-03-17,13.11009407043457
2004-03-18,13.161038398742676
2004-03-19,13.18481159210205
2004-03-22,13.140655517578125
2004-03-23,13.31727409362793
2004-03-24,13.04895305633545
2004-03-25,13.313876152038574
2004-03-26,13.150851249694824
2004-03-29,13.26292896270752
2004-03-30,13.531245231628418
2004-03-31,13.789371490478516
2004-04-01,13.82334041595459
2004-04-02,13.568605422973633
2004-04-05,12.719507217407227
2004-04-06,11.673415184020996
2004-04-07,11.9451265335083
2004-04-08,11.73115348815918
2004-04-12,11.000933647155762
2004-04-13,10.919418334960938
2004-04-14,11.062065124511719
2004-04-15,11.422087669372559
2004-04-16,11.547748565673828
2004-04-19,11.544351577758789
2004-04-20,11.106215476989746
2004-04-21,11.259058952331543
2004-04-22,11.466236114501953
2004-04-23,11.242074966430664
2004-04-26,11.272643089294434
2004-04-27,11.350764274597168
2004-04-28,11.222797393798828
2004-04-29,10.980700492858887
2004-04-30,11.046415328979492
2004-05-03,10.939199447631836
2004-05-04,11.305798530578613
2004-05-05,11.070624351501465
2004-05-06,10.95649242401123
2004-05-07,10.320133209228516
2004-05-10,10.029619216918945
2004-05-11,10.195625305175781
2004-05-12,10.223295211791992
2004-05-13,10.12299633026123
2004-05-14,10.174878120422363
2004-05-17,10.333964347839355
2004-05-18,10.472306251525879
2004-05-19,10.150663375854492
2004-05-20,10.434259414672852
2004-05-21,10.372004508972168
2004-05-24,10.596807479858398
2004-05-25,10.773192405700684
2004-05-26,10.963406562805176
2004-05-27,11.008368492126465
2004-05-28,11.222797393798828
2004-06-01,10.90461254119873
2004-06-02,11.10174560546875
2004-06-03,10.959946632385254
2004-06-04,10.991077423095703
2004-06-07,11.150163650512695
2004-06-08,11.184749603271484
2004-06-09,11.036036491394043
2004-06-10,10.980700492858887
2004-06-14,10.67635726928711
2004-06-15,10.980700492858887
2004-06-16,11.129413604736328
2004-06-17,11.146709442138672
2004-06-18,11.091374397277832
2004-06-21,11.240090370178223
2004-06-22,11.036036491394043
2004-06-23,10.997990608215332
2004-06-24,10.963406562805176
2004-06-25,10.92882251739502
2004-06-28,11.08791446685791
2004-06-29,10.963406562805176
2004-06-30,11.240090370178223
2004-07-01,11.240090370178223
2004-07-02,11.527145385742188
2004-07-06,11.527145385742188
2004-07-07,11.62052059173584
2004-07-08,11.451056480407715
2004-07-09,11.41301155090332
2004-07-12,11.77614974975586
2004-07-13,11.641276359558105
2004-07-14,11.70352554321289
2004-07-15,11.800358772277832
2004-07-16,11.748488426208496
2004-07-19,11.841862678527832
2004-07-20,11.783071517944336
2004-07-21,11.58248233795166
2004-07-22,11.139790534973145
2004-07-23,11.236635208129883
2004-07-26,11.067164421081543
2004-07-27,11.188209533691406
2004-07-28,11.163543701171875
2004-07-29,11.13535213470459
2004-07-30,11.371453285217285
2004-08-02,11.452503204345703
2004-08-03,11.420783042907715
2004-08-04,11.452503204345703
2004-08-05,11.23049259185791
2004-08-06,11.223451614379883
2004-08-09,11.18468189239502
2004-08-10,11.20582389831543
2004-08-11,11.167065620422363
2004-08-12,11.022591590881348
2004-08-13,10.962681770324707
2004-08-16,11.131832122802734
2004-08-17,11.286876678466797
2004-08-18,11.37497329711914
2004-08-19,11.19173812866211
2004-08-20,11.311540603637695
2004-08-23,11.452503204345703
2004-08-24,11.52297306060791
2004-08-25,11.45602035522461
2004-08-26,11.515931129455566
2004-08-27,11.568784713745117
2004-08-30,11.759075164794922
2004-08-31,11.981073379516602
2004-09-01,11.935266494750977
2004-09-02,12.037459373474121
2004-09-03,12.076218605041504
2004-09-07,12.09383773803711
2004-09-08,12.157266616821289
2004-09-09,11.9951753616333
2004-09-10,12.153749465942383
2004-09-13,12.005739212036133
2004-09-14,11.829551696777344
2004-09-15,11.981073379516602
2004-09-16,12.048027038574219
2004-09-17,11.981073379516602
2004-09-20,11.833077430725098
2004-09-21,11.931737899780273
2004-09-22,11.935266494750977
2004-09-23,11.938786506652832
2004-09-24,11.942312240600586
2004-09-27,11.99869155883789
2004-09-28,12.122035026550293
2004-09-29,12.259462356567383
2004-09-30,12.403932571411133
2004-10-01,12.622413635253906
2004-10-04,12.51317310333252
2004-10-05,12.477940559387207
2004-10-06,12.488508224487305
2004-10-07,12.49555778503418
2004-10-08,12.6048002243042
2004-10-11,12.523747444152832
2004-10-12,12.69994068145752
2004-10-13,12.576603889465332
2004-10-14,12.75279426574707
2004-10-15,12.858514785766602
2004-10-18,12.890231132507324
2004-10-19,12.756327629089355
2004-10-20,12.65412712097168
2004-10-21,12.862032890319824
2004-10-22,12.576603889465332
2004-10-25,12.551939964294434
2004-10-26,12.756327629089355
2004-10-27,12.96070384979248
2004-10-28,13.010851860046387
2004-10-29,12.896225929260254
2004-11-01,12.863984107971191
2004-11-02,12.717110633850098
2004-11-03,12.817411422729492
2004-11-04,12.896225929260254
2004-11-05,12.43053150177002
2004-11-08,12.516496658325195
2004-11-09,12.645463943481445
2004-11-10,12.82457447052002
2004-11-11,12.878305435180664
2004-11-12,13.00727367401123
2004-11-15,12.982198715209961
2004-11-16,12.860403060913086
2004-11-17,12.537991523742676
2004-11-18,12.563069343566895
2004-11-19,12.35529899597168
2004-11-22,12.534414291381836
2004-11-23,12.68844985961914
2004-11-24,12.867565155029297
2004-11-26,12.70278263092041
2004-11-29,12.645463943481445
2004-11-30,12.68844985961914
2004-12-01,12.928466796875
2004-12-02,12.842486381530762
2004-12-03,13.075333595275879
2004-12-06,13.093245506286621
2004-12-07,12.871145248413086
2004-12-08,12.996525764465332
2004-12-09,13.211466789245605
2004-12-10,13.401324272155762
2004-12-13,13.236541748046875
2004-12-14,13.229375839233398
2004-12-15,13.322514533996582
2004-12-16,13.096830368041992
2004-12-17,13.136235237121582
2004-12-20,13.025188446044922
2004-12-21,13.075333595275879
2004-12-22,13.229375839233398
2004-12-23,13.193554878234863
2004-12-27,13.275938034057617
2004-12-28,13.27236557006836
2004-12-29,13.329680442810059
2004-12-30,13.361920356750488
2004-12-31,13.666418075561523
2005-01-03,13.308185577392578
2005-01-04,13.232956886291504
2005-01-05,12.656217575073242
2005-01-06,12.681295394897461
2005-01-07,12.699200630187988
2005-01-10,12.645463943481445
2005-01-11,12.4627685546875
2005-01-12,12.351716041564941
2005-01-13,12.369625091552734
2005-01-14,12.409037590026855
2005-01-18,12.487841606140137
2005-01-19,12.609642028808594
2005-01-20,12.537991523742676
2005-01-21,12.613225936889648
2005-01-24,12.495003700256348
2005-01-25,12.262158393859863
2005-01-26,12.24425220489502
2005-01-27,12.098395347595215
2005-01-28,12.153088569641113
2005-01-31,12.215081214904785
2005-02-01,11.992657661437988
2005-02-02,12.12756633758545
2005-02-03,12.12756633758545
2005-02-04,12.360931396484375
2005-02-07,12.218724250793457
2005-02-08,12.280709266662598
2005-02-09,12.718265533447266
2005-02-10,12.68179988861084
2005-02-11,12.561478614807129
2005-02-14,12.616171836853027
2005-02-15,12.69638729095459
2005-02-16,12.816717147827148
2005-02-17,12.929752349853516
2005-02-18,12.66357421875
2005-02-22,12.269774436950684
2005-02-23,12.415619850158691
2005-02-24,12.379162788391113
2005-02-25,12.590643882751465
2005-02-28,12.50677490234375
2005-03-01,12.576061248779297
2005-03-02,12.37551498413086
2005-03-03,12.43385124206543
2005-03-04,12.572412490844727
2005-03-07,12.616171836853027
2005-03-08,12.54325008392334
2005-03-09,12.091103553771973
2005-03-10,12.277060508728027
2005-03-11,12.123924255371094
2005-03-14,12.42291259765625
2005-03-15,12.328116416931152
2005-03-16,12.218724250793457
2005-03-17,12.269774436950684
2005-03-18,12.058290481567383
2005-03-21,11.948901176452637
2005-03-22,11.715539932250977
2005-03-23,11.642609596252441
2005-03-24,11.737414360046387
2005-03-28,11.668131828308105
2005-03-29,11.55873966217041
2005-03-30,11.788463592529297
2005-03-31,11.668131828308105
2005-04-01,11.719182968139648
2005-04-04,11.642609596252441
2005-04-05,11.711888313293457
2005-04-06,11.82127857208252
2005-04-07,11.875969886779785
2005-04-08,11.762938499450684
2005-04-11,11.78117561340332
2005-04-12,11.93796157836914
2005-04-13,11.886907577514648
2005-04-14,11.828566551208496
2005-04-15,11.843161582946777
2005-04-18,11.90514087677002
2005-04-19,11.999942779541016
2005-04-20,11.999942779541016
2005-04-21,12.050990104675293
2005-04-22,12.098395347595215
2005-04-25,12.298941612243652
2005-04-26,12.34998893737793
2005-04-27,12.405707359313965
2005-04-28,12.323991775512695
2005-04-29,12.442852973937988
2005-05-02,12.435420036315918
2005-05-03,12.424274444580078
2005-05-04,12.49856185913086
2005-05-05,12.617417335510254
2005-05-06,12.431703567504883
2005-05-09,12.591423034667969
2005-05-10,12.554274559020996
2005-05-11,12.479991912841797
2005-05-12,12.338847160339355
2005-05-13,12.238566398620605
2005-05-16,12.49856185913086
2005-05-17,12.739984512329102
2005-05-18,12.817992210388184
2005-05-19,12.825416564941406
2005-05-20,12.988848686218262
2005-05-23,13.025991439819336
2005-05-24,13.029705047607422
2005-05-25,12.869990348815918
2005-05-26,12.85512924194336
2005-05-27,12.999982833862305
2005-05-31,13.31198501586914
2005-06-01,13.482847213745117
2005-06-02,13.493993759155273
2005-06-03,13.453137397766113
2005-06-06,13.627700805664062
2005-06-07,13.69456672668457
2005-06-08,13.67970085144043
2005-06-09,13.635138511657715
2005-06-10,13.646273612976074
2005-06-13,13.716843605041504
2005-06-14,13.820849418640137
2005-06-15,13.835700035095215
2005-06-16,13.809706687927246
2005-06-17,13.928556442260742
2005-06-20,14.002845764160156
2005-06-21,13.843134880065918
2005-06-22,13.817131996154785
2005-06-23,13.80226993560791
2005-06-24,13.668558120727539
2005-06-27,13.768840789794922
2005-06-28,13.97313117980957
2005-06-29,14.077131271362305
2005-06-30,13.99913215637207
2005-07-01,14.14399242401123
2005-07-05,14.36684513092041
2005-07-06,14.169989585876465
2005-07-07,14.303707122802734
2005-07-08,14.426279067993164
2005-07-11,14.55256175994873
2005-07-12,14.511699676513672
2005-07-13,14.493130683898926
2005-07-14,14.136558532714844
2005-07-15,14.210843086242676
2005-07-18,14.210843086242676
2005-07-19,14.403986930847168
2005-07-20,14.370555877685547
2005-07-21,14.025129318237305
2005-07-22,14.199706077575684
2005-07-25,14.233136177062988
2005-07-26,14.36684513092041
2005-07-27,14.438567161560059
2005-07-28,14.559359550476074
2005-07-29,14.759420394897461
2005-08-01,14.665055274963379
2005-08-02,14.785843849182129
2005-08-03,14.73299503326416
2005-08-04,14.302668571472168
2005-08-05,13.928975105285645
2005-08-08,13.32500171661377
2005-08-09,13.430710792541504
2005-08-10,13.457127571105957
2005-08-11,13.521295547485352
2005-08-12,13.525070190429688
2005-08-15,13.664737701416016
2005-08-16,13.740232467651367
2005-08-17,13.70626163482666
2005-08-18,13.589237213134766
2005-08-19,13.517518997192383
2005-08-22,13.657185554504395
2005-08-23,13.604340553283691
2005-08-24,13.732678413391113
2005-08-25,13.770423889160156
2005-08-26,13.657185554504395
2005-08-29,13.64587116241455
2005-08-30,13.664737701416016
2005-08-31,14.012018203735352
2005-09-01,13.993142127990723
2005-09-02,13.974267959594727
2005-09-06,14.253597259521484
2005-09-07,14.196982383728027
2005-09-08,14.24982738494873
2005-09-09,14.117709159851074
2005-09-12,14.09128475189209
2005-09-13,14.072413444519043
2005-09-14,14.083742141723633
2005-09-15,14.076188087463379
2005-09-16,14.053546905517578
2005-09-19,13.989363670349121
2005-09-20,13.879900932312012
2005-09-21,13.683609008789062
2005-09-22,13.811951637268066
2005-09-23,13.755330085754395
2005-09-26,13.887445449829102
2005-09-27,13.853479385375977
2005-09-28,13.755330085754395
2005-09-29,13.928975105285645
2005-09-30,14.000691413879395
2005-10-03,14.079962730407715
2005-10-04,13.917648315429688
2005-10-05,13.872349739074707
2005-10-06,13.668510437011719
2005-10-07,13.589237213134766
2005-10-10,13.298579216003418
2005-10-11,13.13626766204834
2005-10-12,12.8795747756958
2005-10-13,12.958853721618652
2005-10-14,13.389178276062012
2005-10-17,13.385404586791992
2005-10-18,13.2230863571167
2005-10-19,13.400501251220703
2005-10-20,13.18533706665039
2005-10-21,13.411826133728027
2005-10-24,13.857253074645996
2005-10-25,13.600568771362305
2005-10-26,13.430710792541504
2005-10-27,13.227091789245605
2005-10-28,13.607419967651367
2005-10-31,13.5382661819458
2005-11-01,13.2655029296875
2005-11-02,13.430703163146973
2005-11-03,13.43838119506836
2005-11-04,13.330820083618164
2005-11-07,13.484484672546387
2005-11-08,13.449910163879395
2005-11-09,13.580525398254395
2005-11-10,13.8071928024292
2005-11-11,13.933969497680664
2005-11-14,13.657358169555664
2005-11-15,13.507535934448242
2005-11-16,13.446059226989746
2005-11-17,13.253979682922363
2005-11-18,13.227091789245605
2005-11-21,13.2655029296875
2005-11-22,13.330820083618164
2005-11-23,13.315446853637695
2005-11-25,13.350022315979004
2005-11-28,13.123361587524414
2005-11-29,13.223246574401855
2005-11-30,13.215566635131836
2005-12-01,13.292401313781738
2005-12-02,13.161778450012207
2005-12-05,13.180986404418945
2005-12-06,12.958166122436523
2005-12-07,12.854437828063965
2005-12-08,13.004264831542969
2005-12-09,12.919750213623047
2005-12-12,12.988898277282715
2005-12-13,13.042683601379395
2005-12-14,13.046528816223145
2005-12-15,13.031158447265625
2005-12-16,13.177143096923828
2005-12-19,13.031158447265625
2005-12-20,13.092629432678223
2005-12-21,13.165619850158691
2005-12-22,13.169462203979492
2005-12-23,13.142573356628418
2005-12-27,13.0618896484375
2005-12-28,13.119519233703613
2005-12-29,13.02347469329834
2005-12-30,13.02347469329834
2006-01-03,13.273186683654785
2006-01-04,13.415331840515137
2006-01-05,13.691934585571289
2006-01-06,13.749561309814453
2006-01-09,13.9454927444458
2006-01-10,14.030006408691406
2006-01-11,14.010801315307617
2006-01-12,14.056900024414062
2006-01-13,13.91860294342041
2006-01-17,13.90707778930664
2006-01-18,14.045377731323242
2006-01-19,14.2144136428833
2006-01-20,14.022319793701172
2006-01-23,14.12989330291748
2006-01-24,14.18368148803711
2006-01-25,14.256675720214844
2006-01-26,14.360391616821289
2006-01-27,14.442434310913086
2006-01-30,14.411184310913086
2006-01-31,14.528379440307617
2006-02-01,14.40337085723877
2006-02-02,14.262733459472656
2006-02-03,14.14163589477539
2006-02-06,14.211954116821289
2006-02-07,14.15335750579834
2006-02-08,13.887713432312012
2006-02-09,13.833015441894531
2006-02-10,13.907245635986328
2006-02-13,13.875986099243164
2006-02-14,13.907245635986328
2006-02-15,14.083028793334961
2006-02-16,14.211954116821289
2006-02-17,14.305709838867188
2006-02-21,14.407271385192871
2006-02-22,14.5986967086792
2006-02-23,14.4854097366333
2006-02-24,14.356500625610352
2006-02-27,14.348678588867188
2006-02-28,14.239300727844238
2006-03-01,14.149446487426758
2006-03-02,14.028338432312012
2006-03-03,13.899434089660645
2006-03-06,14.196331977844238
2006-03-07,14.090848922729492
2006-03-08,14.098660469055176
2006-03-09,14.239300727844238
2006-03-10,14.329143524169922
2006-03-13,14.25491714477539
2006-03-14,14.387743949890137
2006-03-15,14.68854808807373
2006-03-16,14.809649467468262
2006-03-17,14.962007522583008
2006-03-20,15.036231994628906
2006-03-21,14.645575523376465
2006-03-22,14.629953384399414
2006-03-23,14.747148513793945
2006-03-24,14.606513023376465
2006-03-27,14.5049467086792
2006-03-28,14.454158782958984
2006-03-29,14.75104808807373
2006-03-30,14.684626579284668
2006-03-31,14.883877754211426
2006-04-03,14.387743949890137
2006-04-04,14.368208885192871
2006-04-05,14.458063125610352
2006-04-06,14.063506126403809
2006-04-07,14.020527839660645
2006-04-10,13.801767349243164
2006-04-11,13.782231330871582
2006-04-12,13.641594886779785
2006-04-13,13.55565357208252
2006-04-17,13.614249229431152
2006-04-18,13.7314453125
2006-04-19,13.879895210266113
2006-04-20,13.817391395568848
2006-04-21,13.68847942352295
2006-04-24,13.69629192352295
2006-04-25,13.692381858825684
2006-04-26,13.616774559020996
2006-04-27,13.815736770629883
2006-04-28,13.847576141357422
2006-05-01,13.592900276184082
2006-05-02,13.664527893066406
2006-05-03,13.728195190429688
2006-05-04,13.899301528930664
2006-05-05,13.951032638549805
2006-05-08,14.062451362609863
2006-05-09,13.767989158630371
2006-05-10,13.728195190429688
2006-05-11,13.529237747192383
2006-05-12,13.370063781738281
2006-05-15,13.664527893066406
2006-05-16,13.60086441040039
2006-05-17,13.40986156463623
2006-05-18,13.37802505493164
2006-05-19,13.461591720581055
2006-05-22,13.338234901428223
2006-05-23,13.08356761932373
2006-05-24,13.202942848205566
2006-05-25,13.481486320495605
2006-05-26,13.60086441040039
2006-05-30,13.48546028137207
2006-05-31,13.48546028137207
2006-06-01,13.680440902709961
2006-06-02,13.966947555541992
2006-06-05,13.982858657836914
2006-06-06,13.80379867553711
2006-06-07,13.935111999511719
2006-06-08,13.867464065551758
2006-06-09,13.947046279907227
2006-06-12,13.783907890319824
2006-06-13,13.612800598144531
2006-06-14,13.537192344665527
2006-06-15,13.700346946716309
2006-06-16,13.744112014770508
2006-06-19,13.640650749206543
2006-06-20,13.664527893066406
2006-06-21,13.732170104980469
2006-06-22,13.704318046569824
2006-06-23,13.541172981262207
2006-06-26,13.767989158630371
2006-06-27,13.6724853515625
2006-06-28,13.69237995147705
2006-06-29,13.915212631225586
2006-06-30,13.907257080078125
2006-07-03,13.87144947052002
2006-07-05,13.839609146118164
2006-07-06,13.883382797241211
2006-07-07,13.843596458435059
2006-07-10,13.911234855651855
2006-07-11,13.970928192138672
2006-07-12,14.046534538269043
2006-07-13,13.923174858093262
2006-07-14,13.795839309692383
2006-07-17,13.819719314575195
2006-07-18,14.078360557556152
2006-07-19,14.325074195861816
2006-07-20,14.325074195861816
2006-07-21,14.245489120483398
2006-07-24,14.44842529296875
2006-07-25,14.563825607299805
2006-07-26,14.655343055725098
2006-07-27,14.5136137008667
2006-07-28,14.671548843383789
2006-07-31,14.655341148376465
2006-08-01,14.756583213806152
2006-08-02,14.740389823913574
2006-08-03,14.979314804077148
2006-08-04,15.161539077758789
2006-08-07,14.987406730651855
2006-08-08,14.857830047607422
2006-08-09,14.801121711730957
2006-08-10,14.861873626708984
2006-08-11,14.930716514587402
2006-08-14,15.056248664855957
2006-08-15,15.202040672302246
2006-08-16,15.226339340209961
2006-08-17,15.274935722351074
2006-08-18,15.351869583129883
2006-08-21,15.449057579040527
2006-08-22,15.63534164428711
2006-08-23,15.42880916595459
2006-08-24,15.465253829956055
2006-08-25,15.392363548278809
2006-08-28,15.611045837402344
2006-08-29,15.894508361816406
2006-08-30,16.096986770629883
2006-08-31,16.173931121826172
2006-09-01,16.10103988647461
2006-09-05,16.182022094726562
2006-09-06,16.00789451599121
2006-09-07,15.866161346435547
2006-09-08,16.11318588256836
2006-09-11,16.084840774536133
2006-09-12,16.218469619750977
2006-09-13,15.671783447265625
2006-09-14,15.696085929870605
2006-09-15,15.748727798461914
2006-09-18,15.81756591796875
2006-09-19,15.935006141662598
2006-09-20,15.870209693908691
2006-09-21,15.679885864257812
2006-09-22,15.764927864074707
2006-09-25,15.797323226928711
2006-09-26,15.890461921691895
2006-09-27,16.10103988647461
2006-09-28,16.15367889404297
2006-09-29,16.202274322509766
2006-10-02,16.202274322509766
2006-10-03,16.37235450744629
2006-10-04,16.42500114440918
2006-10-05,16.728713989257812
2006-10-06,16.603181838989258
2006-10-09,16.696319580078125
2006-10-10,16.63558578491211
2006-10-11,16.748966217041016
2006-10-12,16.9473876953125
2006-10-13,17.020286560058594
2006-10-16,17.10127830505371
2006-10-17,16.906898498535156
2006-10-18,17.008142471313477
2006-10-19,16.910947799682617
2006-10-20,16.939292907714844
2006-10-23,16.931196212768555
2006-10-24,16.821861267089844
2006-10-25,16.809701919555664
2006-10-26,17.020286560058594
2006-10-27,16.851696014404297
2006-10-30,17.016176223754883
2006-10-31,16.975053787231445
2006-11-01,16.748884201049805
2006-11-02,16.535051345825195
2006-11-03,16.058032989501953
2006-11-06,16.22663116455078
2006-11-07,16.18962860107422
2006-11-08,16.25953483581543
2006-11-09,16.234861373901367
2006-11-10,16.26776123046875
2006-11-13,16.30476951599121
2006-11-14,16.07448387145996
2006-11-15,16.11972427368164
2006-11-16,16.395235061645508
2006-11-17,16.284204483032227
2006-11-20,16.609073638916016
2006-11-21,16.69131088256836
2006-11-22,16.8640193939209
2006-11-24,17.024394989013672
2006-11-27,16.625516891479492
2006-11-28,16.82290267944336
2006-11-29,17.040834426879883
2006-11-30,17.242345809936523
2006-12-01,17.250560760498047
2006-12-04,17.476734161376953
2006-12-05,17.493186950683594
2006-12-06,17.31636619567871
2006-12-07,17.135421752929688
2006-12-08,17.164213180541992
2006-12-11,17.135421752929688
2006-12-12,17.053184509277344
2006-12-13,17.094303131103516
2006-12-14,17.12308692932129
2006-12-15,17.057289123535156
2006-12-18,16.966829299926758
2006-12-19,16.859909057617188
2006-12-20,17.32060432434082
2006-12-21,17.333040237426758
2006-12-22,17.183761596679688
2006-12-26,17.370365142822266
2006-12-27,17.561105728149414
2006-12-28,17.548667907714844
2006-12-29,17.838945388793945
2007-01-03,17.855531692504883
2007-01-04,18.0545654296875
2007-01-05,18.058713912963867
2007-01-08,18.137502670288086
2007-01-09,18.232864379882812
2007-01-10,18.494110107421875
2007-01-11,18.62680435180664
2007-01-12,18.572908401489258
2007-01-16,18.751201629638672
2007-01-17,18.85072135925293
2007-01-18,18.900480270385742
2007-01-19,19.02903175354004
2007-01-22,18.962684631347656
2007-01-23,18.95854949951172
2007-01-24,19.116106033325195
2007-01-25,19.277833938598633
2007-01-26,19.265390396118164
2007-01-29,19.36513900756836
2007-01-30,19.444429397583008
2007-01-31,19.5362548828125
2007-02-01,19.678150177001953
2007-02-02,19.740751266479492
2007-02-05,19.682323455810547
2007-02-06,19.7991886138916
2007-02-07,20.087160110473633
2007-02-08,19.90769386291504
2007-02-09,19.824222564697266
2007-02-12,19.37348747253418
2007-02-13,19.60303497314453
2007-02-14,19.490337371826172
2007-02-15,19.682323455810547
2007-02-16,19.607213973999023
2007-02-20,19.7991886138916
2007-02-21,19.7991886138916
2007-02-22,19.73240852355957
2007-02-23,19.386001586914062
2007-02-26,19.139768600463867
2007-02-27,18.609729766845703
2007-02-28,18.7015438079834
2007-03-01,18.7015438079834
2007-03-02,18.350971221923828
2007-03-05,17.8835391998291
2007-03-06,18.325923919677734
2007-03-07,18.058818817138672
2007-03-08,18.517911911010742
2007-03-09,18.7015438079834
2007-03-12,18.85597038269043
2007-03-13,18.413572311401367
2007-03-14,18.513744354248047
2007-03-15,18.66815757751465
2007-03-16,18.313417434692383
2007-03-19,18.488697052001953
2007-03-20,18.66398811340332
2007-03-21,18.830923080444336
2007-03-22,18.96864891052246
2007-03-23,18.97699737548828
2007-03-26,18.63059425354004
2007-03-27,18.467824935913086
2007-03-28,18.430265426635742
2007-03-29,18.292543411254883
2007-03-30,18.321752548217773
2007-04-02,18.488697052001953
2007-04-03,18.693204879760742
2007-04-04,18.626420974731445
2007-04-05,18.843442916870117
2007-04-09,18.91022491455078
2007-04-10,18.9853458404541
2007-04-11,18.810060501098633
2007-04-12,18.367656707763672
2007-04-13,18.38018798828125
2007-04-16,18.52208709716797
2007-04-17,18.672340393066406
2007-04-18,18.626420974731445
2007-04-19,18.488697052001953
2007-04-20,18.693204879760742
2007-04-23,18.793367385864258
2007-04-24,18.638944625854492
2007-04-25,18.689027786254883
2007-04-26,18.96864891052246
2007-04-27,18.96864891052246
2007-04-30,18.881011962890625
2007-05-01,18.66398811340332
2007-05-02,18.651283264160156
2007-05-03,18.757173538208008
2007-05-04,18.519954681396484
2007-05-07,18.600440979003906
2007-05-08,19.002878189086914
2007-05-09,19.189252853393555
2007-05-10,19.04523468017578
2007-05-11,18.994403839111328
2007-05-14,18.765647888183594
2007-05-15,18.634340286254883
2007-05-16,18.431005477905273
2007-05-17,18.08365249633789
2007-05-18,17.931148529052734
2007-05-21,18.075176239013672
2007-05-22,18.388641357421875
2007-05-23,18.28273582458496
2007-05-24,18.15142822265625
2007-05-25,18.227670669555664
2007-05-29,18.553848266601562
2007-05-30,18.714824676513672
2007-05-31,18.541139602661133
2007-06-01,18.570789337158203
2007-06-04,18.608919143676758
2007-06-05,18.358989715576172
2007-06-06,18.2996826171875
2007-06-07,17.76170539855957
2007-06-08,17.893030166625977
2007-06-11,17.67698860168457
2007-06-12,17.29998016357422
2007-06-13,17.566843032836914
2007-06-14,17.397409439086914
2007-06-15,17.503311157226562
2007-06-18,17.278806686401367
2007-06-19,17.384706497192383
2007-06-20,16.897554397583008
2007-06-21,16.9229679107666
2007-06-22,16.740829467773438
2007-06-25,16.5120792388916
2007-06-26,16.609508514404297
2007-06-27,17.05852699279785
2007-06-28,17.01616096496582
2007-06-29,17.096647262573242
2007-07-02,17.604976654052734
2007-07-03,17.61344337463379
2007-07-05,17.719356536865234
2007-07-06,17.846426010131836
2007-07-09,17.57109260559082
2007-07-10,17.16866111755371
2007-07-11,17.266088485717773
2007-07-12,17.376232147216797
2007-07-13,17.444007873535156
2007-07-16,17.113597869873047
2007-07-17,16.5671443939209
2007-07-18,16.732357025146484
2007-07-19,16.66033172607422
2007-07-20,16.57137680053711
2007-07-23,16.418886184692383
2007-07-24,15.876665115356445
2007-07-25,15.902087211608887
2007-07-26,15.791947364807129
2007-07-27,15.19466495513916
2007-07-30,15.470010757446289
2007-07-31,15.550494194030762
2007-08-01,15.688530921936035
2007-08-02,16.033615112304688
2007-08-03,15.753238677978516
2007-08-06,16.102628707885742
2007-08-07,16.06812858581543
2007-08-08,16.305381774902344
2007-08-09,16.167341232299805
2007-08-10,15.921463966369629
2007-08-13,16.098318099975586
2007-08-14,15.835196495056152
2007-08-15,15.66264533996582
2007-08-16,15.675593376159668
2007-08-17,16.106952667236328
2007-08-20,16.370080947875977
2007-08-21,16.49949073791504
2007-08-22,16.559873580932617
2007-08-23,16.723798751831055
2007-08-24,16.797122955322266
2007-08-27,16.7065372467041
2007-08-28,16.434782028198242
2007-08-29,16.92652702331543
2007-08-30,17.206918716430664
2007-08-31,17.211233139038086
2007-09-04,17.284557342529297
2007-09-05,17.15084457397461
2007-09-06,17.31907081604004
2007-09-07,17.124956130981445
2007-09-10,17.060253143310547
2007-09-11,17.54337501525879
2007-09-12,17.71591567993164
2007-09-13,18.013553619384766
2007-09-14,18.207672119140625
2007-09-17,18.2939395904541
2007-09-18,18.33707618713379
2007-09-19,18.40609359741211
2007-09-20,18.112770080566406
2007-09-21,18.63471031188965
2007-09-24,18.88921356201172
2007-09-25,18.89784812927246
2007-09-26,18.824512481689453
2007-09-27,18.97979736328125
2007-09-28,19.083332061767578
2007-10-01,19.255876541137695
2007-10-02,19.372337341308594
2007-10-03,19.5233154296875
2007-10-04,19.64409828186035
2007-10-05,20.045257568359375
2007-10-08,19.6009578704834
2007-10-09,19.803695678710938
2007-10-10,19.695858001708984
2007-10-11,19.63115119934082
2007-10-12,19.60957908630371
2007-10-15,19.268808364868164
2007-10-16,19.022937774658203
2007-10-17,18.86333465576172
2007-10-18,18.871963500976562
2007-10-19,18.440608978271484
2007-10-22,18.884902954101562
2007-10-23,19.156658172607422
2007-10-24,19.173913955688477
2007-10-25,19.083332061767578
2007-10-26,19.160966873168945
2007-10-29,18.92372703552246
2007-10-30,19.41978645324707
2007-10-31,19.389144897460938
2007-11-01,18.929475784301758
2007-11-02,18.579254150390625
2007-11-05,18.207143783569336
2007-11-06,18.220279693603516
2007-11-07,18.185260772705078
2007-11-08,19.126482009887695
2007-11-09,19.017032623291016
2007-11-12,19.043302536010742
2007-11-13,19.472314834594727
2007-11-14,19.332237243652344
2007-11-15,19.23154067993164
2007-11-16,19.065196990966797
2007-11-19,18.583627700805664
2007-11-20,18.421659469604492
2007-11-21,18.644927978515625
2007-11-23,18.97763442993164
2007-11-26,18.158987045288086
2007-11-27,18.806894302368164
2007-11-28,19.44605255126953
2007-11-29,19.332237243652344
2007-11-30,19.616788864135742
2007-12-03,19.419790267944336
2007-12-04,18.67119026184082
2007-12-05,19.003894805908203
2007-12-06,19.3847599029541
2007-12-07,19.380393981933594
2007-12-10,19.796274185180664
2007-12-11,19.117727279663086
2007-12-12,18.855058670043945
2007-12-13,18.907588958740234
2007-12-14,18.557361602783203
2007-12-17,18.504833221435547
2007-12-18,18.592384338378906
2007-12-19,18.74123191833496
2007-12-20,19.183387756347656
2007-12-21,19.393518447875977
2007-12-24,19.931991577148438
2007-12-26,19.734989166259766
2007-12-27,19.616788864135742
2007-12-28,19.402280807495117
2007-12-31,19.56425666809082
2008-01-02,19.730613708496094
2008-01-03,19.362878799438477
2008-01-04,18.872570037841797
2008-01-07,18.855058670043945
2008-01-08,18.45230484008789
2008-01-09,18.88131332397461
2008-01-10,19.253429412841797
2008-01-11,19.332237243652344
2008-01-14,19.192150115966797
2008-01-15,18.776254653930664
2008-01-16,18.588014602661133
2008-01-17,18.237781524658203
2008-01-18,17.874431610107422
2008-01-22,18.272817611694336
2008-01-23,19.24468231201172
2008-01-24,18.986392974853516
2008-01-25,19.038921356201172
2008-01-28,19.441679000854492
2008-01-29,19.192819595336914
2008-01-30,18.868425369262695
2008-01-31,19.02840232849121
2008-02-01,19.4283447265625
2008-02-04,19.326133728027344
2008-02-05,18.606237411499023
2008-02-06,17.98410987854004
2008-02-07,18.477375030517578
2008-02-08,18.055212020874023
2008-02-11,17.650815963745117
2008-02-12,18.02854347229004
2008-02-13,18.19296646118164
2008-02-14,17.744142532348633
2008-02-15,18.01966094970703
2008-02-19,17.890785217285156
2008-02-20,18.215190887451172
2008-02-21,17.917457580566406
2008-02-22,18.40182113647461
2008-02-25,18.886199951171875
2008-02-26,18.99729347229004
2008-02-27,18.819543838500977
2008-02-28,18.410703659057617
2008-02-29,18.29073143005371
2008-03-03,18.450708389282227
2008-03-04,18.4151611328125
2008-03-05,18.264062881469727
2008-03-06,17.784135818481445
2008-03-07,18.17074966430664
2008-03-10,18.02409553527832
2008-03-11,18.895090103149414
2008-03-12,18.83732032775879
2008-03-13,19.263919830322266
2008-03-14,19.14838218688965
2008-03-17,19.139497756958008
2008-03-18,19.68608283996582
2008-03-19,19.6594295501709
2008-03-20,20.232666015625
2008-03-24,20.472640991210938
2008-03-25,20.619293212890625
2008-03-26,20.228227615356445
2008-03-27,20.028261184692383
2008-03-28,19.948266983032227
2008-03-31,20.054927825927734
2008-04-01,20.743711471557617
2008-04-02,20.872589111328125
2008-04-03,21.250314712524414
2008-04-04,20.730382919311523
2008-04-07,20.765932083129883
2008-04-08,20.71704864501953
2008-04-09,20.459312438964844
2008-04-10,20.943683624267578
2008-04-11,20.863697052001953
2008-04-14,20.797033309936523
2008-04-15,21.037010192871094
2008-04-16,21.819116592407227
2008-04-17,21.907991409301758
2008-04-18,21.712467193603516
2008-04-21,21.62803077697754
2008-04-22,21.476940155029297
2008-04-23,21.836894989013672
2008-04-24,22.15239906311035
2008-04-25,22.303491592407227
2008-04-28,22.35237693786621
2008-04-29,21.9924373626709
2008-04-30,21.830215454101562
2008-05-01,22.163644790649414
2008-05-02,21.627456665039062
2008-05-05,21.649988174438477
2008-05-06,21.780654907226562
2008-05-07,21.285024642944336
2008-05-08,21.487773895263672
2008-05-09,21.821205139160156
2008-05-12,22.51058006286621
2008-05-13,22.46552848815918
2008-05-14,22.30331802368164
2008-05-15,22.51058006286621
2008-05-16,22.028467178344727
2008-05-19,21.9879093170166
2008-05-20,21.8392276763916
2008-05-21,21.361616134643555
2008-05-22,21.262495040893555
2008-05-23,21.199419021606445
2008-05-27,21.5328369140625
2008-05-28,21.60494041442871
2008-05-29,21.753618240356445
2008-05-30,21.762649536132812
2008-06-02,21.645484924316406
2008-06-03,21.78516387939453
2008-06-04,21.920339584350586
2008-06-05,22.114086151123047
2008-06-06,21.550861358642578
2008-06-09,21.158859252929688
2008-06-10,21.21744155883789
2008-06-11,20.888526916503906
2008-06-12,20.92006492614746
2008-06-13,21.26700210571289
2008-06-16,21.54636001586914
2008-06-17,21.028196334838867
2008-06-18,20.72180938720703
2008-06-19,21.185903549194336
2008-06-20,20.753353118896484
2008-06-23,20.221677780151367
2008-06-24,20.464982986450195
2008-06-25,20.649717330932617
2008-06-26,20.185626983642578
2008-06-27,20.07298469543457
2008-06-30,20.050447463989258
2008-07-01,19.90177345275879
2008-07-02,19.757585525512695
2008-07-03,19.793636322021484
2008-07-07,19.45569610595703
2008-07-08,20.766870498657227
2008-07-09,19.487245559692383
2008-07-10,20.253219604492188
2008-07-11,20.455968856811523
2008-07-14,19.879243850708008
2008-07-15,19.90177345275879
2008-07-16,20.992151260375977
2008-07-17,21.25798988342285
2008-07-18,21.303043365478516
2008-07-21,21.72658920288086
2008-07-22,22.25826072692871
2008-07-23,22.19969367980957
2008-07-24,21.415693283081055
2008-07-25,21.920339584350586
2008-07-28,21.78516387939453
2008-07-29,22.325849533081055
2008-07-30,22.45376968383789
2008-07-31,22.782682418823242
2008-08-01,23.125314712524414
2008-08-04,22.97913932800293
2008-08-05,23.728349685668945
2008-08-06,23.166431427001953
2008-08-07,22.892335891723633
2008-08-08,24.121238708496094
2008-08-11,24.582653045654297
2008-08-12,23.943069458007812
2008-08-13,24.112098693847656
2008-08-14,24.32680892944336
2008-08-15,23.970468521118164
2008-08-18,23.641544342041016
2008-08-19,23.24867057800293
2008-08-20,23.358312606811523
2008-08-21,23.093339920043945
2008-08-22,23.746623992919922
2008-08-25,22.97455596923828
2008-08-26,23.079627990722656
2008-08-27,23.15729522705078
2008-08-28,23.92479705810547
2008-08-29,23.696365356445312
2008-09-02,23.65983009338379
2008-09-03,22.887758255004883
2008-09-04,21.928388595581055
2008-09-05,21.99691390991211
2008-09-08,22.46747398376465
2008-09-09,21.608606338500977
2008-09-10,21.937528610229492
2008-09-11,22.20249366760254
2008-09-12,22.485740661621094
2008-09-15,21.49439811706543
2008-09-16,22.32127571105957
2008-09-17,21.485260009765625
2008-09-18,22.983701705932617
2008-09-19,23.892818450927734
2008-09-22,22.563404083251953
2008-09-23,22.636497497558594
2008-09-24,22.66848373413086
2008-09-25,23.15729522705078
2008-09-26,23.988746643066406
2008-09-29,23.07050132751465
2008-09-30,24.31768035888672
2008-10-01,24.30854034423828
2008-10-02,23.883682250976562
2008-10-03,23.285213470458984
2008-10-06,22.622793197631836
2008-10-07,21.964941024780273
2008-10-08,21.795909881591797
2008-10-09,19.644187927246094
2008-10-10,21.905553817749023
2008-10-13,21.65885353088379
2008-10-14,20.80455780029297
2008-10-15,18.66197967529297
2008-10-16,19.840620040893555
2008-10-17,20.055347442626953
2008-10-20,20.503047943115234
2008-10-21,20.37512969970703
2008-10-22,19.57566261291504
2008-10-23,19.520843505859375
2008-10-24,18.634571075439453
2008-10-27,17.74372100830078
2008-10-28,19.625911712646484
2008-10-29,19.082273483276367
2008-10-30,19.43404197692871
2008-10-31,20.334022521972656
2008-11-03,19.584794998168945
2008-11-04,19.70358657836914
2008-11-05,18.579750061035156
2008-11-06,17.933931350708008
2008-11-07,18.73771858215332
2008-11-10,17.223085403442383
2008-11-11,16.572628021240234
2008-11-12,16.470420837402344
2008-11-13,17.42751121520996
2008-11-14,16.456470489501953
2008-11-17,16.67949104309082
2008-11-18,16.716663360595703
2008-11-19,15.43897819519043
2008-11-20,14.551582336425781
2008-11-21,16.029035568237305
2008-11-24,17.85031509399414
2008-11-25,17.99898338317871
2008-11-26,18.287038803100586
2008-11-28,17.65517807006836
2008-12-01,15.661996841430664
2008-12-02,16.205596923828125
2008-12-03,16.326387405395508
2008-12-04,15.671286582946777
2008-12-05,17.237024307250977
2008-12-08,18.44036102294922
2008-12-09,16.92108917236328
2008-12-10,18.198762893676758
2008-12-11,15.564430236816406
2008-12-12,17.018657684326172
2008-12-15,16.860689163208008
2008-12-16,18.305631637573242
2008-12-17,18.235939025878906
2008-12-18,17.394990921020508
2008-12-19,18.319562911987305
2008-12-22,17.701629638671875
2008-12-23,18.194114685058594
2008-12-24,18.417129516601562
2008-12-26,18.891033172607422
2008-12-29,18.026859283447266
2008-12-30,18.87709617614746
2008-12-31,19.606534957885742
2009-01-02,18.477535247802734
2009-01-05,17.95252799987793
2009-01-06,18.621562957763672
2009-01-07,18.152301788330078
2009-01-08,17.613357543945312
2009-01-09,17.237024307250977
2009-01-12,16.78170394897461
2009-01-13,17.34852409362793
2009-01-14,16.628389358520508
2009-01-15,17.353168487548828
2009-01-16,18.277748107910156
2009-01-20,16.60051155090332
2009-01-21,17.659820556640625
2009-01-22,17.22773551940918
2009-01-23,17.915363311767578
2009-01-26,17.906064987182617
2009-01-27,18.050085067749023
2009-01-28,19.35099983215332
2009-01-29,17.190561294555664
2009-01-30,17.5669002532959
2009-02-02,17.933931350708008
2009-02-03,17.66446876525879
2009-02-04,17.16269302368164
2009-02-05,16.869224548339844
2009-02-06,17.792207717895508
2009-02-09,17.759071350097656
2009-02-10,16.400636672973633
2009-02-11,16.613632202148438
2009-02-12,16.0835018157959
2009-02-13,15.259930610656738
2009-02-17,14.824475288391113
2009-02-18,14.966469764709473
2009-02-19,14.161819458007812
2009-02-20,15.43032169342041
2009-02-23,14.72507381439209
2009-02-24,15.832649230957031
2009-02-25,15.510785102844238
2009-02-26,14.93807601928711
2009-02-27,14.564144134521484
2009-03-02,13.645895957946777
2009-03-03,13.920429229736328
2009-03-04,13.991427421569824
2009-03-05,13.0921049118042
2009-03-06,12.907514572143555
2009-03-09,13.191506385803223
2009-03-10,14.549946784973145
2009-03-11,14.549946784973145
2009-03-12,15.373528480529785
2009-03-13,15.084798812866211
2009-03-16,14.138154983520508
2009-03-17,15.198397636413574
2009-03-18,15.832649230957031
2009-03-19,14.810273170471191
2009-03-20,14.303814888000488
2009-03-23,16.481101989746094
2009-03-24,15.330925941467285
2009-03-25,15.226798057556152
2009-03-26,14.663538932800293
2009-03-27,14.209150314331055
2009-03-30,13.32403564453125
2009-03-31,14.47894287109375
2009-04-01,14.346417427062988
2009-04-02,15.264665603637695
2009-04-03,15.941508293151855
2009-04-06,16.021974563598633
2009-04-07,14.833937644958496
2009-04-08,15.25520133972168
2009-04-09,16.713031768798828
2009-04-13,16.713031768798828
2009-04-14,15.274126052856445
2009-04-15,16.339099884033203
2009-04-16,16.376964569091797
2009-04-17,15.946246147155762
2009-04-20,14.654073715209961
2009-04-21,15.790048599243164
2009-04-22,15.061134338378906
2009-04-23,15.960448265075684
2009-04-24,16.39116859436035
2009-04-27,15.913118362426758
2009-04-28,16.452707290649414
2009-04-29,16.793498992919922
2009-04-30,16.1261043548584
2009-05-01,15.648051261901855
2009-05-04,16.533170700073242
2009-05-05,15.714319229125977
2009-05-06,16.163982391357422
2009-05-07,15.473372459411621
2009-05-08,16.65657615661621
2009-05-11,16.17363166809082
2009-05-12,16.294370651245117
2009-05-13,15.70035171508789
2009-05-14,16.072216033935547
2009-05-15,15.492691993713379
2009-05-18,16.37164306640625
2009-05-19,15.888697624206543
2009-05-20,15.734153747558594
2009-05-21,15.816258430480957
2009-05-22,15.714842796325684
2009-05-26,16.386123657226562
2009-05-27,15.796936988830566
2009-05-28,16.062559127807617
2009-05-29,16.540660858154297
2009-06-01,16.86906623840332
2009-06-02,16.588960647583008
2009-06-03,16.767656326293945
2009-06-04,17.327861785888672
2009-06-05,17.240934371948242
2009-06-08,17.361665725708008
2009-06-09,17.4147891998291
2009-06-10,17.028440475463867
2009-06-11,16.74350357055664
2009-06-12,17.3375186920166
2009-06-15,16.617938995361328
2009-06-16,16.53583335876465
2009-06-17,16.521347045898438
2009-06-18,16.50686264038086
2009-06-19,16.555152893066406
2009-06-22,16.033586502075195
2009-06-23,16.062559127807617
2009-06-24,16.202606201171875
2009-06-25,16.352325439453125
2009-06-26,16.265390396118164
2009-06-29,16.41027069091797
2009-06-30,16.468219757080078
2009-07-01,16.598617553710938
2009-07-02,15.97080135345459
2009-07-06,16.617938995361328
2009-07-07,16.473054885864258
2009-07-08,16.622766494750977
2009-07-09,16.439252853393555
2009-07-10,16.54549217224121
2009-07-13,17.076732635498047
2009-07-14,17.144336700439453
2009-07-15,17.64177703857422
2009-07-16,17.748010635375977
2009-07-17,17.55967903137207
2009-07-20,18.047439575195312
2009-07-21,18.163345336914062
2009-07-22,18.03777503967285
2009-07-23,18.752527236938477
2009-07-24,18.738040924072266
2009-07-27,19.027809143066406
2009-07-28,18.93604850769043
2009-07-29,18.887752532958984
2009-07-30,19.375518798828125
2009-07-31,19.3465518951416
2009-08-03,19.69425392150879
2009-08-04,20.515260696411133
2009-08-05,21.18654441833496
2009-08-06,20.298662185668945
2009-08-07,21.142396926879883
2009-08-10,20.60770606994629
2009-08-11,20.122074127197266
2009-08-12,20.141685485839844
2009-08-13,19.901315689086914
2009-08-14,19.994518280029297
2009-08-17,19.503978729248047
2009-08-18,19.803213119506836
2009-08-19,19.862070083618164
2009-08-20,20.597890853881836
2009-08-21,21.09824562072754
2009-08-24,20.833358764648438
2009-08-25,20.79901123046875
2009-08-26,20.725435256958008
2009-08-27,21.005041122436523
2009-08-28,21.132583618164062
2009-08-31,20.951080322265625
2009-09-01,19.66095733642578
2009-09-02,19.621707916259766
2009-09-03,19.621707916259766
2009-09-04,19.690397262573242
2009-09-08,19.994518280029297
2009-09-09,20.30356788635254
2009-09-10,20.180923461914062
2009-09-11,20.249605178833008
2009-09-14,20.58807945251465
2009-09-15,20.892215728759766
2009-09-16,21.314085006713867
2009-09-17,21.235597610473633
2009-09-18,21.30917739868164
2009-09-21,21.08843231201172
2009-09-22,21.574071884155273
2009-09-23,20.946184158325195
2009-09-24,20.60770606994629
2009-09-25,20.53902244567871
2009-09-28,21.108055114746094
2009-09-29,20.828453063964844
2009-09-30,20.4163875579834
2009-10-01,20.112260818481445
2009-10-02,20.298662185668945
2009-10-05,20.7843017578125
2009-10-06,20.75486946105957
2009-10-07,20.862789154052734
2009-10-08,21.07371711730957
2009-10-09,21.43181037902832
2009-10-12,21.549541473388672
2009-10-13,21.4219970703125
2009-10-14,21.98122787475586
2009-10-15,21.986125946044922
2009-10-16,21.706520080566406
2009-10-19,22.309877395629883
2009-10-20,21.87330436706543
2009-10-21,21.544641494750977
2009-10-22,22.108766555786133
2009-10-23,21.824262619018555
2009-10-26,22.089136123657227
2009-10-27,22.172534942626953
2009-10-28,21.603492736816406
2009-10-29,22.300081253051758
2009-10-30,21.765384674072266
2009-11-02,22.089136123657227
2009-11-03,22.05480194091797
2009-11-04,21.451435089111328
2009-11-05,21.37669563293457
2009-11-06,20.99799156188965
2009-11-09,21.785287857055664
2009-11-10,21.436491012573242
2009-11-11,21.650758743286133
2009-11-12,21.351776123046875
2009-11-13,21.50625228881836
2009-11-16,21.675657272338867
2009-11-17,21.5411319732666
2009-11-18,22.059349060058594
2009-11-19,21.80521583557129
2009-11-20,21.845083236694336
2009-11-23,22.02945327758789
2009-11-24,21.949724197387695
2009-11-25,21.949724197387695
2009-11-27,21.326862335205078
2009-11-30,22.198871612548828
2009-12-01,22.393198013305664
2009-12-02,22.697166442871094
2009-12-03,22.51279640197754
2009-12-04,22.966245651245117
2009-12-07,22.717092514038086
2009-12-08,22.627395629882812
2009-12-09,22.667259216308594
2009-12-10,22.612449645996094
2009-12-11,22.65232276916504
2009-12-14,22.966245651245117
2009-12-15,22.74200439453125
2009-12-16,22.617427825927734
2009-12-17,22.41812515258789
2009-12-18,22.497852325439453
2009-12-21,22.66228675842285
2009-12-22,22.771900177001953
2009-12-23,22.70712661743164
2009-12-24,23.016077041625977
2009-12-28,23.001123428344727
2009-12-29,22.83669090270996
2009-12-30,22.886510848999023
2009-12-31,22.084264755249023
2010-01-04,21.944738388061523
2010-01-05,22.25368881225586
2010-01-06,22.144058227539062
2010-01-07,22.188905715942383
2010-01-08,21.95969009399414
2010-01-11,22.009525299072266
2010-01-12,21.810203552246094
2010-01-13,22.27859115600586
2010-01-14,22.114160537719727
2010-01-15,22.074296951293945
2010-01-19,22.637374877929688
2010-01-20,22.547672271728516
2010-01-21,22.014497756958008
2010-01-22,21.53116226196289
2010-01-25,21.585973739624023
2010-01-26,21.47136878967285
2010-01-27,21.63580322265625
2010-01-28,21.571022033691406
2010-01-29,21.426525115966797
2010-02-01,21.45642852783203
2010-02-02,21.605905532836914
2010-02-03,21.296964645385742
2010-02-04,20.466554641723633
2010-02-05,20.770360946655273
2010-02-08,20.38553810119629
2010-02-09,20.415916442871094
2010-02-10,20.49694061279297
2010-02-11,20.75517463684082
2010-02-12,20.638713836669922
2010-02-16,21.1197452545166
2010-02-17,21.276714324951172
2010-02-18,21.443809509277344
2010-02-19,21.19569969177246
2010-02-22,21.266582489013672
2010-02-23,21.033658981323242
2010-02-24,21.398229598999023
2010-02-25,21.585590362548828
2010-02-26,21.448871612548828
2010-03-01,21.62102508544922
2010-03-02,21.534954071044922
2010-03-03,21.438739776611328
2010-03-04,21.585590362548828
2010-03-05,21.85395050048828
2010-03-08,21.97547721862793
2010-03-09,22.091941833496094
2010-03-10,22.299528121948242
2010-03-11,22.522327423095703
2010-03-12,22.674226760864258
2010-03-15,22.76537322998047
2010-03-16,23.281856536865234
2010-03-17,23.398313522338867
2010-03-18,23.246402740478516
2010-03-19,23.165395736694336
2010-03-22,23.42362403869629
2010-03-23,23.418561935424805
2010-03-24,23.44894027709961
2010-03-25,23.428686141967773
2010-03-26,23.231212615966797
2010-03-29,23.205900192260742
2010-03-30,23.145126342773438
2010-03-31,22.902084350585938
2010-04-01,22.831207275390625
2010-04-05,22.98310089111328
2010-04-06,23.246402740478516
2010-04-07,22.851451873779297
2010-04-08,22.831207275390625
2010-04-09,23.10462760925293
2010-04-12,22.937532424926758
2010-04-13,23.367931365966797
2010-04-14,23.2514705657959
2010-04-15,22.410926818847656
2010-04-16,21.914701461791992
2010-04-19,21.899518966674805
2010-04-20,22.203327178955078
2010-04-21,22.481826782226562
2010-04-22,22.664104461669922
2010-04-23,22.902084350585938
2010-04-26,23.018550872802734
2010-04-27,22.50714111328125
2010-04-28,22.593219757080078
2010-04-29,23.18056869506836
2010-04-30,22.750185012817383
2010-05-03,23.261585235595703
2010-05-04,22.47675323486328
2010-05-05,22.041296005249023
2010-05-06,20.95594596862793
2010-05-07,20.85820960998535
2010-05-10,22.061861038208008
2010-05-11,22.072162628173828
2010-05-12,22.139028549194336
2010-05-13,21.9229793548584
2010-05-14,21.60920524597168
2010-05-17,21.645217895507812
2010-05-18,21.30572509765625
2010-05-19,21.130836486816406
2010-05-20,20.575305938720703
2010-05-21,21.352018356323242
2010-05-24,21.352018356323242
2010-05-25,21.9229793548584
2010-05-26,21.532062530517578
2010-05-27,22.427078247070312
2010-05-28,22.15960693359375
2010-06-01,21.78924560546875
2010-06-02,22.00014877319336
2010-06-03,21.89727210998535
2010-06-04,21.197708129882812
2010-06-07,21.16684913635254
2010-06-08,21.68122673034668
2010-06-09,21.8046875
2010-06-10,22.540245056152344
2010-06-11,22.632841110229492
2010-06-14,22.74599838256836
2010-06-15,23.05463409423828
2010-06-16,22.725419998168945
2010-06-17,22.838592529296875
2010-06-18,22.288196563720703
2010-06-21,22.144176483154297
2010-06-22,21.650371551513672
2010-06-23,21.814964294433594
2010-06-24,21.501192092895508
2010-06-25,21.989850997924805
2010-06-28,22.00014877319336
2010-06-29,21.79439353942871
2010-06-30,21.665794372558594
2010-07-01,21.593782424926758
2010-07-02,21.480613708496094
2010-07-06,21.23371696472168
2010-07-07,21.91783905029297
2010-07-08,22.041296005249023
2010-07-09,22.211044311523438
2010-07-12,22.267629623413086
2010-07-13,22.69456672668457
2010-07-14,22.581398010253906
2010-07-15,22.493946075439453
2010-07-16,22.108163833618164
2010-07-19,22.529964447021484
2010-07-20,22.87973976135254
2010-07-21,22.555683135986328
2010-07-22,23.049480438232422
2010-07-23,23.188373565673828
2010-07-26,23.471288681030273
2010-07-27,23.404409408569336
2010-07-28,23.399274826049805
2010-07-29,23.214086532592773
2010-07-30,23.306676864624023
2010-08-02,23.94965934753418
2010-08-03,23.677032470703125
2010-08-04,23.666746139526367
2010-08-05,23.760738372802734
2010-08-06,23.75552749633789
2010-08-09,23.812959671020508
2010-08-10,23.802515029907227
2010-08-11,23.348190307617188
2010-08-12,23.32209014892578
2010-08-13,23.353416442871094
2010-08-16,23.233312606811523
2010-08-17,23.70329475402832
2010-08-18,23.682415008544922
2010-08-19,23.42652702331543
2010-08-20,23.541419982910156
2010-08-23,23.32731056213379
2010-08-24,23.405641555786133
2010-08-25,23.619747161865234
2010-08-26,23.431747436523438
2010-08-27,23.859970092773438
2010-08-30,23.729413986206055
2010-08-31,23.98529624938965
2010-09-01,24.45529556274414
2010-09-02,24.705947875976562
2010-09-03,24.935731887817383
2010-09-07,24.601511001586914
2010-09-08,24.638063430786133
2010-09-09,24.34562873840332
2010-09-10,24.38740348815918
2010-09-13,24.726835250854492
2010-09-14,24.77384376525879
2010-09-15,24.935731887817383
2010-09-16,24.88351058959961
2010-09-17,25.019289016723633
2010-09-20,25.290836334228516
2010-09-21,24.5440673828125
2010-09-22,24.517946243286133
2010-09-23,24.188955307006836
2010-09-24,24.73728370666504
2010-09-27,24.465734481811523
2010-09-28,24.705947875976562
2010-09-29,24.53884506225586
2010-09-30,24.721620559692383
2010-10-01,24.742509841918945
2010-10-04,24.930509567260742
2010-10-05,25.4683895111084
2010-10-06,25.437053680419922
2010-10-07,25.504941940307617
2010-10-08,25.437053680419922
2010-10-11,25.504941940307617
2010-10-12,25.65114974975586
2010-10-13,25.760822296142578
2010-10-14,25.828716278076172
2010-10-15,25.828716278076172
2010-10-18,26.251699447631836
2010-10-19,26.168148040771484
2010-10-20,26.52848243713379
2010-10-21,26.570262908935547
2010-10-22,26.580699920654297
2010-10-25,26.747806549072266
2010-10-26,26.72170066833496
2010-10-27,26.51802635192871
2010-10-28,26.554584503173828
2010-10-29,26.685131072998047
2010-11-01,27.003690719604492
2010-11-02,26.758262634277344
2010-11-03,26.309146881103516
2010-11-04,27.0239200592041
2010-11-05,26.621532440185547
2010-11-08,26.722129821777344
2010-11-09,25.446125030517578
2010-11-10,25.663192749023438
2010-11-11,25.324352264404297
2010-11-12,24.884885787963867
2010-11-15,24.768402099609375
2010-11-16,24.01657485961914
2010-11-17,24.053625106811523
2010-11-18,24.03774642944336
2010-11-19,24.29187774658203
2010-11-22,24.302474975585938
2010-11-23,24.1065731048584
2010-11-24,24.5301456451416
2010-11-26,24.41895866394043
2010-11-29,24.535442352294922
2010-11-30,24.503681182861328
2010-12-01,24.143625259399414
2010-12-02,24.39247703552246
2010-12-03,24.249526977539062
2010-12-06,24.159523010253906
2010-12-07,24.244232177734375
2010-12-08,23.984790802001953
2010-12-09,23.931848526000977
2010-12-10,24.11186408996582
2010-12-13,24.11186408996582
2010-12-14,23.709468841552734
2010-12-15,23.428861618041992
2010-12-16,23.508281707763672
2010-12-17,23.884197235107422
2010-12-20,24.191286087036133
2010-12-21,24.70486831665039
2010-12-22,24.996078491210938
2010-12-23,25.011953353881836
2010-12-27,25.08608627319336
2010-12-28,25.176088333129883
2010-12-29,25.165510177612305
2010-12-30,25.22374153137207
2010-12-31,25.22374153137207
2011-01-03,25.642024993896484
2011-01-04,25.281991958618164
2011-01-05,25.329633712768555
2011-01-06,25.255521774291992
2011-01-07,25.096670150756836
2011-01-10,25.0701961517334
2011-01-11,25.02784538269043
2011-01-12,24.884885787963867
2011-01-13,24.93254280090332
2011-01-14,24.91135597229004
2011-01-18,25.176088333129883
2011-01-19,25.281991958618164
2011-01-20,25.329633712768555
2011-01-21,25.191980361938477
2011-01-24,25.334936141967773
2011-01-25,25.67908477783203
2011-01-26,25.71614646911621
2011-01-27,26.033836364746094
2011-01-28,25.67908477783203
2011-01-31,25.986177444458008
2011-02-01,26.25620460510254
2011-02-02,26.00204849243164
2011-02-03,26.12382698059082
2011-02-04,25.94126319885254
2011-02-07,26.161413192749023
2011-02-08,26.33325958251953
2011-02-09,26.526575088500977
2011-02-10,26.526575088500977
2011-02-11,26.521198272705078
2011-02-14,26.419170379638672
2011-02-15,26.580263137817383
2011-02-16,26.838024139404297
2011-02-17,26.601749420166016
2011-02-18,26.983001708984375
2011-02-22,26.923938751220703
2011-02-23,26.719884872436523
2011-02-24,26.72526741027832
2011-02-25,27.31055450439453
2011-02-28,28.04084014892578
2011-03-01,27.305185317993164
2011-03-02,27.315919876098633
2011-03-03,27.56293487548828
2011-03-04,27.616634368896484
2011-03-07,27.536090850830078
2011-03-08,27.911956787109375
2011-03-09,28.00324058532715
2011-03-10,27.72939109802246
2011-03-11,28.008609771728516
2011-03-14,27.98177719116211
2011-03-15,27.7884578704834
2011-03-16,27.197790145874023
2011-03-17,27.3320369720459
2011-03-18,27.756242752075195
2011-03-21,27.7884578704834
2011-03-22,27.369611740112305
2011-03-23,27.09038734436035
2011-03-24,27.25148582458496
2011-03-25,27.552183151245117
2011-03-28,27.73475456237793
2011-03-29,27.847530364990234
2011-03-30,28.126747131347656
2011-03-31,28.15896987915039
2011-04-01,28.083791732788086
2011-04-04,28.14286231994629
2011-04-05,28.352277755737305
2011-04-06,28.3200626373291
2011-04-07,28.153606414794922
2011-04-08,27.895858764648438
2011-04-11,27.922704696655273
2011-04-12,27.8206844329834
2011-04-13,27.777725219726562
2011-04-14,28.01398277282715
2011-04-15,28.395240783691406
2011-04-18,28.28784942626953
2011-04-19,28.46504020690918
2011-04-20,28.610029220581055
2011-04-21,28.695955276489258
2011-04-25,28.701316833496094
2011-04-26,29.07182502746582
2011-04-27,29.2919864654541
2011-04-28,29.522886276245117
2011-04-29,28.873149871826172
2011-05-02,29.02886390686035
2011-05-03,28.728166580200195
2011-05-04,28.66374397277832
2011-05-05,28.244890213012695
2011-05-06,27.89922332763672
2011-05-09,27.861093521118164
2011-05-10,27.926427841186523
2011-05-11,27.926427841186523
2011-05-12,28.14962387084961
2011-05-13,27.572580337524414
2011-05-16,27.65423011779785
2011-05-17,27.83932876586914
2011-05-18,28.02986717224121
2011-05-19,28.14962387084961
2011-05-20,27.986299514770508
2011-05-23,27.942758560180664
2011-05-24,28.296600341796875
2011-05-25,28.198612213134766
2011-05-26,28.31838035583496
2011-05-27,28.47079849243164
2011-05-31,28.95530128479004
2011-06-01,28.38369369506836
2011-06-02,28.084300994873047
2011-06-03,28.280271530151367
2011-06-06,27.87198257446289
2011-06-07,28.013525009155273
2011-06-08,28.073402404785156
2011-06-09,27.833877563476562
2011-06-10,27.137083053588867
2011-06-13,27.48004913330078
2011-06-14,28.040735244750977
2011-06-15,27.719568252563477
2011-06-16,28.138742446899414
2011-06-17,28.41637420654297
2011-06-20,28.840980529785156
2011-06-21,29.080503463745117
2011-06-22,28.949844360351562
2011-06-23,28.38369369506836
2011-06-24,28.45447540283203
2011-06-27,28.42180633544922
2011-06-28,28.547027587890625
2011-06-29,28.764766693115234
2011-06-30,28.54156494140625
2011-07-01,28.715770721435547
2011-07-05,28.80287742614746
2011-07-06,29.015178680419922
2011-07-07,29.281919479370117
2011-07-08,29.11861228942871
2011-07-11,28.726654052734375
2011-07-12,28.69400405883789
2011-07-13,28.4000301361084
2011-07-14,28.274831771850586
2011-07-15,28.617778778076172
2011-07-18,28.574235916137695
2011-07-19,29.031517028808594
2011-07-20,29.151269912719727
2011-07-21,29.543222427368164
2011-07-22,29.613988876342773
2011-07-25,29.418012619018555
2011-07-26,29.418012619018555
2011-07-27,28.80287742614746
2011-07-28,28.62322998046875
2011-07-29,28.732099533081055
2011-08-01,26.298748016357422
2011-08-02,26.21166229248047
2011-08-03,26.358625411987305
2011-08-04,25.748931884765625
2011-08-05,25.259756088256836
2011-08-08,22.722732543945312
2011-08-09,24.817577362060547
2011-08-10,23.988489151000977
2011-08-11,24.96681022644043
2011-08-12,25.359256744384766
2011-08-15,26.38180160522461
2011-08-16,26.40943717956543
2011-08-17,26.486820220947266
2011-08-18,25.464262008666992
2011-08-19,25.337139129638672
2011-08-22,25.65772247314453
2011-08-23,26.332056045532227
2011-08-24,26.75213050842285
2011-08-25,26.4647159576416
2011-08-26,26.873737335205078
2011-08-29,27.658615112304688
2011-08-30,28.0068359375
2011-08-31,28.167125701904297
2011-09-01,27.57570457458496
2011-09-02,27.216426849365234
2011-09-06,27.4154052734375
2011-09-07,28.338472366333008
2011-09-08,27.940500259399414
2011-09-09,27.177732467651367
2011-09-12,27.194316864013672
2011-09-13,27.188791275024414
2011-09-14,27.387771606445312
2011-09-15,27.67519187927246
2011-09-16,28.29425048828125
2011-09-19,27.835479736328125
2011-09-20,28.0068359375
2011-09-21,26.56973648071289
2011-09-22,25.856714248657227
2011-09-23,25.92304039001465
2011-09-26,26.531038284301758
2011-09-27,26.82952117919922
2011-09-28,26.204931259155273
2011-09-29,26.895854949951172
2011-09-30,25.86776351928711
2011-10-03,24.889436721801758
2011-10-04,25.696422576904297
2011-10-05,25.70747947692871
2011-10-06,26.088855743408203
2011-10-07,25.475326538085938
2011-10-10,26.641584396362305
2011-10-11,26.144132614135742
2011-10-12,26.27125358581543
2011-10-13,26.105438232421875
2011-10-14,26.602903366088867
2011-10-17,26.03911018371582
2011-10-18,26.61948013305664
2011-10-19,26.486820220947266
2011-10-20,26.718965530395508
2011-10-21,27.581226348876953
2011-10-24,28.111862182617188
2011-10-25,27.87969398498535
2011-10-26,28.2445068359375
2011-10-27,29.178613662719727
2011-10-28,29.59317398071289
2011-10-31,29.12334632873535
2011-11-01,28.421375274658203
2011-11-02,28.874622344970703
2011-11-03,29.289159774780273
2011-11-04,28.014509201049805
2011-11-07,28.14897918701172
2011-11-08,28.653228759765625
2011-11-09,27.846410751342773
2011-11-10,27.762372970581055
2011-11-11,28.63081932067871
2011-11-14,27.975290298461914
2011-11-15,28.042510986328125
2011-11-16,27.868833541870117
2011-11-17,27.3421630859375
2011-11-18,27.521451950073242
2011-11-21,26.966768264770508
2011-11-22,26.983564376831055
2011-11-23,26.42328643798828
2011-11-25,26.7874698638916
2011-11-28,27.26931381225586
2011-11-29,27.162860870361328
2011-11-30,28.109752655029297
2011-12-01,27.891237258911133
2011-12-02,27.751174926757812
2011-12-05,27.795991897583008
2011-12-06,27.908048629760742
2011-12-07,28.154582977294922
2011-12-08,27.81280517578125
2011-12-09,28.429126739501953
2011-12-12,28.24422836303711
2011-12-13,28.216218948364258
2011-12-14,28.389904022216797
2011-12-15,28.6756534576416
2011-12-16,29.157501220703125
2011-12-19,28.832538604736328
2011-12-20,29.471263885498047
2011-12-21,29.560911178588867
2011-12-22,30.081966400146484
2011-12-23,30.272480010986328
2011-12-27,30.563819885253906
2011-12-28,30.27808952331543
2011-12-29,30.614246368408203
2011-12-30,30.55262565612793
2012-01-03,30.87198257446289
2012-01-04,30.126800537109375
2012-01-05,30.390134811401367
2012-01-06,30.384523391723633
2012-01-09,30.51340103149414
2012-01-10,30.995248794555664
2012-01-11,31.096099853515625
2012-01-12,30.956029891967773
2012-01-13,31.112924575805664
2012-01-17,31.208148956298828
2012-01-18,31.2193603515625
2012-01-19,30.8944034576416
2012-01-20,30.87198257446289
2012-01-23,30.90000343322754
2012-01-24,31.07928466796875
2012-01-25,31.734830856323242
2012-01-26,32.12144088745117
2012-01-27,32.07660675048828
2012-01-30,31.835693359375
2012-01-31,32.054195404052734
2012-02-01,32.03739547729492
2012-02-02,32.06540298461914
2012-02-03,32.292449951171875
2012-02-06,32.30379867553711
2012-02-07,32.53086471557617
2012-02-08,32.55924987792969
2012-02-09,32.40031433105469
2012-02-10,32.042694091796875
2012-02-13,32.46274948120117
2012-02-14,32.15053176879883
2012-02-15,31.923498153686523
2012-02-16,31.571563720703125
2012-02-17,31.48073959350586
2012-02-21,30.759862899780273
2012-02-22,30.362525939941406
2012-02-23,30.86770248413086
2012-02-24,30.822301864624023
2012-02-27,31.055015563964844
2012-02-28,30.776887893676758
2012-02-29,30.901756286621094
2012-03-01,31.196922302246094
2012-03-02,31.038005828857422
2012-03-05,31.27638816833496
2012-03-06,30.686067581176758
2012-03-07,30.76552963256836
2012-03-08,30.612274169921875
2012-03-09,30.850679397583008
2012-03-12,30.93014907836914
2012-03-13,31.316125869750977
2012-03-14,30.96988296508789
2012-03-15,30.907440185546875
2012-03-16,31.11179542541504
2012-03-19,31.196922302246094
2012-03-20,31.072053909301758
2012-03-21,30.850679397583008
2012-03-22,30.453327178955078
2012-03-23,30.697425842285156
2012-03-26,30.901756286621094
2012-03-27,31.11179542541504
2012-03-28,31.15719223022461
2012-03-29,30.88473892211914
2012-03-30,31.196922302246094
2012-04-02,31.168548583984375
2012-04-03,30.890398025512695
2012-04-04,30.396574020385742
2012-04-05,30.345481872558594
2012-04-09,30.231950759887695
2012-04-10,29.743797302246094
2012-04-11,30.124120712280273
2012-04-12,30.470380783081055
2012-04-13,30.209264755249023
2012-04-16,30.56686782836914
2012-04-17,30.76552963256836
2012-04-18,30.544160842895508
2012-04-19,30.62362289428711
2012-04-20,31.060691833496094
2012-04-23,30.720125198364258
2012-04-24,31.253698348999023
2012-04-25,31.781587600708008
2012-04-26,32.15053176879883
2012-04-27,32.195953369140625
2012-04-30,32.18459701538086
2012-05-01,32.621673583984375
2012-05-02,32.281097412109375
2012-05-03,32.34354019165039
2012-05-04,32.326290130615234
2012-05-07,32.579322814941406
2012-05-08,32.14801025390625
2012-05-09,32.19977569580078
2012-05-10,32.343544006347656
2012-05-11,32.36653518676758
2012-05-14,32.10774230957031
2012-05-15,31.958229064941406
2012-05-16,31.67641830444336
2012-05-17,31.18184471130371
2012-05-18,30.992053985595703
2012-05-21,31.590158462524414
2012-05-22,31.687929153442383
2012-05-23,31.894962310791016
2012-05-24,31.992740631103516
2012-05-25,31.756940841674805
2012-05-29,32.14801025390625
2012-05-30,31.475147247314453
2012-05-31,31.900714874267578
2012-06-01,31.193340301513672
2012-06-04,30.95180320739746
2012-06-05,31.365886688232422
2012-06-06,31.923728942871094
2012-06-07,31.745437622070312
2012-06-08,32.18251419067383
2012-06-11,31.67067527770996
2012-06-12,31.866207122802734
2012-06-13,32.10200500488281
2012-06-14,32.544830322265625
2012-06-15,32.665592193603516
2012-06-18,33.13717269897461
2012-06-19,32.95314025878906
2012-06-20,32.780616760253906
2012-06-21,32.44706726074219
2012-06-22,32.49306106567383
2012-06-25,32.40680694580078
2012-06-26,32.43556213378906
2012-06-27,32.544830322265625
2012-06-28,33.010650634765625
2012-06-29,33.52823257446289
2012-07-02,33.971073150634766
2012-07-03,34.03433609008789
2012-07-05,33.649017333984375
2012-07-06,33.936553955078125
2012-07-09,34.20110321044922
2012-07-10,33.729522705078125
2012-07-11,34.01708221435547
2012-07-12,34.25286865234375
2012-07-13,34.85671615600586
2012-07-16,35.052249908447266
2012-07-17,35.39156723022461
2012-07-18,34.9947395324707
2012-07-19,34.937232971191406
2012-07-20,34.77621841430664
2012-07-23,34.9947395324707
2012-07-24,34.9947395324707
2012-07-25,35.006248474121094
2012-07-26,35.10976791381836
2012-07-27,35.558345794677734
2012-07-30,35.794132232666016
2012-07-31,35.78837585449219
2012-08-01,35.61008834838867
2012-08-02,35.7653923034668
2012-08-03,35.61986541748047
2012-08-06,35.27066421508789
2012-08-07,34.461647033691406
2012-08-08,34.38597869873047
2012-08-09,34.799217224121094
2012-08-10,34.72355270385742
2012-08-13,34.63042068481445
2012-08-14,34.63042068481445
2012-08-15,34.6944580078125
2012-08-16,35.02037811279297
2012-08-17,34.8923454284668
2012-08-20,34.85159683227539
2012-08-21,34.77595138549805
2012-08-22,33.838871002197266
2012-08-23,33.30341720581055
2012-08-24,33.838871002197266
2012-08-27,33.97272872924805
2012-08-28,33.88544464111328
2012-08-29,33.914546966552734
2012-08-30,33.93782043457031
2012-08-31,34.013484954833984
2012-09-04,34.33360290527344
2012-09-05,34.25794219970703
2012-09-06,34.45581817626953
2012-09-07,34.14152526855469
2012-09-10,33.75740051269531
2012-09-11,34.019309997558594
2012-09-12,34.00767135620117
2012-09-13,34.54894256591797
2012-09-14,34.048404693603516
2012-09-17,33.879615783691406
2012-09-18,32.99494552612305
2012-09-19,33.32086181640625
2012-09-20,33.33252716064453
2012-09-21,33.6060676574707
2012-09-24,33.77486038208008
2012-09-25,33.25102615356445
2012-09-26,33.57114028930664
2012-09-27,33.57695388793945
2012-09-28,33.6060676574707
2012-10-01,33.472198486328125
2012-10-02,34.112430572509766
2012-10-03,34.63625717163086
2012-10-04,34.677001953125
2012-10-05,34.70608901977539
2012-10-08,34.717742919921875
2012-10-09,34.68281173706055
2012-10-10,34.63042068481445
2012-10-11,34.5664176940918
2012-10-12,34.362709045410156
2012-10-15,34.746826171875
2012-10-16,34.90399169921875
2012-10-17,34.51984405517578
2012-10-18,35.22991180419922
2012-10-19,34.787574768066406
2012-10-22,34.82250213623047
2012-10-23,34.33941650390625
2012-10-24,34.281219482421875
2012-10-25,34.193912506103516
2012-10-26,33.908729553222656
2012-10-31,34.589683532714844
2012-11-01,34.55475997924805
2012-11-02,34.83177185058594
2012-11-05,34.38975143432617
2012-11-06,34.578346252441406
2012-11-07,34.920188903808594
2012-11-08,34.566551208496094
2012-11-09,34.560665130615234
2012-11-12,34.73746109008789
2012-11-13,34.99089813232422
2012-11-14,34.6667366027832
2012-11-15,34.64316940307617
2012-11-16,35.10288619995117
2012-11-19,35.40934753417969
2012-11-20,35.62741470336914
2012-11-21,35.285587310791016
2012-11-23,35.515438079833984
2012-11-26,35.32094192504883
2012-11-27,34.943748474121094
2012-11-28,34.80229949951172
2012-11-29,34.778724670410156
2012-11-30,34.70800018310547
2012-12-03,34.937862396240234
2012-12-04,34.92607116699219
2012-12-05,34.796417236328125
2012-12-06,35.12055587768555
2012-12-07,35.21487045288086
2012-12-10,35.18539047241211
2012-12-11,35.26201248168945
2012-12-12,35.085208892822266
2012-12-13,34.61370849609375
2012-12-14,34.33080291748047
2012-12-17,34.49582290649414
2012-12-18,34.93196487426758
2012-12-19,34.86712646484375
2012-12-20,35.509552001953125
2012-12-21,35.65688705444336
2012-12-24,35.65688705444336
2012-12-26,35.609745025634766
2012-12-27,35.792442321777344
2012-12-28,35.851383209228516
2012-12-31,36.12249755859375
2013-01-02,36.02819061279297
2013-01-03,36.18732452392578
2013-01-04,36.38181686401367
2013-01-07,36.28162384033203
2013-01-08,36.35234832763672
2013-01-09,36.24037551879883
2013-01-10,36.53504943847656
2013-01-11,36.499691009521484
2013-01-14,36.50558090209961
2013-01-15,36.42896270751953
2013-01-16,36.26393508911133
2013-01-17,36.58220291137695
2013-01-18,36.558624267578125
2013-01-22,37.11262512207031
2013-01-23,37.0772705078125
2013-01-24,37.071380615234375
2013-01-25,37.10084533691406
2013-01-28,37.24229049682617
2013-01-29,37.29533386230469
2013-01-30,37.136207580566406
2013-01-31,37.036014556884766
2013-02-01,37.25377655029297
2013-02-04,37.10463333129883
2013-02-05,36.979331970214844
2013-02-06,37.02706527709961
2013-02-07,36.961429595947266
2013-02-08,37.17025375366211
2013-02-11,37.206058502197266
2013-02-12,37.408905029296875
2013-02-13,37.43278121948242
2013-02-14,37.25975036621094
2013-02-15,37.56404113769531
2013-02-19,38.148746490478516
2013-02-20,38.25016403198242
2013-02-21,38.21437072753906
2013-02-22,38.54250717163086
2013-02-25,37.701255798339844
2013-02-26,37.77286911010742
2013-02-27,38.19050598144531
2013-02-28,38.26805877685547
2013-03-01,38.55445861816406
2013-03-04,39.037723541259766
2013-03-05,39.11527633666992
2013-03-06,39.07948684692383
2013-03-07,38.876644134521484
2013-03-08,38.98402404785156
2013-03-11,39.04367446899414
2013-03-12,38.84680938720703
2013-03-13,38.77518844604492
2013-03-14,38.91839599609375
2013-03-15,39.16301727294922
2013-03-18,39.085453033447266
2013-03-19,39.01980972290039
2013-03-20,39.27040481567383
2013-03-21,39.29426956176758
2013-03-22,39.41957473754883
2013-03-25,39.497135162353516
2013-03-26,39.93266677856445
2013-03-27,40.06990432739258
2013-03-28,40.51737594604492
2013-04-01,40.833580017089844
2013-04-02,41.14979934692383
2013-04-03,41.12593460083008
2013-04-04,41.740474700927734
2013-04-05,41.639034271240234
2013-04-08,41.88962173461914
2013-04-09,42.09844970703125
2013-04-10,42.53399658203125
2013-04-11,42.289371490478516
2013-04-12,42.42658996582031
2013-04-15,41.94929504394531
2013-04-16,42.87407684326172
2013-04-17,42.51609420776367
2013-04-18,42.42658996582031
2013-04-19,43.3275146484375
2013-04-22,43.405086517333984
2013-04-23,43.852542877197266
2013-04-24,44.06733703613281
2013-04-25,43.83464813232422
2013-04-26,43.83464813232422
2013-04-29,44.29405975341797
2013-04-30,44.7296028137207
2013-05-01,44.78329086303711
2013-05-02,45.093544006347656
2013-05-03,45.144775390625
2013-05-06,45.27739334106445
2013-05-07,45.57875442504883
2013-05-08,44.69272994995117
2013-05-09,45.02422332763672
2013-05-10,45.4943733215332
2013-05-13,45.7053337097168
2013-05-14,45.80778121948242
2013-05-15,46.591339111328125
2013-05-16,46.42256546020508
2013-05-17,46.98311233520508
2013-05-20,46.85655975341797
2013-05-21,47.603946685791016
2013-05-22,46.585323333740234
2013-05-23,44.79520034790039
2013-05-24,44.62643051147461
2013-05-28,43.34260559082031
2013-05-29,42.034671783447266
2013-05-30,41.841800689697266
2013-05-31,41.003990173339844
2013-06-03,41.22098159790039
2013-06-04,40.74482345581055
2013-06-05,40.29277038574219
2013-06-06,40.9437255859375
2013-06-07,41.16070556640625
2013-06-10,40.5760612487793
2013-06-11,40.274688720703125
2013-06-12,39.47908020019531
2013-06-13,40.35907745361328
2013-06-14,40.60618209838867
2013-06-17,40.73878860473633
2013-06-18,41.076332092285156
2013-06-19,39.41880416870117
2013-06-20,37.42978286743164
2013-06-21,38.183189392089844
2013-06-24,38.134986877441406
2013-06-25,38.81003952026367
2013-06-26,39.47304916381836
2013-06-27,40.4615364074707
2013-06-28,40.40126037597656
2013-07-01,40.015506744384766
2013-07-02,40.3048210144043
2013-07-03,39.81660842895508
2013-07-05,39.31031036376953
2013-07-08,39.02703857421875
2013-07-09,39.61167907714844
2013-07-10,39.58757400512695
2013-07-11,41.34754943847656
2013-07-12,40.449485778808594
2013-07-15,40.726749420166016
2013-07-16,40.86537170410156
2013-07-17,41.04617691040039
2013-07-18,41.281253814697266
2013-07-19,40.8472785949707
2013-07-22,40.63029098510742
2013-07-23,40.895511627197266
2013-07-24,39.58757400512695
2013-07-25,39.64785385131836
2013-07-26,39.858802795410156
2013-07-29,39.50921630859375
2013-07-30,39.52729797363281
2013-07-31,38.870323181152344
2013-08-01,38.32182693481445
2013-08-02,38.66041564941406
2013-08-05,38.642127990722656
2013-08-06,38.587223052978516
2013-08-07,38.27607727050781
2013-08-08,38.31877899169922
2013-08-09,38.88615036010742
2013-08-12,38.52010726928711
2013-08-13,37.86122131347656
2013-08-14,37.3365592956543
2013-08-15,36.53736114501953
2013-08-16,35.7320556640625
2013-08-19,35.579551696777344
2013-08-20,36.610565185546875
2013-08-21,37.037628173828125
2013-08-22,37.07423400878906
2013-08-23,37.495182037353516
2013-08-26,37.25724411010742
2013-08-27,37.52568435668945
2013-08-28,37.63549041748047
2013-08-29,37.3853645324707
2013-08-30,37.48297119140625
2013-09-03,37.1169319152832
2013-09-04,37.3365592956543
2013-09-05,36.616661071777344
2013-09-06,37.11082458496094
2013-09-09,37.910030364990234
2013-09-10,37.48297119140625
2013-09-11,37.684303283691406
2013-09-12,37.3914680480957
2013-09-13,37.678199768066406
2013-09-16,38.31877899169922
2013-09-17,38.324886322021484
2013-09-18,40.01478958129883
2013-09-19,39.89277267456055
2013-09-20,38.88005828857422
2013-09-23,38.385887145996094
2013-09-24,38.47739791870117
2013-09-25,38.690921783447266
2013-09-26,38.87395477294922
2013-09-27,38.544517517089844
2013-09-30,38.05644607543945
2013-10-01,38.745819091796875
2013-10-02,38.30046844482422
2013-10-03,37.568382263183594
2013-10-04,37.73311233520508
2013-10-07,37.84902572631836
2013-10-08,37.59278106689453
2013-10-09,37.47077178955078
2013-10-10,38.48959732055664
2013-10-11,38.83734130859375
2013-10-14,38.66651916503906
2013-10-15,38.56890869140625
2013-10-16,39.380313873291016
2013-10-17,39.81956481933594
2013-10-18,39.563331604003906
2013-10-21,39.31930160522461
2013-10-22,39.721954345703125
2013-10-23,39.831764221191406
2013-10-24,40.008689880371094
2013-10-25,40.5516357421875
2013-10-28,40.15510940551758
2013-10-29,39.831764221191406
2013-10-30,39.42300796508789
2013-10-31,39.563331604003906
2013-11-01,39.64874267578125
2013-11-04,39.721954345703125
2013-11-05,38.34318542480469
2013-11-06,38.59941482543945
2013-11-07,37.9355583190918
2013-11-08,37.30567169189453
2013-11-11,37.10186767578125
2013-11-12,36.83015441894531
2013-11-13,37.046295166015625
2013-11-14,37.398292541503906
2013-11-15,37.36742401123047
2013-11-18,37.11422348022461
2013-11-19,36.70664978027344
2013-11-20,36.11381530761719
2013-11-21,36.26820373535156
2013-11-22,35.6691780090332
2013-11-25,35.40363311767578
2013-11-26,34.69346237182617
2013-11-27,35.05781173706055
2013-11-29,34.57612228393555
2013-12-02,34.42793655395508
2013-12-03,34.17472457885742
2013-12-04,34.032684326171875
2013-12-05,34.075923919677734
2013-12-06,34.06357955932617
2013-12-09,34.199432373046875
2013-12-10,34.285892486572266
2013-12-11,33.48308563232422
2013-12-12,33.124916076660156
2013-12-13,33.29164505004883
2013-12-16,33.14961242675781
2013-12-17,33.242252349853516
2013-12-18,33.754798889160156
2013-12-19,32.47032165527344
2013-12-20,32.79761505126953
2013-12-23,32.70499038696289
2013-12-24,32.7852668762207
2013-12-26,32.76057052612305
2013-12-27,32.85319519042969
2013-12-30,33.00141143798828
2013-12-31,33.08168411254883
2014-01-02,33.06316375732422
2014-01-03,32.76057052612305
2014-01-06,33.52631759643555
2014-01-07,33.507789611816406
2014-01-08,33.285465240478516
2014-01-09,33.35959243774414
2014-01-10,34.26118469238281
2014-01-13,34.55143356323242
2014-01-14,34.05122756958008
2014-01-15,34.30442428588867
2014-01-16,34.61936950683594
2014-01-17,34.329124450683594
2014-01-21,34.85401153564453
2014-01-22,34.9157829284668
2014-01-23,34.600833892822266
2014-01-24,34.532901763916016
2014-01-27,34.7366828918457
2014-01-28,35.07018280029297
2014-01-29,35.00840759277344
2014-01-30,35.23072052001953
2014-01-31,35.76799011230469
2014-02-03,35.502445220947266
2014-02-04,35.588897705078125
2014-02-05,35.14426040649414
2014-02-06,35.24761199951172
2014-02-07,35.629638671875
2014-02-10,35.75490188598633
2014-02-11,35.786224365234375
2014-02-12,35.59207534790039
2014-02-13,35.692264556884766
2014-02-14,35.6108512878418
2014-02-18,35.6734733581543
2014-02-19,35.905208587646484
2014-02-20,35.43549346923828
2014-02-21,35.56074905395508
2014-02-24,36.34361267089844
2014-02-25,36.11189651489258
2014-02-26,36.268455505371094
2014-02-27,36.40625
2014-02-28,36.78826904296875
2014-03-03,36.863433837890625
2014-03-04,37.333168029785156
2014-03-05,37.49598693847656
2014-03-06,36.982425689697266
2014-03-07,36.50644302368164
2014-03-10,36.381187438964844
2014-03-11,36.863433837890625
2014-03-12,37.145263671875
2014-03-13,36.72564697265625
2014-03-14,36.90727615356445
2014-03-17,36.70060348510742
2014-03-18,36.56908416748047
2014-03-19,35.81126022338867
2014-03-20,35.7298469543457
2014-03-21,36.468868255615234
2014-03-24,36.3060417175293
2014-03-25,36.5941276550293
2014-03-26,36.37492752075195
2014-03-27,36.81333541870117
2014-03-28,37.03253936767578
2014-03-31,37.3268928527832
2014-04-01,37.251731872558594
2014-04-02,37.49598693847656
2014-04-03,37.257999420166016
2014-04-04,37.85298538208008
2014-04-07,38.32895278930664
2014-04-08,38.89262008666992
2014-04-09,38.786155700683594
2014-04-10,38.62331008911133
2014-04-11,38.685943603515625
2014-04-14,38.635833740234375
2014-04-15,39.280921936035156
2014-04-16,39.34980773925781
2014-04-17,38.79241180419922
2014-04-21,38.942718505859375
2014-04-22,38.69846725463867
2014-04-23,38.66090393066406
2014-04-24,39.05544662475586
2014-04-25,38.942718505859375
2014-04-28,39.52516555786133
2014-04-29,39.43122482299805
2014-04-30,39.51264572143555
2014-05-01,39.61285400390625
2014-05-02,39.51890563964844
2014-05-05,39.79447937011719
2014-05-06,39.681739807128906
2014-05-07,39.850833892822266
2014-05-08,40.78630065917969
2014-05-09,40.83704376220703
2014-05-12,40.78630065917969
2014-05-13,40.58969497680664
2014-05-14,40.570682525634766
2014-05-15,40.93851852416992
2014-05-16,41.37611770629883
2014-05-19,40.856075286865234
2014-05-20,41.10342025756836
2014-05-21,40.570682525634766
2014-05-22,40.36137390136719
2014-05-23,40.91314697265625
2014-05-27,40.86241149902344
2014-05-28,39.54325866699219
2014-05-29,39.74619674682617
2014-05-30,40.10136413574219
2014-06-02,40.25358200073242
2014-06-03,40.399436950683594
2014-06-04,40.2789306640625
2014-06-05,41.059017181396484
2014-06-06,40.64044189453125
2014-06-09,40.17746353149414
2014-06-10,39.873043060302734
2014-06-11,39.949134826660156
2014-06-12,39.92376708984375
2014-06-13,40.06330108642578
2014-06-16,39.815975189208984
2014-06-17,39.39738082885742
2014-06-18,39.37835693359375
2014-06-19,39.974510192871094
2014-06-20,40.21551513671875
2014-06-23,40.2789306640625
2014-06-24,40.17746353149414
2014-06-25,39.82230758666992
2014-06-26,39.89206314086914
2014-06-27,39.72083282470703
2014-06-30,39.74619674682617
2014-07-01,39.99354934692383
2014-07-02,39.53690719604492
2014-07-03,39.270538330078125
2014-07-07,39.51154327392578
2014-07-08,39.638370513916016
2014-07-09,39.73986053466797
2014-07-10,39.88572692871094
2014-07-11,39.84132766723633
2014-07-14,39.94279861450195
2014-07-15,40.06965255737305
2014-07-16,40.31064224243164
2014-07-17,40.39309310913086
2014-07-18,40.773616790771484
2014-07-21,40.75459289550781
2014-07-22,40.82435989379883
2014-07-23,40.95119857788086
2014-07-24,41.03364562988281
2014-07-25,40.89412307739258
2014-07-28,41.06536102294922
2014-07-29,40.81801986694336
2014-07-30,40.60872268676758
2014-07-31,40.35504150390625
2014-08-01,40.957542419433594
2014-08-04,41.03364562988281
2014-08-05,40.703857421875
2014-08-06,40.65311813354492
2014-08-07,40.515052795410156
2014-08-08,40.52146530151367
2014-08-11,40.59212112426758
2014-08-12,40.784759521484375
2014-08-13,41.709503173828125
2014-08-14,42.18471908569336
2014-08-15,41.94069290161133
2014-08-18,42.17829513549805
2014-08-19,42.306732177734375
2014-08-20,42.6149787902832
2014-08-21,42.62138366699219
2014-08-22,42.46726989746094
2014-08-25,42.45444107055664
2014-08-26,42.814064025878906
2014-08-27,42.993858337402344
2014-08-28,43.070926666259766
2014-08-29,43.39844512939453
2014-09-02,43.19294357299805
2014-09-03,43.39844512939453
2014-09-04,43.3663215637207
2014-09-05,43.873653411865234
2014-09-08,43.57181930541992
2014-09-09,43.16725540161133
2014-09-10,42.52507019042969
2014-09-11,42.69845962524414
2014-09-12,40.617794036865234
2014-09-15,40.83614730834961
2014-09-16,41.00952911376953
2014-09-17,40.945308685302734
2014-09-18,40.3866081237793
2014-09-19,40.804046630859375
2014-09-22,40.54074478149414
2014-09-23,40.27102279663086
2014-09-24,40.32882308959961
2014-09-25,40.232479095458984
2014-09-26,40.52790451049805
2014-09-29,40.283878326416016
2014-09-30,40.05268096923828
2014-10-01,40.2581787109375
2014-10-02,40.00773620605469
2014-10-03,40.31599044799805
2014-10-06,40.617794036865234
2014-10-07,40.77192687988281
2014-10-08,41.6324462890625
2014-10-09,41.709503173828125
2014-10-10,42.69204330444336
2014-10-13,42.75627136230469
2014-10-14,43.29568099975586
2014-10-15,43.44982147216797
2014-10-16,43.37917709350586
2014-10-17,43.025962829589844
2014-10-20,43.70026397705078
2014-10-21,43.79017639160156
2014-10-22,43.835121154785156
2014-10-23,44.19473648071289
2014-10-24,44.220420837402344
2014-10-27,44.599308013916016
2014-10-28,44.759864807128906
2014-10-29,44.4451789855957
2014-10-30,45.003875732421875
2014-10-31,45.66532516479492
2014-11-03,45.787349700927734
2014-11-04,46.38458251953125
2014-11-05,45.960731506347656
2014-11-06,45.56134796142578
2014-11-07,45.86006546020508
2014-11-10,46.19775390625
2014-11-11,46.002925872802734
2014-11-12,45.92501449584961
2014-11-13,46.2691764831543
2014-11-14,46.217227935791016
2014-11-17,46.86662292480469
2014-11-18,47.035457611083984
2014-11-19,46.470497131347656
2014-11-20,46.54842758178711
2014-11-21,47.223793029785156
2014-11-24,46.94456100463867
2014-11-25,47.035457611083984
2014-11-26,47.386138916015625
2014-11-28,47.834228515625
2014-12-01,48.38618850708008
2014-12-02,48.55504608154297
2014-12-03,48.62648010253906
2014-12-04,48.86024856567383
2014-12-05,48.04853820800781
2014-12-08,48.55504608154297
2014-12-09,49.06157684326172
2014-12-10,49.42522430419922
2014-12-11,49.59408187866211
2014-12-12,49.52264404296875
2014-12-15,48.795318603515625
2014-12-16,48.366729736328125
2014-12-17,49.58110046386719
2014-12-18,49.52264404296875
2014-12-19,49.678489685058594
2014-12-22,50.63959884643555
2014-12-23,49.795379638671875
2014-12-24,49.41873550415039
2014-12-26,49.866825103759766
2014-12-29,49.756439208984375
2014-12-30,49.82136535644531
2014-12-31,49.139495849609375
2015-01-02,49.9707145690918
2015-01-05,50.587642669677734
2015-01-06,51.3084831237793
2015-01-07,51.78253173828125
2015-01-08,51.5682487487793
2015-01-09,51.62018585205078
2015-01-12,52.39944839477539
2015-01-13,52.516334533691406
2015-01-14,53.185203552246094
2015-01-15,54.00993347167969
2015-01-16,54.75023651123047
2015-01-20,54.13982009887695
2015-01-21,53.52940368652344
2015-01-22,53.893062591552734
2015-01-23,54.04890823364258
2015-01-26,53.95150375366211
2015-01-27,53.912513732910156
2015-01-28,53.925533294677734
2015-01-29,54.380126953125
2015-01-30,53.21767807006836
2015-02-02,53.21767807006836
2015-02-03,53.09430694580078
2015-02-04,52.418922424316406
2015-02-05,53.009883880615234
2015-02-06,50.677711486816406
2015-02-09,50.55963897705078
2015-02-10,50.84172439575195
2015-02-11,50.671138763427734
2015-02-12,50.80892562866211
2015-02-13,50.59243392944336
2015-02-17,50.494041442871094
2015-02-18,51.24188995361328
2015-02-19,50.002017974853516
2015-02-20,51.20254898071289
2015-02-23,51.62239456176758
2015-02-24,50.185691833496094
2015-02-25,50.926998138427734
2015-02-26,49.90360641479492
2015-02-27,50.58586120605469
2015-03-02,50.76300048828125
2015-03-03,50.88764953613281
2015-03-04,50.33002853393555
2015-03-05,50.30377960205078
2015-03-06,48.29636001586914
2015-03-09,48.80149841308594
2015-03-10,49.1557502746582
2015-03-11,48.69652557373047
2015-03-12,49.39848327636719
2015-03-13,49.21479034423828
2015-03-16,49.33285903930664
2015-03-17,48.978633880615234
2015-03-18,50.494041442871094
2015-03-19,50.3693962097168
2015-03-20,51.91102600097656
2015-03-23,52.08817672729492
2015-03-24,51.88478469848633
2015-03-25,51.12381362915039
2015-03-26,50.77613830566406
2015-03-27,51.02539825439453
2015-03-30,51.63552474975586
2015-03-31,50.749881744384766
2015-04-01,50.64491653442383
2015-04-02,51.0582160949707
2015-04-06,52.11442184448242
2015-04-07,51.24844741821289
2015-04-08,51.32718276977539
2015-04-09,50.31034469604492
2015-04-10,49.98234176635742
2015-04-13,49.52311325073242
2015-04-14,49.975765228271484
2015-04-15,49.48377227783203
2015-04-16,49.61497116088867
2015-04-17,49.37224197387695
2015-04-20,49.36566925048828
2015-04-21,49.3525390625
2015-04-22,49.49032974243164
2015-04-23,49.7396125793457
2015-04-24,49.76585388183594
2015-04-27,49.674007415771484
2015-04-28,49.6084098815918
2015-04-29,48.51940155029297
2015-04-30,47.2467155456543
2015-05-01,47.4041633605957
2015-05-04,47.31889343261719
2015-05-05,46.72846603393555
2015-05-06,46.439815521240234
2015-05-07,46.885902404785156
2015-05-08,47.891395568847656
2015-05-11,46.94895935058594
2015-05-12,47.07506561279297
2015-05-13,46.51755905151367
2015-05-14,47.2210693359375
2015-05-15,48.057315826416016
2015-05-18,47.67237854003906
2015-05-19,47.49982833862305
2015-05-20,47.49982833862305
2015-05-21,47.28080749511719
2015-05-22,47.028602600097656
2015-05-26,46.8427734375
2015-05-27,47.20115661621094
2015-05-28,47.008705139160156
2015-05-29,46.630401611328125
2015-06-01,47.21442794799805
2015-06-02,46.8095817565918
2015-06-03,45.98662567138672
2015-06-04,46.20564651489258
2015-06-05,45.004371643066406
2015-06-08,45.382659912109375
2015-06-09,45.004371643066406
2015-06-10,45.336212158203125
2015-06-11,45.415863037109375
2015-06-12,45.10392379760742
2015-06-15,44.8119010925293
2015-06-16,45.130462646484375
2015-06-17,45.28311538696289
2015-06-18,45.714508056640625
2015-06-19,45.621604919433594
2015-06-22,44.831809997558594
2015-06-23,44.4866943359375
2015-06-24,44.14821243286133
2015-06-25,43.78982162475586
2015-06-26,44.0552978515625
2015-06-29,43.64381408691406
2015-06-30,43.55755615234375
2015-07-01,44.035396575927734
2015-07-02,43.95575714111328
2015-07-06,44.20130157470703
2015-07-07,45.32957458496094
2015-07-08,45.59505081176758
2015-07-09,45.35610580444336
2015-07-10,45.62822723388672
2015-07-13,45.435760498046875
2015-07-14,45.21674346923828
2015-07-15,44.81852722167969
2015-07-16,44.81852722167969
2015-07-17,44.66588592529297
2015-07-20,44.68580627441406
2015-07-21,44.53316116333008
2015-07-22,44.90482711791992
2015-07-23,44.4866943359375
2015-07-24,45.01100540161133
2015-07-27,45.58841323852539
2015-07-28,45.56187438964844
2015-07-29,45.9998779296875
2015-07-30,45.66804122924805
2015-07-31,46.03972244262695
2015-08-03,46.34500503540039
2015-08-04,45.93351364135742
2015-08-05,45.495487213134766
2015-08-06,45.45567321777344
2015-08-07,45.68071365356445
2015-08-10,45.25750732421875
2015-08-11,45.55308532714844
2015-08-12,45.8150749206543
2015-08-13,45.579952239990234
2015-08-14,45.633689880371094
2015-08-17,46.587608337402344
2015-08-18,46.57418441772461
2015-08-19,46.39279556274414
2015-08-20,46.6010627746582
2015-08-21,45.962867736816406
2015-08-24,44.17593765258789
2015-08-25,42.51664733886719
2015-08-26,43.27576446533203
2015-08-27,43.88036346435547
2015-08-28,43.71914291381836
2015-08-31,42.55697250366211
2015-09-01,41.91204833984375
2015-09-02,42.46963882446289
2015-09-03,42.22780227661133
2015-09-04,41.260440826416016
2015-09-08,42.039695739746094
2015-09-09,41.589599609375
2015-09-10,41.549293518066406
2015-09-11,42.1942024230957
2015-09-14,42.55697250366211
2015-09-15,42.859256744384766
2015-09-16,43.31605911254883
2015-09-17,44.45808410644531
2015-09-18,45.25078582763672
2015-09-21,45.49934768676758
2015-09-22,45.37169647216797
2015-09-23,45.7881965637207
2015-09-24,45.6202507019043
2015-09-25,45.445594787597656
2015-09-28,44.411075592041016
2015-09-29,45.23063278198242
2015-09-30,45.492637634277344
2015-10-01,45.47918701171875
2015-10-02,45.83522415161133
2015-10-05,46.49355697631836
2015-10-06,46.41967010498047
2015-10-07,46.769004821777344
2015-10-08,46.79586410522461
2015-10-09,46.527156829833984
2015-10-12,46.38609313964844
2015-10-13,46.33906555175781
2015-10-14,45.465755462646484
2015-10-15,45.92256546020508
2015-10-16,46.55402755737305
2015-10-19,47.11832809448242
2015-10-20,46.82273864746094
2015-10-21,47.39374542236328
2015-10-22,47.63558578491211
2015-10-23,46.003170013427734
2015-10-26,45.56652069091797
2015-10-27,45.72774124145508
2015-10-28,44.88802719116211
2015-10-29,44.9753532409668
2015-10-30,43.578067779541016
2015-11-02,44.24311828613281
2015-11-03,43.53104019165039
2015-11-04,43.51088333129883
2015-11-05,43.61164855957031
2015-11-06,41.519351959228516
2015-11-09,40.151695251464844
2015-11-10,40.41707229614258
2015-11-11,40.151695251464844
2015-11-12,40.4102668762207
2015-11-13,39.60737228393555
2015-11-16,40.233367919921875
2015-11-17,40.04283905029297
2015-11-18,40.53274154663086
2015-11-19,41.19955825805664
2015-11-20,41.96162414550781
2015-11-23,42.35627365112305
2015-11-24,42.36989212036133
2015-11-25,42.49917221069336
2015-11-27,42.99587631225586
2015-11-30,42.99587631225586
2015-12-01,44.09814453125
2015-12-02,43.17277908325195
2015-12-03,42.66926574707031
2015-12-04,43.308868408203125
2015-12-07,43.649078369140625
2015-12-08,43.805572509765625
2015-12-09,43.66269302368164
2015-12-10,42.73729705810547
2015-12-11,43.00948715209961
2015-12-14,43.23401641845703
2015-12-15,43.962074279785156
2015-12-16,45.07115936279297
2015-12-17,44.914669036865234
2015-12-18,44.39753723144531
2015-12-21,44.540428161621094
2015-12-22,45.016727447509766
2015-12-23,45.60869216918945
2015-12-24,45.60869216918945
2015-12-28,45.94209289550781
2015-12-29,46.6157112121582
2015-12-30,46.4864387512207
2015-12-31,46.28910827636719
2016-01-04,46.53407287597656
2016-01-05,47.690773010253906
2016-01-06,47.58872604370117
2016-01-07,46.227874755859375
2016-01-08,46.32993698120117
2016-01-11,46.6429328918457
2016-01-12,46.28910827636719
2016-01-13,45.3025016784668
2016-01-14,45.1732177734375
2016-01-15,45.12558364868164
2016-01-19,46.11219024658203
2016-01-20,43.894020080566406
2016-01-21,44.55403137207031
2016-01-22,46.09859085083008
2016-01-25,45.418174743652344
2016-01-26,44.9078483581543
2016-01-27,41.914005279541016
2016-01-28,41.11790466308594
2016-01-29,42.33585739135742
2016-02-01,42.750911712646484
2016-02-02,42.05690002441406
2016-02-03,43.3156623840332
2016-02-04,43.336082458496094
2016-02-05,43.53610610961914
2016-02-08,41.78417205810547
2016-02-09,38.44585037231445
2016-02-10,38.42515563964844
2016-02-11,37.02499771118164
2016-02-12,37.521610260009766
2016-02-16,38.59759521484375
2016-02-17,38.99074172973633
2016-02-18,40.47367477416992
2016-02-19,40.83233642578125
2016-02-22,41.61174392700195
2016-02-23,41.846248626708984
2016-02-24,42.44631576538086
2016-02-25,43.22571563720703
2016-02-26,43.7982063293457
2016-02-29,43.9913330078125
2016-03-01,45.50874710083008
2016-03-02,46.16399002075195
2016-03-03,45.515647888183594
2016-03-04,45.653602600097656
2016-03-07,46.122615814208984
2016-03-08,45.42597198486328
2016-03-09,45.86740493774414
2016-03-10,44.92247009277344
2016-03-11,45.90190887451172
2016-03-14,45.888099670410156
2016-03-15,45.35010528564453
2016-03-16,45.90190887451172
2016-03-17,46.60542678833008
2016-03-18,46.308841705322266
2016-03-21,46.1019172668457
2016-03-22,46.03293991088867
2016-03-23,46.129512786865234
2016-03-24,46.18467712402344
2016-03-28,46.66061019897461
2016-03-29,47.86764907836914
2016-03-30,47.508968353271484
2016-03-31,47.82624816894531
2016-04-01,47.70209884643555
2016-04-04,48.00558853149414
2016-04-05,47.874542236328125
2016-04-06,47.640045166015625
2016-04-07,47.43309783935547
2016-04-08,47.79177474975586
2016-04-11,47.971099853515625
2016-04-12,48.19871139526367
2016-04-13,48.03318405151367
2016-04-14,48.05387878417969
2016-04-15,48.15043640136719
2016-04-18,48.722904205322266
2016-04-19,49.19883728027344
2016-04-20,47.60554122924805
2016-04-21,45.95018005371094
2016-04-22,47.088233947753906
2016-04-25,47.79866027832031
2016-04-26,47.86764907836914
2016-04-27,48.143531799316406
2016-04-28,48.04697036743164
2016-04-29,47.88144302368164
2016-05-02,48.4746208190918
2016-05-03,49.557491302490234
2016-05-04,51.302528381347656
2016-05-05,50.85420608520508
2016-05-06,51.34270477294922
2016-05-09,52.13130187988281
2016-05-10,50.96586227416992
2016-05-11,49.591041564941406
2016-05-12,50.309852600097656
2016-05-13,50.086524963378906
2016-05-16,50.693687438964844
2016-05-17,49.9748649597168
2016-05-18,48.40464782714844
2016-05-19,47.73469924926758
2016-05-20,47.83936309814453
2016-05-23,47.67886734008789
2016-05-24,47.93707275390625
2016-05-25,47.88124084472656
2016-05-26,48.104557037353516
2016-05-27,48.34184265136719
2016-05-31,48.09061050415039
2016-06-01,48.14643859863281
2016-06-02,48.48141860961914
2016-06-03,49.77248764038086
2016-06-06,48.72567367553711
2016-06-07,49.346778869628906
2016-06-08,50.11444091796875
2016-06-09,50.35172653198242
2016-06-10,50.344730377197266
2016-06-13,50.74253463745117
2016-06-14,50.88210678100586
2016-06-15,51.29383850097656
2016-06-16,51.552066802978516
2016-06-17,51.817264556884766
2016-06-20,51.14730453491211
2016-06-21,51.245018005371094
2016-06-22,50.5052604675293
2016-06-23,50.97284698486328
2016-06-24,50.58899688720703
2016-06-27,51.196163177490234
2016-06-28,52.13130187988281
2016-06-29,52.703548431396484
2016-06-30,53.15718460083008
2016-07-01,53.178096771240234
2016-07-05,53.52705764770508
2016-07-06,53.31071472167969
2016-07-07,52.22901153564453
2016-07-08,52.77336502075195
2016-07-11,53.178096771240234
2016-07-12,53.052513122558594
2016-07-13,53.70152282714844
2016-07-14,53.15718460083008
2016-07-15,53.387481689453125
2016-07-18,53.86902618408203
2016-07-19,54.127235412597656
2016-07-20,54.16212463378906
2016-07-21,54.47616958618164
2016-07-22,54.95769500732422
2016-07-25,54.95769500732422
2016-07-26,54.273780822753906
2016-07-27,53.987648010253906
2016-07-28,54.692501068115234
2016-07-29,55.36245346069336
2016-08-01,55.557884216308594
2016-08-02,54.294734954833984
2016-08-03,54.05745315551758
2016-08-04,54.23191452026367
2016-08-05,53.90023422241211
2016-08-08,54.373050689697266
2016-08-09,55.2269287109375
2016-08-10,55.6785774230957
2016-08-11,54.86702346801758
2016-08-12,55.29750061035156
2016-08-15,54.86702346801758
2016-08-16,54.10489273071289
2016-08-17,54.3377685546875
2016-08-18,54.260135650634766
2016-08-19,53.8155517578125
2016-08-22,54.083709716796875
2016-08-23,54.274261474609375
2016-08-24,53.83671569824219
2016-08-25,54.3377685546875
2016-08-26,53.4768180847168
2016-08-29,54.30955505371094
2016-08-30,54.3377685546875
2016-08-31,54.161338806152344
2016-09-01,53.93553161621094
2016-09-02,54.12606430053711
2016-09-06,54.987003326416016
2016-09-07,55.17753601074219
2016-09-08,54.605918884277344
2016-09-09,52.044288635253906
2016-09-12,52.76408004760742
2016-09-13,51.57853317260742
2016-09-14,51.896095275878906
2016-09-15,51.945491790771484
2016-09-16,51.64910125732422
2016-09-19,51.69144058227539
2016-09-20,51.64204406738281
2016-09-21,52.460628509521484
2016-09-22,53.69559097290039
2016-09-23,53.91435241699219
2016-09-26,54.196632385253906
2016-09-27,53.29335403442383
2016-09-28,53.94963455200195
2016-09-29,53.49800491333008
2016-09-30,52.76408004760742
2016-10-03,52.0725212097168
2016-10-04,50.72467041015625
2016-10-05,49.6661376953125
2016-10-06,49.6308479309082
2016-10-07,49.07335662841797
2016-10-10,49.24977111816406
2016-10-11,48.50880813598633
2016-10-12,48.77696990966797
2016-10-13,49.32032775878906
2016-10-14,48.995731353759766
2016-10-17,48.92516326904297
2016-10-18,49.6308479309082
2016-10-19,49.81431198120117
2016-10-20,50.01896667480469
2016-10-21,49.75080490112305
2016-10-24,50.004852294921875
2016-10-25,50.08247756958008
2016-10-26,49.179203033447266
2016-10-27,48.26887512207031
2016-10-28,48.30414962768555
2016-10-31,48.36062240600586
2016-11-01,47.57024002075195
2016-11-02,47.42910385131836
2016-11-03,46.56111145019531
2016-11-04,46.575408935546875
2016-11-07,47.36192321777344
2016-11-08,46.45386505126953
2016-11-09,44.86655044555664
2016-11-10,43.6224479675293
2016-11-11,43.98709487915039
2016-11-14,45.56010818481445
2016-11-15,44.87369918823242
2016-11-16,45.05244827270508
2016-11-17,44.31599426269531
2016-11-18,44.680660247802734
2016-11-21,44.223045349121094
2016-11-22,44.630592346191406
2016-11-23,44.45899963378906
2016-11-25,44.787906646728516
2016-11-28,45.3313102722168
2016-11-29,45.896156311035156
2016-11-30,44.888004302978516
2016-12-01,43.908443450927734
2016-12-02,44.888004302978516
2016-12-05,44.80219650268555
2016-12-06,45.43855667114258
2016-12-07,46.66836166381836
2016-12-08,46.91147232055664
2016-12-09,46.95436477661133
2016-12-12,47.57642364501953
2016-12-13,47.61216354370117
2016-12-14,46.11066436767578
2016-12-15,45.288414001464844
2016-12-16,46.604007720947266
2016-12-19,47.462032318115234
2016-12-20,47.51921463012695
2016-12-21,46.69696044921875
2016-12-22,46.718414306640625
2016-12-23,46.83995056152344
2016-12-27,47.09020233154297
2016-12-28,46.761314392089844
2016-12-29,47.025856018066406
2016-12-30,47.85527420043945
2017-01-03,47.31187438964844
2017-01-04,47.676517486572266
2017-01-05,48.74187469482422
2017-01-06,48.94207763671875
2017-01-09,48.906333923339844
2017-01-10,47.41911697387695
2017-01-11,47.47630310058594
2017-01-12,47.79806137084961
2017-01-13,47.66222381591797
2017-01-17,48.119834899902344
2017-01-18,47.962520599365234
2017-01-19,47.47630310058594
2017-01-20,47.733707427978516
2017-01-23,48.391536712646484
2017-01-24,48.119834899902344
2017-01-25,47.44771957397461
2017-01-26,47.29041290283203
2017-01-27,47.14741516113281
2017-01-30,47.43342208862305
2017-01-31,47.40482711791992
2017-02-01,46.66836166381836
2017-02-02,47.43342208862305
2017-02-03,47.40443801879883
2017-02-06,47.940582275390625
2017-02-07,47.72322463989258
2017-02-08,47.839149475097656
2017-02-09,47.37544631958008
2017-02-10,47.72322463989258
2017-02-13,48.02751541137695
2017-02-14,47.46238327026367
2017-02-15,47.51311111450195
2017-02-16,47.8753662109375
2017-02-17,47.75945281982422
2017-02-21,48.498443603515625
2017-02-22,49.0490608215332
2017-02-23,49.88225555419922
2017-02-24,50.75889205932617
2017-02-27,50.744422912597656
2017-02-28,50.99074172973633
2017-03-01,50.338680267333984
2017-03-02,50.67919158935547
2017-03-03,50.403892517089844
2017-03-06,49.65765380859375
2017-03-07,49.62144088745117
2017-03-08,48.556392669677734
2017-03-09,47.67250442504883
2017-03-10,47.940582275390625
2017-03-13,47.81741714477539
2017-03-14,47.8536376953125
2017-03-15,48.71579360961914
2017-03-16,48.75202178955078
2017-03-17,48.74477005004883
2017-03-20,49.10704040527344
2017-03-21,49.1359977722168
2017-03-22,49.744590759277344
2017-03-23,50.42563247680664
2017-03-24,50.476341247558594
2017-03-27,50.80961608886719
2017-03-28,51.15738296508789
2017-03-29,51.38922119140625
2017-03-30,51.28055191040039
2017-03-31,51.30952072143555
2017-04-03,51.548614501953125
2017-04-04,51.13565444946289
2017-04-05,51.657283782958984
2017-04-06,51.86014938354492
2017-04-07,52.35282516479492
2017-04-10,52.80925750732422
2017-04-11,52.7368049621582
2017-04-12,52.838233947753906
2017-04-13,52.78028106689453
2017-04-17,53.171512603759766
2017-04-18,53.7873420715332
2017-04-19,53.519283294677734
2017-04-20,53.66417694091797
2017-04-21,53.38161849975586
2017-04-24,52.526695251464844
2017-04-25,52.64986038208008
2017-04-26,52.04129409790039
2017-04-27,52.28036880493164
2017-04-28,51.75872802734375
2017-05-01,51.5848388671875
2017-05-02,51.258811950683594
2017-05-03,50.5777702331543
2017-05-04,50.6140022277832
2017-05-05,51.208251953125
2017-05-08,51.14955520629883
2017-05-09,50.64335632324219
2017-05-10,51.3623161315918
2017-05-11,52.4554443359375
2017-05-12,52.712223052978516
2017-05-15,52.57283020019531
2017-05-16,52.52880096435547
2017-05-17,53.013031005859375
2017-05-18,53.50455093383789
2017-05-19,53.73197937011719
2017-05-22,53.84935760498047
2017-05-23,53.73932647705078
2017-05-24,53.94474411010742
2017-05-25,53.67328643798828
2017-05-26,53.21110153198242
2017-05-30,53.1890869140625
2017-05-31,53.21843719482422
2017-06-01,53.52656173706055
2017-06-02,54.1354866027832
2017-06-05,53.900726318359375
2017-06-06,53.57792663574219
2017-06-07,53.687965393066406
2017-06-08,53.4825553894043
2017-06-09,53.88603591918945
2017-06-12,54.31890106201172
2017-06-13,54.39225387573242
2017-06-14,54.61235046386719
2017-06-15,54.781097412109375
2017-06-16,55.46338653564453
2017-06-19,55.940250396728516
2017-06-20,56.431793212890625
2017-06-21,56.600528717041016
2017-06-22,56.84996795654297
2017-06-23,56.805938720703125
2017-06-26,56.97468948364258
2017-06-27,56.123653411865234
2017-06-28,56.145652770996094
2017-06-29,54.656375885009766
2017-06-30,54.91313552856445
2017-07-03,55.58075714111328
2017-07-05,55.0892333984375
2017-07-06,53.60726547241211
2017-07-07,53.4825553894043
2017-07-10,53.21110153198242
2017-07-11,53.2697868347168
2017-07-12,54.076786041259766
2017-07-13,53.775997161865234
2017-07-14,54.106143951416016
2017-07-17,54.17949676513672
2017-07-18,54.32622528076172
2017-07-19,54.384925842285156
2017-07-20,54.06944274902344
2017-07-21,54.238197326660156
2017-07-24,53.665958404541016
2017-07-25,53.56325149536133
2017-07-26,53.76866149902344
2017-07-27,53.40185546875
2017-07-28,53.60726547241211
2017-07-31,53.842041015625
2017-08-01,53.057037353515625
2017-08-02,53.137725830078125
2017-08-03,53.59992218017578
2017-08-04,53.332645416259766
2017-08-07,53.39945983886719
2017-08-08,53.414302825927734
2017-08-09,52.89456558227539
2017-08-10,52.41936492919922
2017-08-11,52.2708854675293
2017-08-14,53.27323913574219
2017-08-15,52.89456558227539
2017-08-16,53.4588623046875
2017-08-17,52.790618896484375
2017-08-18,52.45650100708008
2017-08-21,53.44401931762695
2017-08-22,52.66439437866211
2017-08-23,53.147010803222656
2017-08-24,53.02078628540039
2017-08-25,53.39945983886719
2017-08-28,52.89456558227539
2017-08-29,53.40687942504883
2017-08-30,53.8375244140625
2017-08-31,54.364688873291016
2017-09-01,54.69878387451172
2017-09-05,54.98836135864258
2017-09-06,54.69878387451172
2017-09-07,54.93638610839844
2017-09-08,55.4412841796875
2017-09-11,55.95361328125
2017-09-12,55.196266174316406
2017-09-13,55.01806640625
2017-09-14,55.27794647216797
2017-09-15,55.367042541503906
2017-09-18,55.173980712890625
2017-09-19,54.520606994628906
2017-09-20,54.34984588623047
2017-09-21,53.60735321044922
2017-09-22,52.68666076660156
2017-09-25,52.946529388427734
2017-09-26,53.317787170410156
2017-09-27,51.90706253051758
2017-09-28,52.40452575683594
2017-09-29,52.18177795410156
2017-10-02,51.639766693115234
2017-10-03,51.55809020996094
2017-10-04,50.956687927246094
2017-10-05,50.874996185302734
2017-10-06,50.74879837036133
2017-10-09,50.67454147338867
2017-10-10,50.496341705322266
2017-10-11,50.444374084472656
2017-10-12,50.496341705322266
2017-10-13,50.637413024902344
2017-10-16,50.54090118408203
2017-10-17,50.6299934387207
2017-10-18,50.719085693359375
2017-10-19,50.62256622314453
2017-10-20,50.615135192871094
2017-10-23,50.110252380371094
2017-10-24,49.635047912597656
2017-10-25,49.15245056152344
2017-10-26,48.825767517089844
2017-10-27,49.8652229309082
2017-10-30,49.90234375
2017-10-31,49.71672058105469
2017-11-01,49.76127243041992
2017-11-02,50.281028747558594
2017-11-03,50.60029602050781
2017-11-06,51.14179992675781
2017-11-07,51.58551788330078
2017-11-08,51.70586013793945
2017-11-09,51.35238265991211
2017-11-10,51.23204040527344
2017-11-13,51.38246536254883
2017-11-14,51.20948028564453
2017-11-15,50.94624710083008
2017-11-16,51.09667205810547
2017-11-17,51.1117057800293
2017-11-20,51.08913803100586
2017-11-21,51.35989761352539
2017-11-22,51.26964569091797
2017-11-24,51.33734130859375
2017-11-27,50.743194580078125
2017-11-28,50.47993850708008
2017-11-29,50.60029983520508
2017-11-30,50.73567581176758
2017-12-01,51.1117057800293
2017-12-04,50.487483978271484
2017-12-05,49.72787857055664
2017-12-06,49.8557243347168
2017-12-07,49.78052520751953
2017-12-08,49.87827682495117
2017-12-11,49.57746124267578
2017-12-12,49.72787857055664
2017-12-13,49.94597244262695
2017-12-14,49.8557243347168
2017-12-15,50.34457015991211
2017-12-18,50.64540481567383
2017-12-19,48.49445724487305
2017-12-20,47.87774658203125
2017-12-21,47.74236297607422
2017-12-22,47.68220520019531
2017-12-26,47.74988555908203
2017-12-27,47.58442306518555
2017-12-28,47.92287063598633
2017-12-29,47.96047592163086
2018-01-02,48.15601348876953
2018-01-03,48.238746643066406
2018-01-04,47.20085906982422
2018-01-05,46.90755844116211
2018-01-08,47.0730094909668
2018-01-09,46.15546417236328
2018-01-10,45.659088134765625
2018-01-11,45.25295639038086
2018-01-12,44.493350982666016
2018-01-16,44.568565368652344
2018-01-17,45.20783996582031
2018-01-18,44.591129302978516
2018-01-19,44.591129302978516
2018-01-22,44.6212158203125
2018-01-23,45.36577224731445
2018-01-24,45.53123474121094
2018-01-25,45.75686264038086
2018-01-26,45.568851470947266
2018-01-29,44.764102935791016
2018-01-30,44.0195426940918
2018-01-31,45.102542877197266
2018-02-01,43.651023864746094
2018-02-02,43.959381103515625
2018-02-05,42.5153694152832
2018-02-06,43.026790618896484
2018-02-07,42.530418395996094
2018-02-08,41.116493225097656
2018-02-09,41.725685119628906
2018-02-12,41.465911865234375
2018-02-13,42.08479690551758
2018-02-14,41.374210357666016
2018-02-15,42.153564453125
2018-02-16,42.62728500366211
2018-02-20,41.8708610534668
2018-02-21,41.25196838378906
2018-02-22,41.060951232910156
2018-02-23,41.572872161865234
2018-02-26,41.565242767333984
2018-02-27,39.899574279785156
2018-02-28,40.113487243652344
2018-03-01,40.22811508178711
2018-03-02,40.44205093383789
2018-03-05,41.31309509277344
2018-03-06,40.3885612487793
2018-03-07,41.23667907714844
2018-03-08,40.931060791015625
2018-03-09,40.92341995239258
2018-03-12,41.81737518310547
2018-03-13,41.07622146606445
2018-03-14,40.900489807128906
2018-03-15,41.0685920715332
2018-03-16,41.259605407714844
2018-03-19,40.686553955078125
2018-03-20,40.61014938354492
2018-03-21,40.07529830932617
2018-03-22,40.304508209228516
2018-03-23,39.75439453125
2018-03-26,39.838436126708984
2018-03-27,40.709476470947266
2018-03-28,41.91669845581055
2018-03-29,41.58815383911133
2018-04-02,41.23667907714844
2018-04-03,41.0685920715332
2018-04-04,42.14591598510742
2018-04-05,41.81737518310547
2018-04-06,42.03131866455078
2018-04-09,41.634002685546875
2018-04-10,41.259605407714844
2018-04-11,41.25196838378906
2018-04-12,40.14406967163086
2018-04-13,40.21284484863281
2018-04-16,40.14406967163086
2018-04-17,40.785888671875
2018-04-18,40.37329864501953
2018-04-19,39.67034149169922
2018-04-20,39.10493087768555
2018-04-23,38.722896575927734
2018-04-24,38.98268508911133
2018-04-25,38.60065841674805
2018-04-26,38.210975646972656
2018-04-27,40.40385818481445
2018-04-30,40.831722259521484
2018-05-01,41.91669845581055
2018-05-02,42.06187438964844
2018-05-03,42.39806365966797
2018-05-04,42.92527389526367
2018-05-07,43.23570251464844
2018-05-08,42.79332733154297
2018-05-09,42.97959518432617
2018-05-10,43.56942367553711
2018-05-11,43.654788970947266
2018-05-14,43.08049392700195
2018-05-15,42.56050109863281
2018-05-16,42.56050109863281
2018-05-17,41.85427474975586
2018-05-18,42.118141174316406
2018-05-21,42.824378967285156
2018-05-22,43.21241760253906
2018-05-23,44.06610870361328
2018-05-24,43.654788970947266
2018-05-25,44.13595199584961
2018-05-29,44.260135650634766
2018-05-30,44.65593719482422
2018-05-31,44.741310119628906
2018-06-01,45.02845764160156
2018-06-04,44.83444595336914
2018-06-05,44.5550537109375
2018-06-06,44.64817810058594
2018-06-07,44.694740295410156
2018-06-08,45.005184173583984
2018-06-11,45.24576187133789
2018-06-12,45.25352478027344
2018-06-13,44.10492706298828
2018-06-14,44.733551025390625
2018-06-15,44.62489700317383
2018-06-18,44.23685073852539
2018-06-19,44.39982986450195
2018-06-20,45.30785369873047
2018-06-21,45.633811950683594
2018-06-22,45.827823638916016
2018-06-25,46.021846771240234
2018-06-26,46.13050842285156
2018-06-27,46.495262145996094
2018-06-28,48.39666748046875
2018-06-29,48.65277862548828
2018-07-02,48.17937088012695
2018-07-03,48.815757751464844
2018-07-05,49.53752899169922
2018-07-06,49.979888916015625
2018-07-09,49.06410598754883
2018-07-10,49.087371826171875
2018-07-11,48.963218688964844
2018-07-12,49.017539978027344
2018-07-13,48.645023345947266
2018-07-16,48.575164794921875
2018-07-17,48.22593307495117
2018-07-18,47.962066650390625
2018-07-19,48.714866638183594
2018-07-20,49.273651123046875
2018-07-23,49.45990753173828
2018-07-24,49.079627990722656
2018-07-25,49.64616012573242
2018-07-26,49.910037994384766
2018-07-27,47.969825744628906
2018-07-30,47.88444519042969
2018-07-31,48.58293533325195
2018-08-01,48.8623161315918
2018-08-02,49.025299072265625
2018-08-03,49.91780090332031
2018-08-06,49.862728118896484
2018-08-07,50.216766357421875
2018-08-08,49.94926834106445
2018-08-09,49.925662994384766
2018-08-10,49.67390441894531
2018-08-13,49.83911895751953
2018-08-14,50.33477020263672
2018-08-15,51.40470504760742
2018-08-16,51.67219924926758
2018-08-17,52.474647521972656
2018-08-20,52.41958999633789
2018-08-21,52.230770111083984
2018-08-22,52.12849426269531
2018-08-23,51.8531379699707
2018-08-24,51.87675094604492
2018-08-27,51.8531379699707
2018-08-28,52.56119155883789
2018-08-29,52.45892333984375
2018-08-30,52.380252838134766
2018-08-31,52.482513427734375
2018-09-04,52.104896545410156
2018-09-05,52.923099517822266
2018-09-06,53.07256317138672
2018-09-07,52.230770111083984
2018-09-10,52.60053253173828
2018-09-11,52.5926628112793
2018-09-12,52.451053619384766
2018-09-13,52.82868576049805
2018-09-14,52.24651336669922
2018-09-17,52.56119155883789
2018-09-18,52.270103454589844
2018-09-19,51.52271270751953
2018-09-20,51.58565902709961
2018-09-21,51.53058624267578
2018-09-24,50.31903076171875
2018-09-25,50.783199310302734
2018-09-26,49.53229904174805
2018-09-27,49.60310745239258
2018-09-28,50.60225296020508
2018-10-01,49.79978942871094
2018-10-02,49.57164001464844
2018-10-03,48.698368072509766
2018-10-04,48.94225311279297
2018-10-05,48.965858459472656
2018-10-08,49.72111511230469
2018-10-09,50.33477020263672
2018-10-10,50.31903076171875
2018-10-11,48.564632415771484
2018-10-12,48.46235275268555
2018-10-15,48.698368072509766
2018-10-16,49.658180236816406
2018-10-17,49.87059783935547
2018-10-18,49.925662994384766
2018-10-19,50.72026824951172
2018-10-22,49.831260681152344
2018-10-23,50.49211120605469
2018-10-24,51.75874710083008
2018-10-25,52.14423751831055
2018-10-26,51.25522232055664
2018-10-29,51.908226013183594
2018-10-30,54.66962432861328
2018-10-31,51.97901916503906
2018-11-01,53.10404968261719
2018-11-02,51.813804626464844
2018-11-05,53.324317932128906
2018-11-06,54.3785400390625
2018-11-07,54.36280822753906
2018-11-08,54.64167022705078
2018-11-09,55.35875701904297
2018-11-12,55.669490814208984
2018-11-13,55.43842697143555
2018-11-14,55.85273361206055
2018-11-15,55.366722106933594
2018-11-16,56.03600311279297
2018-11-19,56.02005386352539
2018-11-20,56.004119873046875
2018-11-21,55.38265609741211
2018-11-23,55.60575485229492
2018-11-26,55.709327697753906
2018-11-27,56.3626594543457
2018-11-28,56.84868240356445
2018-11-29,56.91242599487305
2018-11-30,57.629512786865234
2018-12-03,57.88446807861328
2018-12-04,57.470184326171875
2018-12-06,59.53374481201172
2018-12-07,58.744964599609375
2018-12-10,58.17132568359375
2018-12-11,58.20317459106445
2018-12-12,57.143489837646484
2018-12-13,57.605621337890625
2018-12-14,57.63747024536133
2018-12-17,56.34672546386719
2018-12-18,56.88054275512695
2018-12-19,56.665428161621094
2018-12-20,56.6813850402832
2018-12-21,56.09973907470703
2018-12-24,52.93660354614258
2018-12-26,55.05599594116211
2018-12-27,55.19144058227539
2018-12-28,55.2711067199707
2018-12-31,55.302982330322266
2019-01-02,53.61384582519531
2019-01-03,54.601837158203125
2019-01-04,54.40263366699219
2019-01-07,55.04800796508789
2019-01-08,56.02005386352539
2019-01-09,55.518096923828125
2019-01-10,56.76104736328125
2019-01-11,56.93633270263672
2019-01-14,56.70526885986328
2019-01-15,57.67732620239258
2019-01-16,57.83665084838867
2019-01-17,57.932289123535156
2019-01-18,58.195213317871094
2019-01-22,58.490020751953125
2019-01-23,59.09556198120117
2019-01-24,59.20710372924805
2019-01-25,59.70906066894531
2019-01-28,60.12336730957031
2019-01-29,60.545654296875
2019-01-30,61.03166961669922
2019-01-31,61.74077224731445
2019-02-01,60.80059814453125
2019-02-04,61.46989059448242
2019-02-05,61.71686553955078
2019-02-06,61.15119552612305
2019-02-07,61.39021301269531
2019-02-08,61.5176887512207
2019-02-11,61.69297409057617
2019-02-12,61.071502685546875
2019-02-13,61.79655456542969
2019-02-14,61.724853515625
2019-02-15,61.836421966552734
2019-02-19,61.15916061401367
2019-02-20,60.35443115234375
2019-02-21,59.99977493286133
2019-02-22,60.80579376220703
2019-02-25,59.967529296875
2019-02-26,60.08843994140625
2019-02-27,60.08038330078125
2019-02-28,59.8950080871582
2019-03-01,59.65319061279297
2019-03-04,60.096500396728516
2019-03-05,60.33829879760742
2019-03-06,59.90306854248047
2019-03-07,60.531742095947266
2019-03-08,60.426963806152344
2019-03-11,61.63597869873047
2019-03-12,61.9503288269043
2019-03-13,62.36945724487305
2019-03-14,62.77248001098633
2019-03-15,62.296932220458984
2019-03-18,61.071781158447266
2019-03-19,60.668766021728516
2019-03-20,60.854156494140625
2019-03-21,62.603206634521484
2019-03-22,62.7241096496582
2019-03-25,63.191593170166016
2019-03-26,63.44953155517578
2019-03-27,62.92561721801758
2019-03-28,63.33667755126953
2019-03-29,62.54677200317383
2019-04-01,62.111515045166016
2019-04-02,62.57903289794922
2019-04-03,62.27275085449219
2019-04-04,61.708534240722656
2019-04-05,61.853614807128906
2019-04-08,61.0556640625
2019-04-09,61.0879020690918
2019-04-10,61.676292419433594
2019-04-11,61.676292419433594
2019-04-12,61.63597869873047
2019-04-15,61.619876861572266
2019-04-16,59.4275016784668
2019-04-17,58.24267578125
2019-04-18,59.032554626464844
2019-04-22,57.83967208862305
2019-04-23,58.59730911254883
2019-04-24,59.193756103515625
2019-04-25,59.44363021850586
2019-04-26,60.08038330078125
2019-04-29,58.83106231689453
2019-04-30,60.07231521606445
2019-05-01,60.34637451171875
2019-05-02,60.733253479003906
2019-05-03,61.619876861572266
2019-05-06,61.25716781616211
2019-05-07,60.75741195678711
2019-05-08,60.68488693237305
2019-05-09,61.321659088134766
2019-05-10,62.4903564453125
2019-05-13,63.33000183105469
2019-05-14,63.64790725708008
2019-05-15,64.14515686035156
2019-05-16,64.78911590576172
2019-05-17,65.24562072753906
2019-05-20,64.58531951904297
2019-05-21,65.21300506591797
2019-05-22,65.3923568725586
2019-05-23,66.31348419189453
2019-05-24,66.49280548095703
2019-05-28,65.30267333984375
2019-05-29,64.97660064697266
2019-05-30,65.8325424194336
2019-05-31,66.2074966430664
2019-06-03,66.85147094726562
2019-06-04,65.26190948486328
2019-06-05,66.8270263671875
2019-06-06,67.31612396240234
2019-06-07,67.84597778320312
2019-06-10,67.153076171875
2019-06-11,66.9330062866211
2019-06-12,67.06343078613281
2019-06-13,67.11235046386719
2019-06-14,67.07158660888672
2019-06-17,68.15574645996094
2019-06-18,67.69109344482422
2019-06-19,68.31062316894531
2019-06-20,68.98721313476562
2019-06-21,68.18836212158203
2019-06-24,68.53070831298828
2019-06-25,67.90303802490234
2019-06-26,66.08525085449219
2019-06-27,66.541748046875
2019-06-28,66.46019744873047
2019-07-01,66.63140106201172
2019-07-02,68.61224365234375
2019-07-03,69.50891876220703
2019-07-05,68.65300750732422
2019-07-08,69.50078582763672
2019-07-09,70.18550109863281
2019-07-10,70.69090270996094
2019-07-11,69.42739868164062
2019-07-12,69.08502960205078
2019-07-15,68.80787658691406
2019-07-16,69.00352478027344
2019-07-17,68.88124084472656
2019-07-18,69.16656494140625
2019-07-19,67.69925689697266
2019-07-22,67.69925689697266
2019-07-23,68.24542236328125
2019-07-24,67.73184967041016
2019-07-25,67.35688018798828
2019-07-26,67.76446533203125
2019-07-29,68.23725891113281
2019-07-30,68.43290710449219
2019-07-31,67.75631713867188
2019-08-01,68.22911834716797
2019-08-02,69.09318542480469
2019-08-05,69.15840911865234
2019-08-06,69.623046875
2019-08-07,71.12294006347656
2019-08-08,71.66093444824219
2019-08-09,71.96256256103516
2019-08-12,71.72615814208984
2019-08-13,71.6120376586914
2019-08-14,71.2662582397461
2019-08-15,72.6823501586914
2019-08-16,73.10223388671875
2019-08-19,73.62091827392578
2019-08-20,72.90464782714844
2019-08-21,73.2175064086914
2019-08-22,73.19283294677734
2019-08-23,72.24600219726562
2019-08-26,72.94580841064453
2019-08-27,73.2422103881836
2019-08-28,73.18458557128906
2019-08-29,73.8349838256836
2019-08-30,73.7362060546875
2019-09-03,75.23461151123047
2019-09-04,76.12379455566406
2019-09-05,74.99586486816406
2019-09-06,75.24286651611328
2019-09-09,74.2713394165039
2019-09-10,72.35301208496094
2019-09-11,72.18836975097656
2019-09-12,71.99900817871094
2019-09-13,70.4017562866211
2019-09-16,71.57086944580078
2019-09-17,73.52213287353516
2019-09-18,73.17633056640625
2019-09-19,73.52213287353516
2019-09-20,73.1104736328125
2019-09-23,73.32453155517578
2019-09-24,73.41509246826172
2019-09-25,73.41509246826172
2019-09-26,74.60892486572266
2019-09-27,74.33721923828125
2019-09-30,74.63362121582031
2019-10-01,73.65383911132812
2019-10-02,73.9173355102539
2019-10-03,75.1934814453125
2019-10-04,75.71214294433594
2019-10-07,75.36636352539062
2019-10-08,75.06998443603516
2019-10-09,75.20993041992188
2019-10-10,75.41574096679688
2019-10-11,75.06998443603516
2019-10-14,75.57218170166016
2019-10-15,75.24286651611328
2019-10-16,74.93821716308594
2019-10-17,75.06998443603516
2019-10-18,75.81920623779297
2019-10-21,75.91799926757812
2019-10-22,75.67922973632812
2019-10-23,75.02056884765625
2019-10-24,74.7900390625
2019-10-25,72.41889953613281
2019-10-28,71.66143798828125
2019-10-29,73.63739013671875
2019-10-30,74.47718048095703
2019-10-31,74.66651916503906
2019-11-01,74.12315368652344
2019-11-04,71.53794860839844
2019-11-05,70.43468475341797
2019-11-06,69.87484741210938
2019-11-07,68.54106140136719
2019-11-08,68.23643493652344
2019-11-11,68.4258041381836
2019-11-12,68.46741485595703
2019-11-13,69.1413345336914
2019-11-14,69.54903411865234
2019-11-15,69.8818588256836
2019-11-18,70.57242584228516
2019-11-19,70.8053970336914
2019-11-20,70.58908081054688
2019-11-21,69.47415924072266
2019-11-22,69.59896087646484
2019-11-25,69.21622467041016
2019-11-26,70.35610961914062
2019-11-27,71.4044418334961
2019-11-29,70.36441802978516
2019-12-02,69.24951934814453
2019-12-03,69.8319320678711
2019-12-04,69.70709991455078
2019-12-05,69.9400863647461
2019-12-06,69.69879913330078
2019-12-09,69.17462921142578
2019-12-10,68.80020904541016
2019-12-11,67.53553771972656
2019-12-12,65.83820343017578
2019-12-13,65.4554672241211
2019-12-16,65.4554672241211
2019-12-17,64.39881134033203
2019-12-18,65.22248840332031
2019-12-19,65.77165222167969
2019-12-20,66.8948745727539
2019-12-23,66.43727111816406
2019-12-24,66.50382995605469
2019-12-26,66.96144104003906
2019-12-27,67.36080169677734
2019-12-30,67.40242004394531
2019-12-31,68.04303741455078
2020-01-02,66.67854309082031
2020-01-03,67.85169982910156
2020-01-06,68.88341522216797
2020-01-07,68.43411254882812
2020-01-08,68.45076751708984
2020-01-09,68.60885620117188
2020-01-10,68.8917465209961
2020-01-13,69.94842529296875
2020-01-14,69.91513061523438
2020-01-15,70.68059539794922
2020-01-16,72.0118408203125
2020-01-17,71.87873077392578
2020-01-21,73.0518569946289
2020-01-22,71.5542221069336
2020-01-23,72.58592224121094
2020-01-24,72.34463500976562
2020-01-27,72.2780990600586
2020-01-28,72.17823791503906
2020-01-29,71.99520111083984
2020-01-30,71.05500793457031
2020-01-31,70.64730834960938
2020-02-03,70.27288818359375
2020-02-04,70.68059539794922
2020-02-05,69.89849090576172
2020-02-06,70.44764709472656
2020-02-07,69.99832916259766
2020-02-10,70.8220443725586
2020-02-11,70.63898468017578
2020-02-12,71.43775177001953
2020-02-13,72.96867370605469
2020-02-14,74.31655883789062
2020-02-18,74.74919891357422
2020-02-19,73.00193786621094
2020-02-20,73.23491668701172
2020-02-21,73.2012939453125
2020-02-24,72.79793548583984
2020-02-25,69.7223129272461
2020-02-26,67.83158111572266
2020-02-27,63.512271881103516
2020-02-28,62.87360382080078
2020-03-02,63.243377685546875
2020-03-03,64.71395111083984
2020-03-04,66.93241882324219
2020-03-05,64.00807189941406
2020-03-06,62.15092849731445
2020-03-09,54.52071762084961
2020-03-10,54.2938346862793
2020-03-11,47.4703369140625
2020-03-12,38.61324691772461
2020-03-13,43.092220306396484
2020-03-16,32.57966613769531
2020-03-17,32.46201705932617
2020-03-18,27.91582489013672
2020-03-19,34.386375427246094
2020-03-20,35.64687728881836
2020-03-23,36.54602813720703
2020-03-24,38.125858306884766
2020-03-25,38.78971481323242
2020-03-26,42.36112976074219
2020-03-27,41.76449203491211
2020-03-30,39.6468620300293
2020-03-31,38.47038650512695
2020-04-01,34.117462158203125
2020-04-02,32.59647750854492
2020-04-03,31.31076431274414
2020-04-06,35.72250747680664
2020-04-07,37.310733795166016
2020-04-08,43.352718353271484
2020-04-09,47.56277847290039
2020-04-13,44.100608825683594
2020-04-14,44.831695556640625
2020-04-15,40.781288146972656
2020-04-16,39.6972770690918
2020-04-17,41.260284423828125
2020-04-20,38.13425064086914
2020-04-21,36.747711181640625
2020-04-22,37.218299865722656
2020-04-23,36.22669982910156
2020-04-24,37.0250244140625
2020-04-27,38.60484313964844
2020-04-28,41.226688385009766
2020-04-29,44.15103530883789
2020-04-30,43.050201416015625
2020-05-01,39.77290344238281
2020-05-04,40.604827880859375
2020-05-05,40.503990173339844
2020-05-06,38.08383560180664
2020-05-07,35.2939338684082
2020-05-08,37.43677520751953
2020-05-11,35.3443603515625
2020-05-12,33.41999816894531
2020-05-13,31.898998260498047
2020-05-14,33.89897918701172
2020-05-15,34.159488677978516
2020-05-18,38.50193405151367
2020-05-19,38.5616569519043
2020-05-20,39.030887603759766
2020-05-21,39.60247039794922
2020-05-22,40.79686737060547
2020-05-26,43.612205505371094
2020-05-27,44.269126892089844
2020-05-28,43.799903869628906
2020-05-29,43.228302001953125
2020-06-01,45.27582931518555
2020-06-02,46.73468017578125
2020-06-03,50.30931091308594
2020-06-04,50.087501525878906
2020-06-05,52.55305099487305
2020-06-08,52.59571075439453
2020-06-09,50.84678268432617
2020-06-10,47.579280853271484
2020-06-11,43.799903869628906
2020-06-12,47.127132415771484
2020-06-15,47.87788391113281
2020-06-16,49.174644470214844
2020-06-17,47.79257583618164
2020-06-18,47.613399505615234
2020-06-19,43.50982666015625
2020-06-22,43.83402633666992
2020-06-23,43.91933822631836
2020-06-24,42.127750396728516
2020-06-25,42.83586120605469
2020-06-26,42.43488693237305
2020-06-29,43.731651306152344
2020-06-30,44.149688720703125
2020-07-01,45.76211166381836
2020-07-02,44.900447845458984
2020-07-06,44.627445220947266
2020-07-07,42.61404037475586
2020-07-08,42.68229675292969
2020-07-09,41.97419357299805
2020-07-10,43.12592697143555
2020-07-13,42.673770904541016
2020-07-14,42.60551071166992
2020-07-15,43.54396438598633
2020-07-16,42.5543327331543
2020-07-17,43.501312255859375
2020-07-20,42.05950164794922
2020-07-21,42.21307373046875
2020-07-22,44.644500732421875
2020-07-23,44.3117790222168
2020-07-24,43.86814498901367
2020-07-27,43.51835250854492
2020-07-28,45.335540771484375
2020-07-29,46.65789794921875
2020-07-30,46.51286315917969
2020-07-31,45.6938591003418
2020-08-03,45.10518264770508
2020-08-04,45.46350860595703
2020-08-05,45.34406661987305
2020-08-06,48.12528610229492
2020-08-07,48.78220748901367
2020-08-10,49.00401306152344
2020-08-11,48.31297302246094
2020-08-12,48.551856994628906
2020-08-13,47.76697540283203
2020-08-14,48.415348052978516
2020-08-17,48.277374267578125
2020-08-18,47.38047409057617
2020-08-19,46.52669143676758
2020-08-20,47.501216888427734
2020-08-21,48.40673828125
2020-08-24,49.51924133300781
2020-08-25,49.66583251953125
2020-08-26,48.165260314941406
2020-08-27,49.95042419433594
2020-08-28,51.26991653442383
2020-08-31,49.605472564697266
2020-09-01,50.13153839111328
2020-09-02,51.75285720825195
2020-09-03,52.13231658935547
2020-09-04,52.71012878417969
2020-09-08,51.787353515625
2020-09-09,52.51176452636719
2020-09-10,51.623512268066406
2020-09-11,50.769718170166016
2020-09-14,51.847721099853516
2020-09-15,52.356536865234375
2020-09-16,51.63211441040039
2020-09-17,49.82969284057617
2020-09-18,48.68269729614258
2020-09-21,46.73366928100586
2020-09-22,47.18212127685547
2020-09-23,44.81050491333008
2020-09-24,44.73289108276367
2020-09-25,45.931636810302734
2020-09-28,46.906150817871094
2020-09-29,47.001007080078125
2020-09-30,47.50983810424805
2020-10-01,48.656829833984375
2020-10-02,49.96767807006836
2020-10-05,49.562355041503906
2020-10-06,48.86380386352539
2020-10-07,48.380855560302734
2020-10-08,49.34674835205078
2020-10-09,48.56197738647461
2020-10-12,48.1825065612793
2020-10-13,46.794036865234375
2020-10-14,46.45770263671875
2020-10-15,47.47533416748047
2020-10-16,46.811283111572266
2020-10-19,45.34519958496094
2020-10-20,46.64741897583008
2020-10-21,46.31970977783203
2020-10-22,47.64781188964844
2020-10-23,48.51883316040039
2020-10-26,48.035892486572266
2020-10-27,46.59568405151367
2020-10-28,45.06922149658203
2020-10-29,47.113128662109375
2020-10-30,46.371463775634766
2020-11-02,48.932804107666016
2020-11-03,50.89045333862305
2020-11-04,49.148399353027344
2020-11-05,49.02766418457031
2020-11-06,47.863426208496094
2020-11-09,58.126712799072266
2020-11-10,59.155662536621094
2020-11-11,57.13264465332031
2020-11-12,55.44099807739258
2020-11-13,57.17625427246094
2020-11-16,57.917442321777344
2020-11-17,57.507598876953125
2020-11-18,55.65899658203125
2020-11-19,56.85361099243164
2020-11-20,56.25194549560547
2020-11-23,55.5281867980957
2020-11-24,57.089054107666016
2020-11-25,56.90593338012695
2020-11-27,56.27810287475586
2020-11-30,54.91779708862305
2020-12-01,55.362510681152344
2020-12-02,54.481807708740234
2020-12-03,55.10091781616211
2020-12-04,55.98162078857422
2020-12-07,57.30704879760742
2020-12-08,56.6356086730957
2020-12-09,56.696651458740234
2020-12-10,55.83338928222656
2020-12-11,56.025230407714844
2020-12-14,55.14451599121094
2020-12-15,57.43784713745117
2020-12-16,57.97847366333008
2020-12-17,57.507598876953125
2020-12-18,55.82466506958008
2020-12-21,54.63005447387695
2020-12-22,54.647483825683594
2020-12-23,54.377166748046875
2020-12-24,55.388668060302734
2020-12-28,54.909080505371094
2020-12-29,55.092201232910156
2020-12-30,55.63283157348633
2020-12-31,56.34786605834961
2021-01-04,53.71445846557617
2021-01-05,54.028377532958984
2021-01-06,56.3129768371582
2021-01-07,55.196842193603516
2021-01-08,54.65620040893555
2021-01-11,53.34821701049805
2021-01-12,53.26974105834961
2021-01-13,55.64154815673828
2021-01-14,55.423553466796875
2021-01-15,56.025230407714844
2021-01-19,53.19126510620117
2021-01-20,54.17660903930664
2021-01-21,53.93245315551758
2021-01-22,54.99627685546875
2021-01-25,54.551570892333984
2021-01-26,53.88014221191406
2021-01-27,52.13615036010742
2021-01-28,53.87141418457031
2021-01-29,52.84246826171875
2021-02-01,54.50796127319336
2021-02-02,54.21147537231445
2021-02-03,54.14173889160156
2021-02-04,55.7287483215332
2021-02-05,55.82466506958008
2021-02-08,55.11835479736328
2021-02-09,55.13579177856445
2021-02-10,56.61817169189453
2021-02-11,57.9261474609375
2021-02-12,58.86790084838867
2021-02-16,58.57143020629883
2021-02-17,58.676055908203125
2021-02-18,59.443416595458984
2021-02-19,60.173702239990234
2021-02-22,61.493492126464844
2021-02-23,62.118186950683594
2021-02-24,64.75778198242188
2021-02-25,61.83664321899414
2021-02-26,59.74256134033203
2021-03-01,60.25289535522461
2021-03-02,60.37607955932617
2021-03-03,60.72800827026367
2021-03-04,61.35272216796875
2021-03-05,61.81905746459961
2021-03-08,63.55237579345703
2021-03-09,64.0186996459961
2021-03-10,65.08332824707031
2021-03-11,64.55541229248047
2021-03-12,65.21530151367188
2021-03-15,65.5936508178711
2021-03-16,64.15067291259766
2021-03-17,64.83696746826172
2021-03-18,63.21800231933594
2021-03-19,62.223785400390625
2021-03-22,62.47014236450195
2021-03-23,62.461341857910156
2021-03-24,62.628509521484375
2021-03-25,62.61091613769531
2021-03-26,64.57300567626953
2021-03-29,63.06842803955078
2021-03-30,64.16827392578125
2021-03-31,63.02444839477539
2021-04-01,64.44982147216797
2021-04-05,64.05389404296875
2021-04-06,65.25050354003906
2021-04-07,66.16557312011719
2021-04-08,66.53511047363281
2021-04-09,66.08638000488281
2021-04-12,66.33272552490234
2021-04-13,66.6846694946289
2021-04-14,66.06876373291016
2021-04-15,67.08940124511719
2021-04-16,66.59669494628906
2021-04-19,65.88399505615234
2021-04-20,66.97502899169922
2021-04-21,67.18620300292969
2021-04-22,66.54388427734375
2021-04-23,66.37672424316406
2021-04-26,66.77265167236328
2021-04-27,67.282958984375
2021-04-28,66.44709777832031
2021-04-29,66.93983459472656
2021-04-30,66.01597595214844
2021-05-03,67.30056762695312
2021-05-04,65.910400390625
2021-05-05,63.92189025878906
2021-05-06,64.67859649658203
2021-05-07,65.72563171386719
2021-05-10,65.92078399658203
2021-05-11,64.8385238647461
2021-05-12,63.01994323730469
2021-05-13,63.942543029785156
2021-05-14,64.95384216308594
2021-05-17,64.86512756347656
2021-05-18,64.8740005493164
2021-05-19,64.59900665283203
2021-05-20,65.14900207519531
2021-05-21,65.00707244873047
2021-05-24,66.23128509521484
2021-05-25,66.38208770751953
2021-05-26,66.5240249633789
2021-05-27,65.73450469970703
2021-05-28,66.328857421875
2021-06-01,68.04096984863281
2021-06-02,69.0345230102539
2021-06-03,68.04983520507812
2021-06-04,67.8191909790039
2021-06-07,68.19178009033203
2021-06-08,69.3272705078125
2021-06-09,69.93937683105469
2021-06-10,70.20550537109375
2021-06-11,70.68453979492188
2021-06-14,72.04180145263672
2021-06-15,71.99745178222656
2021-06-16,71.6781005859375
2021-06-17,71.45634460449219
2021-06-18,69.64663696289062
2021-06-21,71.48292541503906
2021-06-22,72.9377670288086
2021-06-23,74.04666900634766
2021-06-24,74.03780364990234
2021-06-25,74.53457641601562
2021-06-28,73.59423828125
2021-06-29,73.9934310913086
2021-06-30,73.71845245361328
2021-07-01,74.27733612060547
2021-07-02,75.33296203613281
2021-07-06,75.52813720703125
2021-07-07,75.28861999511719
2021-07-08,75.3063735961914
2021-07-09,76.67251586914062
2021-07-12,77.6483383178711
2021-07-13,77.15154266357422
2021-07-14,78.24267578125
2021-07-15,78.59751892089844
2021-07-16,79.55559539794922
2021-07-19,74.89830017089844
2021-07-20,78.08299255371094
2021-07-21,78.05640411376953
2021-07-22,77.48863983154297
2021-07-23,77.85236358642578
2021-07-26,77.71041107177734
2021-07-27,78.30477905273438
2021-07-28,77.52411651611328
2021-07-29,77.82575225830078
2021-07-30,77.05393981933594
2021-08-02,76.53055572509766
2021-08-03,77.2757568359375
2021-08-04,75.4926528930664
2021-08-05,76.80558013916016
2021-08-06,75.56361389160156
2021-08-09,75.90070343017578
2021-08-10,75.43942260742188
2021-08-11,75.01052856445312
2021-08-12,74.8228988647461
2021-08-13,76.0470199584961
2021-08-16,76.18103790283203
2021-08-17,76.47589874267578
2021-08-18,75.32325744628906
2021-08-19,75.12670135498047
2021-08-20,75.25179290771484
2021-08-23,75.21604919433594
2021-08-24,75.48411560058594
2021-08-25,75.85045623779297
2021-08-26,75.65387725830078
2021-08-27,76.52058410644531
2021-08-30,76.6278076171875
2021-08-31,78.20934295654297
2021-09-01,78.79010772705078
2021-09-02,78.4058837890625
2021-09-03,77.51238250732422
2021-09-07,76.02913665771484
2021-09-08,76.8422622680664
2021-09-09,76.9405517578125
2021-09-10,77.4498291015625
2021-09-13,78.82585144042969
2021-09-14,78.21826934814453
2021-09-15,77.62854766845703
2021-09-16,78.45951843261719
2021-09-17,76.69036102294922
2021-09-20,76.61885833740234
2021-09-21,76.78863525390625
2021-09-22,76.34188079833984
2021-09-23,76.60991668701172
2021-09-24,74.42975616455078
2021-09-27,73.97406005859375
2021-09-28,74.25106048583984
2021-09-29,74.86756896972656
2021-09-30,73.62559509277344
2021-10-01,74.92119598388672
2021-10-04,74.81398010253906
2021-10-05,73.03587341308594
2021-10-06,74.34040832519531
2021-10-07,74.09916687011719
2021-10-08,73.88470458984375
2021-10-11,74.01873779296875
2021-10-12,74.42083740234375
2021-10-13,74.42083740234375
2021-10-14,75.01052856445312
2021-10-15,75.15349578857422
2021-10-18,74.48336791992188
2021-10-19,75.11775970458984
2021-10-20,75.57345581054688
2021-10-21,74.29573822021484
2021-10-22,72.41040802001953
2021-10-25,72.3568115234375
2021-10-26,71.86536407470703
2021-10-27,73.53624725341797
2021-10-28,73.92047882080078
2021-10-29,71.83856201171875
2021-11-01,73.67027282714844
2021-11-02,73.16990661621094
2021-11-03,74.0008773803711
2021-11-04,71.901123046875
2021-11-05,75.5913314819336
2021-11-08,75.73429870605469
2021-11-09,76.29718780517578
2021-11-10,77.74471282958984
2021-11-11,76.15424346923828
2021-11-12,76.4401626586914
2021-11-15,75.80120086669922
2021-11-16,75.59423828125
2021-11-17,77.59207153320312
2021-11-18,77.52908325195312
2021-11-19,75.76522064208984
2021-11-22,75.60322570800781
2021-11-23,77.19612121582031
2021-11-24,78.35702514648438
2021-11-26,73.72235870361328
2021-11-29,73.83037567138672
2021-11-30,71.65253448486328
2021-12-01,71.41854858398438
2021-12-02,73.86636352539062
2021-12-03,72.35446166992188
2021-12-06,74.73029327392578
2021-12-07,76.29617309570312
2021-12-08,77.12410736083984
2021-12-09,75.72921752929688
2021-12-10,74.43331909179688
2021-12-13,75.09026336669922
2021-12-14,73.9653549194336
2021-12-15,74.64929962158203
2021-12-16,74.7843017578125
2021-12-17,74.87428283691406
2021-12-20,72.29147338867188
2021-12-21,74.37031555175781
2021-12-22,74.65830993652344
2021-12-23,74.50530242919922
2021-12-27,75.63021850585938
2021-12-28,76.25118255615234
2021-12-29,76.59315490722656
2021-12-30,77.3041000366211
2021-12-31,77.18710327148438
2022-01-03,76.99810028076172
2022-01-04,79.31995391845703
2022-01-05,78.27603912353516
2022-01-06,78.86096954345703
2022-01-07,79.04096984863281
2022-01-10,78.77999877929688
2022-01-11,77.69107055664062
2022-01-12,77.6730728149414
2022-01-13,78.93296813964844
2022-01-14,78.75299072265625
2022-01-18,78.45601654052734
2022-01-19,76.97113800048828
2022-01-20,77.37610626220703
2022-01-21,78.75299072265625
2022-01-24,77.41209411621094
2022-01-25,76.97113800048828
2022-01-26,75.45923614501953
2022-01-27,75.072265625
2022-01-28,75.6482162475586
2022-01-31,77.9610366821289
2022-02-01,76.18818664550781
2022-02-02,76.35916137695312
2022-02-03,74.47830963134766
2022-02-04,72.3814697265625
2022-02-07,72.65145111083984
2022-02-08,71.98551177978516
2022-02-09,73.6143798828125
2022-02-10,72.60645294189453
2022-02-11,72.09349060058594
2022-02-14,71.697509765625
2022-02-15,73.0384292602539
2022-02-16,75.4952392578125
2022-02-17,73.92036437988281
2022-02-18,74.56831359863281
2022-02-22,74.65830993652344
2022-02-23,72.79544067382812
2022-02-24,73.81237030029297
2022-02-25,75.8731918334961
2022-02-28,75.50155639648438
2022-03-01,74.640380859375
2022-03-02,76.4624252319336
2022-03-03,77.38704681396484
2022-03-04,78.93714141845703
2022-03-07,78.7921142578125
2022-03-08,80.07025146484375
2022-03-09,80.4600601196289
2022-03-10,81.98295593261719
2022-03-11,82.68093872070312
2022-03-14,82.46339416503906
2022-03-15,81.76538848876953
2022-03-16,82.22771453857422
2022-03-17,83.40613555908203
2022-03-18,83.5511703491211
2022-03-21,84.03162384033203
2022-03-22,83.9590835571289
2022-03-23,84.14945983886719
2022-03-24,85.80834197998047
2022-03-25,87.22246551513672
2022-03-28,87.25872802734375
2022-03-29,89.11702728271484
2022-03-30,88.7091064453125
2022-03-31,87.14994812011719
2022-04-01,88.67284393310547
2022-04-04,88.536865234375
2022-04-05,86.74201965332031
2022-04-06,87.98391723632812
2022-04-07,87.28591918945312
2022-04-08,87.9113998413086
2022-04-11,87.35844421386719
2022-04-12,87.5306625366211
2022-04-13,87.83888244628906
2022-04-14,87.05023956298828
2022-04-18,87.46722412109375
2022-04-19,87.73011779785156
2022-04-20,88.39183044433594
2022-04-21,88.20146942138672
2022-04-22,86.06217193603516
2022-04-25,86.62418365478516
2022-04-26,86.35225677490234
2022-04-27,84.5211181640625
2022-04-28,85.60889434814453
2022-04-29,82.31836700439453
2022-05-02,81.69287872314453
2022-05-03,82.2095718383789
2022-05-04,81.78353118896484
2022-05-05,81.556884765625
2022-05-06,80.1609115600586
2022-05-09,78.91902160644531
2022-05-10,77.77682495117188
2022-05-11,78.85554504394531
2022-05-12,78.93714141845703
2022-05-13,80.10653686523438
2022-05-16,80.5416259765625
2022-05-17,81.27587890625
2022-05-18,79.97054290771484
2022-05-19,79.33600616455078
2022-05-20,79.8708267211914
2022-05-23,80.06251525878906
2022-05-24,80.71060943603516
2022-05-25,81.19439697265625
2022-05-26,80.85667419433594
2022-05-27,82.30802154541016
2022-05-31,81.32218170166016
2022-06-01,80.47329711914062
2022-06-02,81.12138366699219
2022-06-03,80.32723236083984
2022-06-06,79.54220581054688
2022-06-07,81.51388549804688
2022-06-08,78.48336029052734
2022-06-09,75.97313690185547
2022-06-10,74.91426086425781
2022-06-13,71.06222534179688
2022-06-14,70.69709014892578
2022-06-15,71.60990905761719
2022-06-16,70.92529296875
2022-06-17,70.87965393066406
2022-06-21,71.8198471069336
2022-06-22,72.81480407714844
2022-06-23,74.58566284179688
2022-06-24,76.091796875
2022-06-27,75.91835021972656
2022-06-28,75.65367126464844
2022-06-29,75.97313690185547
2022-06-30,75.16986083984375
2022-07-01,75.95488739013672
2022-07-05,75.17899322509766
2022-07-06,74.54914855957031
2022-07-07,74.59479522705078
2022-07-08,74.9507827758789
2022-07-11,74.9507827758789
2022-07-12,75.25200653076172
2022-07-13,74.76823425292969
2022-07-14,73.11604309082031
2022-07-15,74.13837432861328
2022-07-18,73.7458724975586
2022-07-19,74.96903991699219
2022-07-20,74.29354858398438
2022-07-21,74.23877716064453
2022-07-22,75.60801696777344
2022-07-25,76.78553009033203
2022-07-26,77.51577758789062
2022-07-27,77.15978240966797
2022-07-28,78.48336029052734
2022-07-29,78.81196594238281
2022-08-01,78.48336029052734
2022-08-02,76.37476348876953
2022-08-03,75.22463989257812
2022-08-04,73.93756103515625
2022-08-05,73.64546966552734
2022-08-08,74.48524475097656
2022-08-09,75.45283508300781
2022-08-10,76.04615020751953
2022-08-11,74.14750671386719
2022-08-12,75.48021697998047
2022-08-15,74.56741333007812
2022-08-16,73.6272201538086
2022-08-17,74.45787048339844
2022-08-18,73.02474975585938
2022-08-19,72.64136505126953
2022-08-22,72.79776763916016
2022-08-23,70.96723937988281
2022-08-24,71.29839324951172
2022-08-25,72.52178192138672
2022-08-26,71.13279724121094
2022-08-29,70.73726654052734
2022-08-30,70.01057434082031
2022-08-31,70.50729370117188
2022-09-01,70.44290924072266
2022-09-02,69.7530288696289
2022-09-06,70.16693878173828
2022-09-07,71.44556427001953
2022-09-08,70.24974060058594
2022-09-09,71.37197875976562
2022-09-12,71.98828887939453
2022-09-13,69.18269348144531
2022-09-14,68.05128479003906
2022-09-15,66.91064453125
2022-09-16,66.98423767089844
2022-09-19,65.53085327148438
2022-09-20,63.985496520996094
2022-09-21,63.46117401123047
2022-09-22,62.78046798706055
2022-09-23,61.363887786865234
2022-09-26,60.499210357666016
2022-09-27,59.156219482421875
2022-09-28,60.177268981933594
2022-09-29,58.2547607421875
2022-09-30,59.16542053222656
2022-10-03,60.140480041503906
2022-10-04,59.22060775756836
2022-10-05,57.32569885253906
2022-10-06,54.97085952758789
2022-10-07,53.90382385253906
2022-10-10,52.77238845825195
2022-10-11,53.50827407836914
2022-10-12,53.26911544799805
2022-10-13,54.428138732910156
2022-10-14,53.20471954345703
2022-10-17,55.173221588134766
2022-10-18,55.80792999267578
2022-10-19,54.575321197509766
2022-10-20,54.25336456298828
2022-10-21,53.241519927978516
2022-10-24,52.90116882324219
2022-10-25,55.52277374267578
2022-10-26,55.559566497802734
2022-10-27,55.136436462402344
2022-10-28,56.571414947509766
2022-10-31,56.14828109741211
2022-11-01,55.28361129760742
2022-11-02,54.14299011230469
2022-11-03,53.7198486328125
2022-11-04,56.06549072265625
2022-11-07,56.53461456298828
2022-11-08,61.17991638183594
2022-11-09,61.17072296142578
2022-11-10,64.44540405273438
2022-11-11,65.84359741210938
2022-11-14,64.65699768066406
2022-11-15,64.30745697021484
2022-11-16,62.734474182128906
2022-11-17,61.926979064941406
2022-11-18,62.91081237792969
2022-11-21,63.282081604003906
2022-11-22,63.903953552246094
2022-11-23,64.36804962158203
2022-11-25,64.53511047363281
2022-11-28,61.852725982666016
2022-11-29,64.22882843017578
2022-11-30,65.92735290527344
2022-12-01,65.89022827148438
2022-12-02,65.97376251220703
2022-12-05,65.14769744873047
2022-12-06,63.3006477355957
2022-12-07,60.33053970336914
2022-12-08,60.980247497558594
2022-12-09,61.880550384521484
2022-12-12,61.008094787597656
2022-12-13,61.50001907348633
2022-12-14,62.511714935302734
2022-12-15,62.29825210571289
2022-12-16,59.69938278198242
2022-12-19,59.123931884765625
2022-12-20,58.98470687866211
2022-12-21,59.37453842163086
2022-12-22,59.8942985534668
2022-12-23,60.3955078125
2022-12-27,61.203006744384766
2022-12-28,60.18202209472656
2022-12-29,61.10091781616211
2022-12-30,60.841026306152344
2023-01-03,62.14045333862305
2023-01-04,63.894683837890625
2023-01-05,62.54884338378906
2023-01-06,64.76714324951172
2023-01-09,64.29379272460938
2023-01-10,64.0339126586914
2023-01-11,66.66988372802734
2023-01-12,66.92048645019531
2023-01-13,66.03874969482422
2023-01-17,66.55850219726562
2023-01-18,66.5028076171875
2023-01-19,66.5028076171875
2023-01-20,67.5980453491211
2023-01-23,68.94389343261719
2023-01-24,69.50077819824219
2023-01-25,68.5540542602539
2023-01-26,68.85108184814453
2023-01-27,69.78851318359375
2023-01-30,69.16664123535156
2023-01-31,69.64927673339844
2023-02-01,69.50077819824219
2023-02-02,70.7909164428711
2023-02-03,70.37325286865234
2023-02-06,69.16664123535156
2023-02-07,69.53790283203125
2023-02-08,69.61215209960938
2023-02-09,68.67472076416016
2023-02-10,69.8720474243164
2023-02-13,70.4382095336914
2023-02-14,70.30828094482422
2023-02-15,70.28044128417969
2023-02-16,72.44305419921875
2023-02-17,71.83975982666016
2023-02-21,71.30139923095703
2023-02-22,70.18761444091797
2023-02-23,70.6980972290039
2023-02-24,69.49150085449219
2023-02-27,69.50086212158203
2023-02-28,69.36048889160156
2023-03-01,68.39662170410156
2023-03-02,69.57572174072266
2023-03-03,70.47406768798828
2023-03-06,70.3617935180664
2023-03-07,69.22012329101562
2023-03-08,69.9219741821289
2023-03-09,67.79771423339844
2023-03-10,63.47439956665039
2023-03-13,64.76578521728516
2023-03-14,66.96487426757812
2023-03-15,66.6747817993164
2023-03-16,66.30049133300781
2023-03-17,64.33531188964844
2023-03-20,64.6908950805664
2023-03-21,64.93421936035156
2023-03-22,61.92099380493164
2023-03-23,61.537315368652344
2023-03-24,63.14686584472656
2023-03-27,63.52117919921875
2023-03-28,64.35400390625
2023-03-29,65.46761322021484
2023-03-30,66.39404296875
2023-03-31,67.08654022216797
2023-04-03,67.12397003173828
2023-04-04,65.86064910888672
2023-04-05,66.02909088134766
2023-04-06,66.95552825927734
2023-04-10,68.14397430419922
2023-04-11,69.56636810302734
2023-04-12,69.83773803710938
2023-04-13,69.7160873413086
2023-04-14,69.33241271972656
2023-04-17,70.40855407714844
2023-04-18,70.60507202148438
2023-04-19,71.35371398925781
2023-04-20,71.0074691772461
2023-04-21,70.77352142333984
2023-04-24,70.49279022216797
2023-04-25,71.48473358154297
2023-04-26,71.27886199951172
2023-04-27,72.98199462890625
2023-04-28,74.13301086425781
2023-05-01,73.2346420288086
2023-05-02,72.38306427001953
2023-05-03,72.54216003417969
2023-05-04,71.96197509765625
2023-05-05,73.7025375366211
2023-05-08,71.42858123779297
2023-05-09,73.29078674316406
2023-05-10,74.28271484375
2023-05-11,74.06749725341797
2023-05-12,74.20787811279297
2023-05-15,75.56583404541016
2023-05-16,73.11393737792969
2023-05-17,73.0950698852539
2023-05-18,72.50096893310547
2023-05-19,72.18033599853516
2023-05-22,72.13317108154297
2023-05-23,71.83141326904297
2023-05-24,70.00191497802734
2023-05-25,69.4266586303711
2023-05-26,69.35121154785156
2023-05-30,68.96456909179688
2023-05-31,70.36027526855469
2023-06-01,70.36027526855469
2023-06-02,71.44475555419922
2023-06-05,71.75595092773438
2023-06-06,74.1701431274414
2023-06-07,75.83932495117188
2023-06-08,75.254638671875
2023-06-09,76.48058319091797
2023-06-12,77.15015411376953
2023-06-13,77.28218841552734
2023-06-14,76.89554595947266
2023-06-15,75.58470153808594
2023-06-16,75.82989501953125
2023-06-20,74.70769500732422
2023-06-21,74.49076843261719
2023-06-22,73.99097442626953
2023-06-23,71.93513488769531
2023-06-26,75.03773498535156
2023-06-27,76.1410903930664
2023-06-28,75.49983215332031
2023-06-29,75.81103515625
2023-06-30,76.28256225585938
2023-07-03,76.82952880859375
2023-07-05,76.55604553222656
2023-07-06,75.71674346923828
2023-07-07,75.2640609741211
2023-07-10,74.66051483154297
2023-07-11,76.2919921875
2023-07-12,75.15092468261719
2023-07-13,76.25425720214844
2023-07-14,75.42440032958984
2023-07-17,74.76426696777344
2023-07-18,74.12300109863281
2023-07-19,75.83932495117188
2023-07-20,77.33877563476562
2023-07-21,77.6216812133789
2023-07-24,77.9611587524414
2023-07-25,78.21578979492188
2023-07-26,78.49870300292969
2023-07-27,76.59375762939453
2023-07-28,76.39573669433594
2023-07-31,77.47077941894531
2023-08-01,79.78124237060547
2023-08-02,78.80989837646484
2023-08-03,79.01737213134766
2023-08-04,77.68768310546875
2023-08-07,79.96041870117188
2023-08-08,80.43193054199219
2023-08-09,80.6016845703125
2023-08-10,80.1113052368164
2023-08-11,79.4605941772461
2023-08-14,80.05904388427734
2023-08-15,79.0996322631836
2023-08-16,79.08063507080078
2023-08-17,77.6937484741211
2023-08-18,77.13331604003906
2023-08-21,76.29737854003906
2023-08-22,75.85091400146484
2023-08-23,76.9433364868164
2023-08-24,76.33536529541016
2023-08-25,76.97181701660156
2023-08-28,77.21879577636719
2023-08-29,78.90015411376953
2023-08-30,78.75768280029297
2023-08-31,78.72917938232422
2023-09-01,78.50118255615234
2023-09-05,76.81034088134766
2023-09-06,77.8742446899414
2023-09-07,78.41571044921875
2023-09-08,78.46319580078125
2023-09-11,79.54609680175781
2023-09-12,79.40361022949219
2023-09-13,78.4441909790039
2023-09-14,80.27754211425781
2023-09-15,80.14456176757812
2023-09-18,80.54351043701172
2023-09-19,79.54609680175781
2023-09-20,80.98997497558594
2023-09-21,79.54609680175781
2023-09-22,78.6816635131836
2023-09-25,79.02365112304688
2023-09-26,77.02881622314453
2023-09-27,76.18338012695312
2023-09-28,76.43035125732422
2023-09-29,77.81724548339844
2023-10-02,77.63677215576172
2023-10-03,75.33797454833984
2023-10-04,77.56076049804688
2023-10-05,78.84314727783203
2023-10-06,77.39928436279297
2023-10-09,78.00724029541016
2023-10-10,79.47960662841797
2023-10-11,81.51242065429688
2023-10-12,80.74299621582031
2023-10-13,80.88548278808594
2023-10-16,81.37942504882812
2023-10-17,82.22486877441406
2023-10-18,81.46493530273438
2023-10-19,79.7170639038086
2023-10-20,79.68858337402344
2023-10-23,78.83365631103516
2023-10-24,80.06855773925781
2023-10-25,78.5296859741211
2023-10-26,78.88114166259766
2023-10-27,77.27579498291016
2023-10-30,77.7697525024414
2023-10-31,79.422607421875
2023-11-01,81.15145874023438
2023-11-02,83.40274810791016
2023-11-03,84.02021026611328
2023-11-06,83.72573852539062
2023-11-07,81.36043548583984
2023-11-08,82.04439544677734
2023-11-09,80.40103149414062
2023-11-10,81.67391967773438
2023-11-13,81.76957702636719
2023-11-14,83.17594146728516
2023-11-15,82.54450225830078
2023-11-16,83.01329803466797
2023-11-17,83.70211029052734
2023-11-20,84.71623992919922
2023-11-21,84.89801788330078
2023-11-22,84.8597412109375
2023-11-24,85.73990631103516
2023-11-27,86.21826934814453
2023-11-28,85.44332885742188
2023-11-29,84.38137817382812
2023-11-30,85.24242401123047
2023-12-01,85.58683776855469
2023-12-04,85.93125915527344
2023-12-05,85.98865509033203
2023-12-06,83.63516235351562
2023-12-07,83.72126770019531
2023-12-08,83.92216491699219
2023-12-11,84.25701904296875
2023-12-12,84.76407623291016
2023-12-13,86.91664123535156
2023-12-14,87.89250183105469
2023-12-15,86.85924530029297
2023-12-18,86.23739624023438
2023-12-19,86.38090515136719
2023-12-20,84.69710540771484
2023-12-21,86.05562591552734
2023-12-22,86.06519317626953
2023-12-26,86.5435562133789
2023-12-27,87.10798645019531
2023-12-28,87.2132339477539
2023-12-29,86.26609802246094
2024-01-02,86.33306884765625
2024-01-03,85.0606460571289
2024-01-04,84.8597412109375
2024-01-05,84.6875228881836
2024-01-08,85.92169189453125
2024-01-09,85.71119689941406
2024-01-10,86.8018569946289
2024-01-11,86.0843276977539
2024-01-12,87.94990539550781
2024-01-16,87.36630249023438
2024-01-17,85.75904846191406
2024-01-18,85.15631866455078
2024-01-19,85.95994567871094
2024-01-22,85.08935546875
2024-01-23,84.24744415283203
2024-01-24,83.35771179199219
2024-01-25,83.44380950927734
2024-01-26,83.6064453125
2024-01-29,83.39598083496094
2024-01-30,83.1663818359375
2024-01-31,82.7645492553711
2024-02-01,84.41011047363281
2024-02-02,84.12308502197266
2024-02-05,82.7645492553711
2024-02-06,82.78369140625
2024-02-07,83.00374603271484
2024-02-08,83.21421813964844
2024-02-09,83.86476135253906
2024-02-12,83.75953674316406
2024-02-13,83.49164581298828
2024-02-14,89.32756042480469
2024-02-15,89.6815414428711
2024-02-16,89.09793853759766
2024-02-20,88.79179382324219
2024-02-21,90.16944122314453
2024-02-22,90.34278869628906
2024-02-23,89.94798278808594
2024-02-26,88.4554214477539
2024-02-27,88.70579528808594
2024-02-28,88.4554214477539
2024-02-29,88.74431610107422
2024-03-01,89.2835464477539
2024-03-04,89.93836212158203
2024-03-05,88.15692138671875
2024-03-06,88.65764617919922
2024-03-07,88.62875366210938
2024-03-08,88.5902328491211
2024-03-11,89.26428985595703
2024-03-12,89.41837310791016
2024-03-13,89.24503326416016
2024-03-14,88.30135345458984
2024-03-15,87.9643325805664
2024-03-18,88.87911987304688
2024-03-19,90.188720703125
2024-03-20,89.54354858398438
2024-03-21,89.64946746826172
2024-03-22,88.66728210449219
2024-03-25,87.88728332519531
2024-03-26,87.63693237304688
2024-03-27,89.36058807373047
2024-03-28,89.97686767578125
2024-04-01,88.58061218261719
2024-04-02,87.60804748535156
2024-04-03,87.88728332519531
2024-04-04,87.08805847167969
2024-04-05,88.35913848876953
2024-04-08,88.38803100585938
2024-04-09,88.5902328491211
2024-04-10,86.85694885253906
2024-04-11,87.0206527709961
2024-04-12,86.46214294433594
2024-04-15,85.79771423339844
2024-04-16,85.03700256347656
2024-04-17,86.37548828125
2024-04-18,87.44434356689453
2024-04-19,87.93544006347656
2024-04-22,88.21469116210938
2024-04-23,89.48576354980469
2024-04-24,90.22723388671875
2024-04-25,90.51611328125
2024-04-26,90.843505859375
2024-04-29,92.23014068603516
2024-04-30,91.74867248535156
2024-05-01,90.86276245117188
2024-05-02,92.51901245117188
2024-05-03,92.25902557373047
2024-05-06,93.19306945800781
2024-05-07,93.84788513183594
2024-05-08,94.75303649902344
2024-05-09,95.48487091064453
2024-05-10,95.75616455078125
2024-05-13,96.38594818115234
2024-05-14,95.74647521972656
2024-05-15,97.8586654663086
2024-05-16,97.81022644042969
2024-05-17,98.1396484375
2024-05-20,97.7036361694336
2024-05-21,97.95555114746094
2024-05-22,98.70161437988281
2024-05-23,96.85101318359375
2024-05-24,97.73271942138672
2024-05-28,97.69395446777344
2024-05-29,97.50987243652344
2024-05-30,98.972900390625
2024-05-31,100.44563293457031
2024-06-03,100.82349395751953
2024-06-04,101.24011993408203
2024-06-05,101.74394989013672
2024-06-06,101.39514923095703
2024-06-07,100.58126831054688
2024-06-10,100.30996704101562
2024-06-11,100.24215698242188
2024-06-12,99.6705093383789
2024-06-13,100.639404296875
2024-06-14,100.80412292480469
2024-06-17,100.5618896484375
2024-06-18,100.70722198486328
2024-06-20,99.8255386352539
2024-06-21,99.13762664794922
2024-06-24,99.76740264892578
2024-06-25,97.79085540771484
2024-06-26,98.66285705566406
2024-06-27,100.13557434082031
2024-06-28,101.0075912475586
2024-07-01,100.76536560058594
2024-07-02,102.67410278320312
2024-07-03,102.07335662841797
2024-07-05,103.1682357788086
2024-07-08,101.17228698730469
2024-07-09,101.56954956054688
2024-07-10,101.29826354980469
2024-07-11,101.39514923095703
2024-07-12,100.95915222167969
2024-07-15,102.06367492675781
2024-07-16,102.64502716064453
2024-07-17,103.46858978271484
2024-07-18,102.65471649169922
2024-07-19,104.06930541992188
2024-07-22,105.2513656616211
2024-07-23,106.18150329589844
2024-07-24,106.14275360107422
2024-07-25,105.11571502685547
2024-07-26,106.36559295654297
2024-07-29,108.17743682861328
2024-07-30,108.74908447265625
2024-07-31,107.78987884521484
2024-08-01,108.8944091796875
2024-08-02,109.25289154052734
2024-08-05,107.58639526367188
2024-08-06,111.38449096679688
2024-08-07,111.24884796142578
2024-08-08,112.13053131103516
2024-08-09,113.74858856201172
2024-08-12,113.64139556884766
2024-08-13,114.17735290527344
2024-08-14,114.5086669921875
2024-08-15,113.36853790283203
2024-08-16,112.95927429199219
2024-08-19,112.5889892578125
2024-08-20,113.45625305175781
2024-08-21,113.35880279541016
2024-08-22,114.81074523925781
2024-08-23,116.3211669921875
2024-08-26,116.1944808959961
2024-08-27,117.18843841552734
2024-08-28,117.97773742675781
2024-08-29,117.47103118896484
2024-08-30,117.59770965576172
2024-09-03,118.94245147705078
2024-09-04,121.30065155029297
2024-09-05,120.83291625976562
2024-09-06,121.41758728027344
2024-09-09,124.0778579711914
2024-09-10,125.72470092773438
2024-09-11,125.37389373779297
2024-09-12,125.53955078125
2024-09-13,126.43606567382812
2024-09-16,125.88058471679688
2024-09-17,124.20452880859375
2024-09-18,124.40917205810547
2024-09-19,122.18740844726562
2024-09-20,122.07046508789062
2024-09-23,125.30567169189453
2024-09-24,124.34095764160156
2024-09-25,125.78315734863281
2024-09-26,123.31777954101562
2024-09-27,123.95115661621094
2024-09-30,124.75997924804688
2024-10-01,124.32147216796875
2024-10-02,123.78551483154297
2024-10-03,123.2300796508789
2024-10-04,122.35305786132812
2024-10-07,121.09600067138672
2024-10-08,121.58324432373047
2024-10-09,121.16423034667969
2024-10-10,119.96563720703125
2024-10-11,121.9827651977539
2024-10-14,124.34095764160156
2024-10-15,125.94880676269531
2024-10-16,127.0207290649414
2024-10-17,127.4007568359375
2024-10-18,128.86245727539062
2024-10-21,126.7381362915039
2024-10-22,126.76736450195312
2024-10-23,128.40444946289062
2024-10-24,128.6675262451172
2024-10-25,126.87454986572266
2024-10-28,127.23509979248047
2024-10-29,133.83218383789062
2024-10-30,134.91383361816406
2024-10-31,131.43504333496094
2024-11-01,129.86614990234375
2024-11-04,130.87957763671875
2024-11-05,131.66888427734375
2024-11-06,130.2559356689453
2024-11-07,133.42291259765625
2024-11-08,134.6702117919922
2024-11-11,134.1147918701172
2024-11-12,132.4874725341797
2024-11-13,132.1544647216797
2024-11-14,131.6354522705078
2024-11-15,133.2023162841797
2024-11-18,134.1717987060547
2024-11-19,135.31756591796875
2024-11-20,134.5537109375
2024-11-21,135.02378845214844
2024-11-22,135.05316162109375
2024-11-25,132.9379119873047
2024-11-26,136.08140563964844
2024-11-27,136.41436767578125
2024-11-29,135.31756591796875
2024-12-02,131.25352478027344
2024-12-03,130.09799194335938
2024-12-04,130.82266235351562
2024-12-05,129.8629608154297
2024-12-06,128.64862060546875
2024-12-09,126.7684097290039
2024-12-10,126.5921401977539
2024-12-11,125.92622375488281
2024-12-12,125.77933502197266
2024-12-13,126.44524383544922
2024-12-16,126.03395080566406
2024-12-17,126.55294799804688
2024-12-18,122.98836517333984
2024-12-19,121.21586608886719
2024-12-20,122.05805969238281
2024-12-23,123.01775360107422
2024-12-24,123.96765899658203
2024-12-26,123.77180480957031
2024-12-27,122.41059875488281
2024-12-30,122.33226013183594
2024-12-31,123.41925811767578
2025-01-02,122.13639831542969
2025-01-03,123.21361541748047
2025-01-06,121.48028564453125
2025-01-07,121.66634368896484
2025-01-08,123.85994720458984
2025-01-10,122.19515228271484
2025-01-13,123.11567687988281
2025-01-14,124.24186706542969
2025-01-15,123.96765899658203
2025-01-16,126.06332397460938
2025-01-17,126.66068267822266
2025-01-21,130.9010009765625
2025-01-22,128.43319702148438
2025-01-23,129.50062561035156
2025-01-24,133.9171905517578
2025-01-27,135.58197021484375
2025-01-28,134.3089141845703
2025-01-29,132.1348876953125
2025-01-30,134.33827209472656
2025-01-31,133.6527862548828
2025-02-03,137.4720001220703
2025-02-04,135.9834747314453
2025-02-05,139.24452209472656
2025-02-06,139.44036865234375
2025-02-07,139.63621520996094
2025-02-10,140.1454620361328
2025-02-11,140.42942810058594
2025-02-12,143.46522521972656
2025-02-13,148.30288696289062
2025-02-14,146.8633270263672
2025-02-18,147.67616271972656
2025-02-19,146.6087188720703
2025-02-20,147.20608520507812
2025-02-21,145.50213623046875
2025-02-24,147.5194549560547
2025-02-25,149.26055908203125
2025-02-26,148.1883544921875
2025-02-27,149.0441436767578
2025-02-28,151.00161743164062
2025-03-03,154.296875
2025-03-04,151.38523864746094
2025-03-05,152.31971740722656
2025-03-06,146.53579711914062
2025-03-07,145.04061889648438
2025-03-10,143.81106567382812
2025-03-11,144.8832244873047
2025-03-12,144.97177124023438
2025-03-13,143.50613403320312
2025-03-14,145.4242706298828
2025-03-17,148.78836059570312
2025-03-18,147.5194549560547
2025-03-19,146.32923889160156
2025-03-20,145.47344970703125
2025-03-21,144.1258544921875
2025-03-24,147.39157104492188
2025-03-25,145.74887084960938
2025-03-26,147.4014434814453
2025-03-27,147.4702911376953
2025-03-28,150.9130859375
2025-03-31,150.70651245117188
2025-04-01,151.6311492919922
2025-04-02,150.57862854003906
2025-04-03,149.9392547607422
2025-04-04,140.9486083984375
2025-04-07,136.54180908203125
2025-04-08,134.25973510742188
2025-04-09,139.17803955078125
2025-04-10,139.49278259277344
2025-04-11,140.33872985839844
2025-04-14,143.21102905273438
2025-04-15,144.1947021484375
2025-04-16,143.2503662109375
2025-04-17,144.8635711669922
2025-04-21,141.30271911621094
2025-04-22,144.8439178466797
2025-04-23,145.23736572265625
2025-04-24,145.3357391357422
2025-04-25,144.55865478515625
2025-04-28,146.61451721191406
2025-04-29,149.00477600097656
2025-04-30,150.09664916992188
2025-05-01,147.87356567382812
2025-05-02,148.25721740722656
2025-05-05,148.46377563476562
2025-05-06,148.04080200195312
2025-05-07,148.8670654296875
2025-05-08,145.8275604248047
2025-05-09,146.7423553466797
2025-05-12,143.2503662109375
2025-05-13,142.90609741210938
2025-05-14,141.71034240722656
2025-05-15,145.1592254638672
2025-05-16,146.96768188476562
2025-05-19,148.8749237060547
2025-05-20,149.43820190429688
2025-05-21,146.55262756347656
2025-05-22,145.1691131591797
2025-05-23,147.412353515625
2025-05-27,150.67349243164062
2025-05-28,149.9125518798828
2025-05-29,151.26641845703125
2025-05-30,152.46214294433594
2025-06-02,153.39108276367188
2025-06-03,150.4066619873047
2025-06-04,150.25843811035156
2025-06-05,151.2268829345703
2025-06-06,152.63014221191406
2025-06-09,148.53892517089844
2025-06-10,149.12197875976562
2025-06-11,148.46975708007812
2025-06-12,150.12010192871094
2025-06-13,150.60430908203125
2025-06-16,148.80575561523438
2025-06-17,150.08055114746094
2025-06-18,151.3751220703125
2025-06-20,149.45797729492188
2025-06-23,152.3040313720703
2025-06-24,152.43251037597656
2025-06-25,151.62216186523438
2025-06-26,151.67156982421875
2025-06-27,150.33749389648438
2025-06-30,151.9186248779297
2025-07-01,149.81375122070312
2025-07-02,148.93421936035156
2025-07-03,150.96994018554688
2025-07-07,152.41275024414062
2025-07-08,149.9718475341797
2025-07-09,150.45608520507812
2025-07-10,150.92054748535156
2025-07-11,153.331787109375
2025-07-14,156.20750427246094
2025-07-15,154.86354064941406
2025-07-16,155.69363403320312
2025-07-17,155.77268981933594
2025-07-18,157.17596435546875
2025-07-21,158.43099975585938
2025-07-22,159.19190979003906
2025-07-23,159.72555541992188
2025-07-24,159.49826049804688
2025-07-25,159.6563720703125
2025-07-28,156.42489624023438
2025-07-29,164.00453186035156
2025-07-30,164.4196014404297
2025-07-31,163.12503051757812
2025-08-01,164.28125
2025-08-04,166.7913055419922
2025-08-05,167.69058227539062
2025-08-06,166.9691925048828
2025-08-07,167.68069458007812
2025-08-08,166.05014038085938
2025-08-11,166.05014038085938
2025-08-12,163.56866455078125
2025-08-13,161.8316192626953
2025-08-14,160.68023681640625
2025-08-15,161.6926727294922
2025-08-18,161.20631408691406
2025-08-19,162.3577117919922
2025-08-20,164.75978088378906
2025-08-21,165.70272827148438
2025-08-22,163.21133422851562
2025-08-25,163.67784118652344
2025-08-26,164.6108856201172
2025-08-27,166.50672912597656
2025-08-28,166.15931701660156
2025-08-29,167.03280639648438
2025-09-02,166.49681091308594
2025-09-03,166.1890869140625
2025-09-04,166.43724060058594
2025-09-05,166.5762176513672
2025-09-08,168.10479736328125
2025-09-09,167.59857177734375
2025-09-10,166.84420776367188
2025-09-11,167.2213897705078
2025-09-12,167.8765106201172
2025-09-15,167.66806030273438
2025-09-16,163.98556518554688
2025-09-17,164.6803741455078
2025-09-18,165.2957763671875
2025-09-19,163.9656982421875
2025-09-22,166.17916870117188
2025-09-23,171.27114868164062
2025-09-24,169.70286560058594
2025-09-25,170.42745971679688
2025-09-26,173.60372924804688
2025-09-29,174.89410400390625
2025-09-30,176.81971740722656
2025-10-01,178.050537109375
2025-10-02,174.1992950439453
2025-10-03,173.74270629882812
2025-10-06,172.849365234375
2025-10-07,171.71783447265625
2025-10-08,167.8864288330078
2025-10-09,166.03028869628906
2025-10-10,164.71014404296875
2025-10-13,165.6134033203125
2025-10-14,168.08494567871094
2025-10-15,171.06271362304688
2025-10-16,170.8046417236328
2025-10-17,173.79232788085938
2025-10-20,176.39292907714844
2025-10-21,173.8220977783203
2025-10-22,174.6360321044922
2025-10-23,174.75514221191406
2025-10-24,176.62120056152344
2025-10-27,181.25660705566406
2025-10-28,178.3681640625
2025-10-29,175.6484832763672
2025-10-30,179.5394287109375
2025-10-31,179.69822692871094
2025-11-03,180.96875
2025-11-04,182.98370361328125
2025-11-05,184.9688720703125
2025-11-06,186.36842346191406
2025-11-07,188.8399658203125
2025-11-10,190.38449096679688
2025-11-11,191.63006591796875
2025-11-12,190.9624481201172
2025-11-13,190.39447021484375
2025-11-14,193.13475036621094
2025-11-17,196.57254028320312
2025-11-18,197.58892822265625
2025-11-19,196.20384216308594
2025-11-20,196.88143920898438
2025-11-21,199.22312927246094
2025-11-24,201.5847625732422
2025-11-25,203.8666534423828
2025-11-26,205.52078247070312
2025-11-28,207.48382568359375
2025-12-01,203.17909240722656
2025-12-02,202.4815673828125
2025-12-03,201.2061004638672
2025-12-04,203.14920043945312
2025-12-05,203.587646484375
2025-12-08,200.16978454589844
2025-12-09,195.1077423095703
2025-12-10,190.39447021484375
2025-12-11,184.31602478027344
2025-12-12,186.06979370117188
2025-12-15,189.7965850830078
2025-12-16,189.72682189941406
2025-12-17,188.4912109375
2025-12-18,186.82711791992188
2025-12-19,185.3523406982422
2025-12-22,185.77085876464844
2025-12-23,186.1993408203125
2025-12-24,187.036376953125
2025-12-26,187.19581604003906
2025-12-29,188.96951293945312
2025-12-30,187.33531188964844
2025-12-31,184.95376586914062
2026-01-02,186.27906799316406
2026-01-05,184.07687377929688
2026-01-06,185.0035858154297
2026-01-07,184.99362182617188
2026-01-08,185.6512908935547
2026-01-09,185.42210388183594
2026-01-12,186.0199737548828
2026-01-13,187.5844268798828
2026-01-14,188.04281616210938
2026-01-15,187.51466369628906
2026-01-16,190.703369140625
2026-01-20,187.33531188964844
2026-01-21,185.34237670898438
2026-01-22,181.31668090820312
2026-01-23,183.03057861328125
2026-01-26,182.98077392578125
2026-01-27,182.8412628173828
2026-01-28,183.2896728515625
2026-01-29,185.03347778320312
2026-01-30,187.6940460205078
2026-02-02,186.76731872558594
2026-02-03,186.8370819091797
2026-02-04,184.82421875
2026-02-05,190.38449096679688
2026-02-06,195.22731018066406
2026-02-09,196.5526123046875
2026-02-10,200.12991333007812
2026-02-11,207.14503479003906
2026-02-12,207.4040985107422
2026-02-13,209.97499084472656
2026-02-17,214.71815490722656
2026-02-18,207.85250854492188
2026-02-19,207.27456665039062
2026-02-20,207.4539337158203
2026-02-23,208.7991485595703
2026-02-24,208.5600128173828
2026-02-25,208.25
2026-02-26,208.4499969482422
2026-02-27,207.1199951171875
2026-03-02,210.16000366210938
2026-03-03,208.0
2026-03-04,206.85000610351562
2026-03-05,205.0500030517578
2026-03-06,204.2899932861328
2026-03-09,207.67999267578125
2026-03-10,207.72000122070312
2026-03-11,205.3300018310547
2026-03-12,206.1999969482422
2026-03-13,207.82000732421875
2026-03-16,210.17999267578125
2026-03-17,213.16000366210938
2026-03-18,209.2100067138672
2026-03-19,206.08999633789062
2026-03-20,195.94000244140625
2026-03-23,195.0
2026-03-24,196.61000061035156
2026-03-25,196.72999572753906
2026-03-26,195.52999877929688
2026-03-27,195.77000427246094
2026-03-30,195.3000030517578
2026-03-31,197.7100067138672
2026-04-01,198.86000061035156
2026-04-02,202.3300018310547
2026-04-06,200.91000366210938
2026-04-07,202.02999877929688
