Date,Close
2000-02-18,85.16128540039062
2000-02-22,69.85887145996094
2000-02-23,64.71774291992188
2000-02-24,58.30644989013672
2000-02-25,65.56451416015625
2000-02-28,62.41935348510742
2000-02-29,67.80241394042969
2000-03-01,87.82257843017578
2000-03-02,85.82660675048828
2000-03-03,80.98789978027344
2000-03-06,75.7258071899414
2000-03-07,74.51612854003906
2000-03-08,76.45161437988281
2000-03-09,74.21370697021484
2000-03-10,65.80644989013672
2000-03-13,64.71774291992188
2000-03-14,64.83870697021484
2000-03-15,59.39516067504883
2000-03-16,56.00806427001953
2000-03-17,62.41935348510742
2000-03-20,51.04838562011719
2000-03-21,51.41128921508789
2000-03-22,49.838706970214844
2000-03-23,54.495967864990234
2000-03-24,61.02822494506836
2000-03-27,59.75806427001953
2000-03-28,58.54838562011719
2000-03-29,59.15322494506836
2000-03-30,56.129032135009766
2000-03-31,52.5
2000-04-03,48.3870964050293
2000-04-04,39.67741775512695
2000-04-05,40.70564270019531
2000-04-06,46.45161056518555
2000-04-07,44.51612854003906
2000-04-10,43.30644989013672
2000-04-11,34.05241775512695
2000-04-12,33.870967864990234
2000-04-13,31.572580337524414
2000-04-14,30.0
2000-04-17,26.129032135009766
2000-04-18,23.830644607543945
2000-04-19,26.491933822631836
2000-04-20,29.516128540039062
2000-04-24,24.19354820251465
2000-04-25,26.975805282592773
2000-04-26,27.096773147583008
2000-04-27,23.225805282592773
2000-04-28,23.225805282592773
2000-05-01,26.491933822631836
2000-05-02,26.129032135009766
2000-05-03,24.435483932495117
2000-05-04,27.641128540039062
2000-05-05,29.33467674255371
2000-05-08,28.064516067504883
2000-05-09,26.129032135009766
2000-05-10,22.5
2000-05-11,21.774192810058594
2000-05-12,21.65322494506836
2000-05-15,19.596773147583008
2000-05-16,22.016128540039062
2000-05-17,22.379032135009766
2000-05-18,24.072580337524414
2000-05-19,21.895160675048828
2000-05-22,18.024192810058594
2000-05-23,18.266128540039062
2000-05-24,16.980846405029297
2000-05-25,16.45161247253418
2000-05-26,15.483870506286621
2000-05-30,15.0
2000-05-31,16.995967864990234
2000-06-01,16.45161247253418
2000-06-02,18.870967864990234
2000-06-05,18.266128540039062
2000-06-06,18.266128540039062
2000-06-07,18.75
2000-06-08,18.50806427001953
2000-06-09,18.205644607543945
2000-06-12,17.358869552612305
2000-06-13,17.419353485107422
2000-06-14,17.237903594970703
2000-06-15,15.423386573791504
2000-06-16,15.786290168762207
2000-06-19,16.088708877563477
2000-06-20,16.20967674255371
2000-06-21,16.45161247253418
2000-06-22,15.604838371276855
2000-06-23,13.729838371276855
2000-06-26,12.762096405029297
2000-06-27,12.338708877563477
2000-06-28,11.612902641296387
2000-06-29,11.854838371276855
2000-06-30,11.733870506286621
2000-07-03,11.55241870880127
2000-07-05,11.25
2000-07-06,11.612902641296387
2000-07-07,11.25
2000-07-10,10.887096405029297
2000-07-11,11.915322303771973
2000-07-12,12.036290168762207
2000-07-13,11.733870506286621
2000-07-14,11.612902641296387
2000-07-17,11.491934776306152
2000-07-18,11.189516067504883
2000-07-19,10.645160675048828
2000-07-20,10.10080623626709
2000-07-21,9.67741870880127
2000-07-24,8.346774101257324
2000-07-25,7.258064270019531
2000-07-26,6.895161151885986
2000-07-27,7.394153118133545
2000-07-28,7.016129016876221
2000-07-31,7.016129016876221
2000-08-01,7.379032135009766
2000-08-02,7.2731852531433105
2000-08-03,7.681451320648193
2000-08-04,7.7419352531433105
2000-08-07,8.22580623626709
2000-08-08,7.7419352531433105
2000-08-09,8.95161247253418
2000-08-10,10.161290168762207
2000-08-11,12.217741966247559
2000-08-14,11.97580623626709
2000-08-15,11.854838371276855
2000-08-16,11.673386573791504
2000-08-17,12.459676742553711
2000-08-18,12.278225898742676
2000-08-21,12.157258033752441
2000-08-22,10.10080623626709
2000-08-23,8.95161247253418
2000-08-24,10.342741966247559
2000-08-25,10.645160675048828
2000-08-28,10.766128540039062
2000-08-29,10.82661247253418
2000-08-30,10.463709831237793
2000-08-31,10.161290168762207
2000-09-01,10.282258033752441
2000-09-05,11.068548202514648
2000-09-06,10.403225898742676
2000-09-07,10.282258033752441
2000-09-08,10.221774101257324
2000-09-11,10.161290168762207
2000-09-12,10.10080623626709
2000-09-13,10.10080623626709
2000-09-14,9.012096405029297
2000-09-15,9.133064270019531
2000-09-18,8.770160675048828
2000-09-19,8.286290168762207
2000-09-20,8.346774101257324
2000-09-21,8.467741966247559
2000-09-22,7.923387050628662
2000-09-25,8.044354438781738
2000-09-26,8.044354438781738
2000-09-27,7.862903118133545
2000-09-28,7.802419185638428
2000-09-29,7.802419185638428
2000-10-02,7.802419185638428
2000-10-03,7.5
2000-10-04,7.711693286895752
2000-10-05,8.104838371276855
2000-10-06,8.22580623626709
2000-10-09,7.923387050628662
2000-10-10,7.5
2000-10-11,7.258064270019531
2000-10-12,6.290322303771973
2000-10-13,6.592741966247559
2000-10-16,6.411290168762207
2000-10-17,5.806451320648193
2000-10-18,4.47580623626709
2000-10-19,4.717741966247559
2000-10-20,5.927419185638428
2000-10-23,5.745967388153076
2000-10-24,5.776209354400635
2000-10-25,5.201612949371338
2000-10-26,5.41330623626709
2000-10-27,5.201612949371338
2000-10-30,4.838709354400635
2000-10-31,4.717741966247559
2000-11-01,4.838709354400635
2000-11-02,5.020161151885986
2000-11-03,5.443548202514648
2000-11-06,5.141129016876221
2000-11-07,5.564516067504883
2000-11-08,5.564516067504883
2000-11-09,5.201612949371338
2000-11-10,5.141129016876221
2000-11-13,4.536290168762207
2000-11-14,4.959677219390869
2000-11-15,4.808467388153076
2000-11-16,4.959677219390869
2000-11-17,4.838709354400635
2000-11-20,4.3548383712768555
2000-11-21,3.8709676265716553
2000-11-22,3.6290321350097656
2000-11-24,3.75
2000-11-27,3.5080645084381104
2000-11-28,2.9032256603240967
2000-11-29,2.963709592819214
2000-11-30,3.175403118133545
2000-12-01,3.6290321350097656
2000-12-04,3.8709676265716553
2000-12-05,3.9919352531433105
2000-12-06,3.810483694076538
2000-12-07,3.8709676265716553
2000-12-08,3.9314515590667725
2000-12-11,3.9314515590667725
2000-12-12,3.8709676265716553
2000-12-13,3.447580575942993
2000-12-14,3.810483694076538
2000-12-15,3.8709676265716553
2000-12-18,3.9919352531433105
2000-12-19,4.052419185638428
2000-12-20,3.8709676265716553
2000-12-21,3.810483694076538
2000-12-22,3.447580575942993
2000-12-26,2.963709592819214
2000-12-27,2.661290168762207
2000-12-28,2.9032256603240967
2000-12-29,2.661290168762207
2001-01-02,2.5403225421905518
2001-01-03,2.7822580337524414
2001-01-04,2.963709592819214
2001-01-05,2.7822580337524414
2001-01-08,2.9032256603240967
2001-01-09,2.9032256603240967
2001-01-10,3.024193525314331
2001-01-11,3.689516067504883
2001-01-12,3.5080645084381104
2001-01-16,3.2661290168762207
2001-01-17,3.75
2001-01-18,3.8709676265716553
2001-01-19,3.75
2001-01-22,3.689516067504883
2001-01-23,3.5685482025146484
2001-01-24,3.75
2001-01-25,3.75
2001-01-26,3.75
2001-01-29,3.75
2001-01-30,3.8709676265716553
2001-01-31,3.387096643447876
2001-02-01,3.75
2001-02-02,3.53830623626709
2001-02-05,3.387096643447876
2001-02-06,3.326612710952759
2001-02-07,3.1451611518859863
2001-02-08,2.978830575942993
2001-02-09,2.9334676265716553
2001-02-12,2.8427419662475586
2001-02-13,2.752016067504883
2001-02-14,2.7973790168762207
2001-02-15,2.9032256603240967
2001-02-16,2.752016067504883
2001-02-20,2.449596643447876
2001-02-21,2.510080575942993
2001-02-22,2.510080575942993
2001-02-23,2.600806474685669
2001-02-26,2.449596643447876
2001-02-27,2.449596643447876
2001-02-28,2.449596643447876
2001-03-01,2.4193546772003174
2001-03-02,2.4193546772003174
2001-03-05,2.4798386096954346
2001-03-06,2.6310482025146484
2001-03-07,2.510080575942993
2001-03-08,2.4798386096954346
2001-03-09,2.4193546772003174
2001-03-12,2.237903118133545
2001-03-13,2.298387050628662
2001-03-14,2.1774191856384277
2001-03-15,2.298387050628662
2001-03-16,2.298387050628662
2001-03-19,2.3588709831237793
2001-03-20,2.298387050628662
2001-03-21,2.237903118133545
2001-03-22,2.237903118133545
2001-03-23,2.4193546772003174
2001-03-26,2.3588709831237793
2001-03-27,2.298387050628662
2001-03-28,2.237903118133545
2001-03-29,2.026209592819214
2001-03-30,1.905241847038269
2001-04-02,1.875
2001-04-03,1.4516128301620483
2001-04-04,1.0887095928192139
2001-04-05,1.2096773386001587
2001-04-06,1.1189515590667725
2001-04-09,1.3064515590667725
2001-04-10,1.1322580575942993
2001-04-11,1.1612902879714966
2001-04-12,1.2580645084381104
2001-04-16,1.3161290884017944
2001-04-17,1.2774193286895752
2001-04-18,1.4032257795333862
2001-04-19,1.3935482501983643
2001-04-20,1.4032257795333862
2001-04-23,1.7322579622268677
2001-04-24,1.9258064031600952
2001-04-25,1.8580645322799683
2001-04-26,1.8580645322799683
2001-04-27,1.8580645322799683
2001-04-30,1.9064515829086304
2001-05-01,1.9354838132858276
2001-05-02,2.1290321350097656
2001-05-03,2.3032257556915283
2001-05-04,2.6225805282592773
2001-05-07,2.7387094497680664
2001-05-08,2.612903118133545
2001-05-09,2.5064516067504883
2001-05-10,2.1774191856384277
2001-05-11,2.341935396194458
2001-05-14,2.322580575942993
2001-05-15,2.274193525314331
2001-05-16,1.954838752746582
2001-05-17,1.8870967626571655
2001-05-18,1.9354838132858276
2001-05-21,1.9354838132858276
2001-05-22,1.9161288738250732
2001-05-23,1.9161288738250732
2001-05-24,1.9258064031600952
2001-05-25,1.8870967626571655
2001-05-29,1.8193546533584595
2001-05-30,1.490322470664978
2001-05-31,1.3354839086532593
2001-06-01,1.3354839086532593
2001-06-04,1.3354839086532593
2001-06-05,1.29677414894104
2001-06-06,1.29677414894104
2001-06-07,1.2774193286895752
2001-06-08,1.2387096881866455
2001-06-11,1.2290321588516235
2001-06-12,1.2483869791030884
2001-06-13,1.2193548679351807
2001-06-14,1.2387096881866455
2001-06-15,1.2193548679351807
2001-06-18,1.2096773386001587
2001-06-19,1.2193548679351807
2001-06-20,1.1806451082229614
2001-06-21,1.170967698097229
2001-06-22,1.1612902879714966
2001-06-25,1.1322580575942993
2001-06-26,1.1129032373428345
2001-06-27,1.1516128778457642
2001-06-28,1.2387096881866455
2001-06-29,1.2580645084381104
2001-07-02,1.3064515590667725
2001-07-03,1.3548386096954346
2001-07-05,1.3548386096954346
2001-07-06,1.3645161390304565
2001-07-09,1.29677414894104
2001-07-10,1.1419354677200317
2001-07-11,1.170967698097229
2001-07-12,1.170967698097229
2001-07-13,1.1612902879714966
2001-07-16,1.1322580575942993
2001-07-17,1.122580647468567
2001-07-18,1.1806451082229614
2001-07-19,1.1612902879714966
2001-07-20,1.1999999284744263
2001-07-23,1.1612902879714966
2001-07-24,1.1612902879714966
2001-07-25,1.1903225183486938
2001-07-26,1.2290321588516235
2001-07-27,1.29677414894104
2001-07-30,1.2580645084381104
2001-07-31,1.2387096881866455
2001-08-01,1.2580645084381104
2001-08-02,1.2774193286895752
2001-08-03,1.2774193286895752
2001-08-06,1.2774193286895752
2001-08-07,1.2096773386001587
2001-08-08,1.2580645084381104
2001-08-09,1.2580645084381104
2001-08-10,1.2483869791030884
2001-08-13,1.2580645084381104
2001-08-14,1.2387096881866455
2001-08-15,1.2483869791030884
2001-08-16,1.2483869791030884
2001-08-17,1.1032257080078125
2001-08-20,1.0645160675048828
2001-08-21,1.0935484170913696
2001-08-22,1.1032257080078125
2001-08-23,1.1129032373428345
2001-08-24,1.0838708877563477
2001-08-27,1.0741935968399048
2001-08-28,1.0741935968399048
2001-08-29,1.0064514875411987
2001-08-30,1.045161247253418
2001-08-31,0.9967741966247559
2001-09-04,1.0064514875411987
2001-09-05,1.0064514875411987
2001-09-06,0.9677419066429138
2001-09-07,0.9677419066429138
2001-09-10,0.9677419066429138
2001-09-17,0.8709677457809448
2001-09-18,0.774193525314331
2001-09-19,0.6677419543266296
2001-09-20,0.6580645442008972
2001-09-21,0.6967741250991821
2001-09-24,0.8129031658172607
2001-09-25,0.8419354557991028
2001-09-26,0.8806451559066772
2001-09-27,0.8903225064277649
2001-09-28,0.8419354557991028
2001-10-01,0.8709677457809448
2001-10-02,0.8612902760505676
2001-10-03,0.8709677457809448
2001-10-04,0.9677419066429138
2001-10-05,0.9677419066429138
2001-10-08,0.9580644369125366
2001-10-09,0.9193547964096069
2001-10-10,1.0354838371276855
2001-10-11,1.0258064270019531
2001-10-12,1.2870967388153076
2001-10-15,1.2774193286895752
2001-10-16,1.2193548679351807
2001-10-17,1.2774193286895752
2001-10-18,1.2193548679351807
2001-10-19,1.2483869791030884
2001-10-22,1.2870967388153076
2001-10-23,1.29677414894104
2001-10-24,1.3354839086532593
2001-10-25,1.3354839086532593
2001-10-26,1.4032257795333862
2001-10-29,1.3548386096954346
2001-10-30,1.3548386096954346
2001-10-31,1.3645161390304565
2001-11-01,1.3548386096954346
2001-11-02,1.3354839086532593
2001-11-05,1.3838709592819214
2001-11-06,1.3935482501983643
2001-11-07,1.3064515590667725
2001-11-08,1.3161290884017944
2001-11-09,1.3161290884017944
2001-11-12,1.2193548679351807
2001-11-13,1.4032257795333862
2001-11-14,1.4032257795333862
2001-11-15,1.5
2001-11-16,1.4709676504135132
2001-11-19,1.3935482501983643
2001-11-20,1.3645161390304565
2001-11-21,1.422580599784851
2001-11-23,1.3741934299468994
2001-11-26,1.5
2001-11-27,1.3548386096954346
2001-11-28,1.3354839086532593
2001-11-29,1.4516128301620483
2001-11-30,1.4709676504135132
2001-12-03,1.6741933822631836
2001-12-04,1.6548386812210083
2001-12-05,1.8483871221542358
2001-12-06,2.0322580337524414
2001-12-07,1.8870967626571655
2001-12-10,2.0322580337524414
2001-12-11,2.1774191856384277
2001-12-12,2.322580575942993
2001-12-13,2.1774191856384277
2001-12-14,2.1967742443084717
2001-12-17,2.274193525314331
2001-12-18,2.5161290168762207
2001-12-19,2.4870967864990234
2001-12-20,2.429032325744629
2001-12-21,2.4967739582061768
2001-12-24,2.206451416015625
2001-12-26,2.4483869075775146
2001-12-27,2.5548386573791504
2001-12-28,2.5354838371276855
2001-12-31,2.5838708877563477
2002-01-02,2.564516067504883
2002-01-03,2.458064317703247
2002-01-04,2.5741934776306152
2002-01-07,2.477419376373291
2002-01-08,2.3709676265716553
2002-01-09,2.4193546772003174
2002-01-10,2.341935396194458
2002-01-11,2.3129031658172607
2002-01-14,2.3032257556915283
2002-01-15,2.361290216445923
2002-01-16,2.3806450366973877
2002-01-17,2.429032325744629
2002-01-18,2.409677267074585
2002-01-22,2.409677267074585
2002-01-23,2.3032257556915283
2002-01-24,2.3032257556915283
2002-01-25,2.3129031658172607
2002-01-28,2.274193525314331
2002-01-29,2.322580575942993
2002-01-30,2.361290216445923
2002-01-31,2.390322685241699
2002-02-01,2.3709676265716553
2002-02-04,2.322580575942993
2002-02-05,2.293548345565796
2002-02-06,2.3129031658172607
2002-02-07,2.3129031658172607
2002-02-08,2.2838709354400635
2002-02-11,2.3129031658172607
2002-02-12,2.2838709354400635
2002-02-13,2.274193525314331
2002-02-14,2.2838709354400635
2002-02-15,2.3322579860687256
2002-02-19,2.3129031658172607
2002-02-20,2.2838709354400635
2002-02-21,2.293548345565796
2002-02-22,2.322580575942993
2002-02-25,2.3032257556915283
2002-02-26,2.3032257556915283
2002-02-27,2.2838709354400635
2002-02-28,2.3322579860687256
2002-03-01,2.4193546772003174
2002-03-04,2.4193546772003174
2002-03-05,2.5161290168762207
2002-03-06,2.7387094497680664
2002-03-07,2.7580645084381104
2002-03-08,2.564516067504883
2002-03-11,2.7870965003967285
2002-03-12,2.748386859893799
2002-03-13,2.729032278060913
2002-03-14,2.709677219390869
2002-03-15,2.748386859893799
2002-03-18,2.3709676265716553
2002-03-19,2.225806474685669
2002-03-20,2.361290216445923
2002-03-21,2.5161290168762207
2002-03-22,2.4870967864990234
2002-03-25,2.3516128063201904
2002-03-26,2.274193525314331
2002-03-27,2.225806474685669
2002-03-28,2.3999998569488525
2002-04-01,3.3499999046325684
2002-04-02,3.9000000953674316
2002-04-03,3.700000047683716
2002-04-04,3.950000047683716
2002-04-05,3.950000047683716
2002-04-08,4.199999809265137
2002-04-09,4.300000190734863
2002-04-10,4.300000190734863
2002-04-11,4.25
2002-04-12,4.199999809265137
2002-04-15,4.0
2002-04-16,4.099999904632568
2002-04-17,4.199999809265137
2002-04-18,4.099999904632568
2002-04-19,4.099999904632568
2002-04-22,4.099999904632568
2002-04-23,4.150000095367432
2002-04-24,4.0
2002-04-25,4.0
2002-04-26,4.0
2002-04-29,4.0
2002-04-30,4.0
2002-05-01,4.0
2002-05-02,4.300000190734863
2002-05-03,5.0
2002-05-06,6.25
2002-05-07,6.0
2002-05-08,5.849999904632568
2002-05-09,5.800000190734863
2002-05-10,5.699999809265137
2002-05-13,5.349999904632568
2002-05-14,5.5
2002-05-15,5.650000095367432
2002-05-16,5.199999809265137
2002-05-17,5.449999809265137
2002-05-20,5.75
2002-05-21,5.5
2002-05-22,5.5
2002-05-23,5.699999809265137
2002-05-24,5.550000190734863
2002-05-28,5.449999809265137
2002-05-29,5.400000095367432
2002-05-30,5.400000095367432
2002-05-31,5.25
2002-06-03,5.199999809265137
2002-06-04,5.099999904632568
2002-06-05,5.099999904632568
2002-06-06,5.0
2002-06-07,5.150000095367432
2002-06-10,4.900000095367432
2002-06-11,4.75
2002-06-12,4.050000190734863
2002-06-13,4.050000190734863
2002-06-14,3.950000047683716
2002-06-17,4.0
2002-06-18,4.050000190734863
2002-06-19,4.150000095367432
2002-06-20,4.25
2002-06-21,3.75
2002-06-24,3.9000000953674316
2002-06-25,3.75
2002-06-26,3.9000000953674316
2002-06-27,4.050000190734863
2002-06-28,4.449999809265137
2002-07-01,4.900000095367432
2002-07-02,4.650000095367432
2002-07-03,4.900000095367432
2002-07-05,5.0
2002-07-08,5.5
2002-07-09,5.400000095367432
2002-07-10,5.300000190734863
2002-07-11,5.300000190734863
2002-07-12,5.300000190734863
2002-07-15,5.199999809265137
2002-07-16,5.099999904632568
2002-07-17,5.5
2002-07-18,5.449999809265137
2002-07-19,5.099999904632568
2002-07-22,4.800000190734863
2002-07-23,4.5
2002-07-24,4.550000190734863
2002-07-25,4.550000190734863
2002-07-26,5.0
2002-07-29,5.599999904632568
2002-07-30,5.599999904632568
2002-07-31,5.900000095367432
2002-08-01,6.5
2002-08-02,6.150000095367432
2002-08-05,5.900000095367432
2002-08-06,5.900000095367432
2002-08-07,5.900000095367432
2002-08-08,5.75
2002-08-09,6.0
2002-08-12,5.900000095367432
2002-08-13,5.650000095367432
2002-08-14,5.400000095367432
2002-08-15,5.699999809265137
2002-08-16,5.5
2002-08-19,5.400000095367432
2002-08-20,5.849999904632568
2002-08-21,5.5
2002-08-22,5.75
2002-08-23,5.949999809265137
2002-08-26,5.949999809265137
2002-08-27,6.099999904632568
2002-08-28,5.849999904632568
2002-08-29,5.849999904632568
2002-08-30,5.849999904632568
2002-09-03,5.699999809265137
2002-09-04,5.650000095367432
2002-09-05,5.599999904632568
2002-09-06,5.599999904632568
2002-09-09,5.400000095367432
2002-09-10,4.75
2002-09-11,5.099999904632568
2002-09-12,4.75
2002-09-13,4.650000095367432
2002-09-16,3.9000000953674316
2002-09-17,3.5999999046325684
2002-09-18,3.6500000953674316
2002-09-19,3.5999999046325684
2002-09-20,3.700000047683716
2002-09-23,3.5
2002-09-24,3.5
2002-09-25,3.5999999046325684
2002-09-26,3.6500000953674316
2002-09-27,3.1500000953674316
2002-09-30,3.450000047683716
2002-10-01,3.299999952316284
2002-10-02,3.450000047683716
2002-10-03,3.25
2002-10-04,3.4000000953674316
2002-10-07,2.75
2002-10-08,2.799999952316284
2002-10-09,2.5999999046325684
2002-10-10,2.9000000953674316
2002-10-11,2.6500000953674316
2002-10-14,2.799999952316284
2002-10-15,2.5999999046325684
2002-10-16,2.950000047683716
2002-10-17,2.9000000953674316
2002-10-18,2.6500000953674316
2002-10-21,3.200000047683716
2002-10-22,2.549999952316284
2002-10-23,2.549999952316284
2002-10-24,2.549999952316284
2002-10-25,2.450000047683716
2002-10-28,2.450000047683716
2002-10-29,2.299999952316284
2002-10-30,2.25
2002-10-31,2.25
2002-11-01,2.1500000953674316
2002-11-04,2.0999999046325684
2002-11-05,2.25
2002-11-06,3.0999999046325684
2002-11-07,3.049999952316284
2002-11-08,3.0
2002-11-11,2.549999952316284
2002-11-12,2.799999952316284
2002-11-13,2.549999952316284
2002-11-14,2.950000047683716
2002-11-15,4.0
2002-11-18,4.199999809265137
2002-11-19,3.5999999046325684
2002-11-20,2.8499999046325684
2002-11-21,2.799999952316284
2002-11-22,3.049999952316284
2002-11-25,3.25
2002-11-26,3.299999952316284
2002-11-27,3.1500000953674316
2002-11-29,3.299999952316284
2002-12-02,3.3499999046325684
2002-12-03,3.1500000953674316
2002-12-04,2.950000047683716
2002-12-05,2.950000047683716
2002-12-06,2.950000047683716
2002-12-09,2.75
2002-12-10,2.799999952316284
2002-12-11,2.799999952316284
2002-12-12,2.75
2002-12-13,2.799999952316284
2002-12-16,2.8499999046325684
2002-12-17,3.1500000953674316
2002-12-18,3.049999952316284
2002-12-19,3.0999999046325684
2002-12-20,3.3499999046325684
2002-12-23,3.700000047683716
2002-12-24,3.5
2002-12-26,3.299999952316284
2002-12-27,3.5999999046325684
2002-12-30,3.5
2002-12-31,3.4000000953674316
2003-01-02,3.450000047683716
2003-01-03,3.5
2003-01-06,4.099999904632568
2003-01-07,3.700000047683716
2003-01-08,3.700000047683716
2003-01-09,3.8499999046325684
2003-01-10,4.0
2003-01-13,4.349999904632568
2003-01-14,4.699999809265137
2003-01-15,4.650000095367432
2003-01-16,4.349999904632568
2003-01-17,4.25
2003-01-21,4.75
2003-01-22,4.25
2003-01-23,6.099999904632568
2003-01-24,7.599999904632568
2003-01-27,6.0
2003-01-28,5.5
2003-01-29,5.849999904632568
2003-01-30,4.5
2003-01-31,4.150000095367432
2003-02-03,5.0
2003-02-04,5.050000190734863
2003-02-05,5.150000095367432
2003-02-06,4.699999809265137
2003-02-07,4.800000190734863
2003-02-10,4.25
2003-02-11,4.25
2003-02-12,3.6500000953674316
2003-02-13,3.75
2003-02-14,3.75
2003-02-18,4.0
2003-02-19,4.0
2003-02-20,3.75
2003-02-21,4.0
2003-02-24,4.050000190734863
2003-02-25,3.950000047683716
2003-02-26,3.8499999046325684
2003-02-27,4.099999904632568
2003-02-28,4.349999904632568
2003-03-03,4.300000190734863
2003-03-04,3.950000047683716
2003-03-05,3.5
2003-03-06,3.4000000953674316
2003-03-07,3.299999952316284
2003-03-10,3.5999999046325684
2003-03-11,3.799999952316284
2003-03-12,3.4000000953674316
2003-03-13,3.5999999046325684
2003-03-14,3.700000047683716
2003-03-17,3.549999952316284
2003-03-18,3.5999999046325684
2003-03-19,3.799999952316284
2003-03-20,4.0
2003-03-21,5.25
2003-03-24,5.099999904632568
2003-03-25,4.900000095367432
2003-03-26,4.650000095367432
2003-03-27,4.550000190734863
2003-03-28,4.650000095367432
2003-03-31,4.550000190734863
2003-04-01,4.5
2003-04-02,4.400000095367432
2003-04-03,4.449999809265137
2003-04-04,4.5
2003-04-07,4.5
2003-04-08,4.449999809265137
2003-04-09,4.449999809265137
2003-04-10,4.5
2003-04-11,4.550000190734863
2003-04-14,4.5
2003-04-15,4.550000190734863
2003-04-16,4.5
2003-04-17,4.699999809265137
2003-04-21,4.5
2003-04-22,4.599999904632568
2003-04-23,4.5
2003-04-24,4.5
2003-04-25,4.400000095367432
2003-04-28,4.400000095367432
2003-04-29,4.400000095367432
2003-04-30,4.300000190734863
2003-05-01,4.349999904632568
2003-05-02,4.349999904632568
2003-05-05,4.75
2003-05-06,4.800000190734863
2003-05-07,4.699999809265137
2003-05-08,4.699999809265137
2003-05-09,4.699999809265137
2003-05-12,4.650000095367432
2003-05-13,4.800000190734863
2003-05-14,4.599999904632568
2003-05-15,4.699999809265137
2003-05-16,4.400000095367432
2003-05-19,4.5
2003-05-20,4.449999809265137
2003-05-21,4.349999904632568
2003-05-22,4.349999904632568
2003-05-23,4.400000095367432
2003-05-27,4.349999904632568
2003-05-28,4.400000095367432
2003-05-29,4.400000095367432
2003-05-30,4.75
2003-06-02,4.650000095367432
2003-06-03,4.599999904632568
2003-06-04,4.75
2003-06-05,5.650000095367432
2003-06-06,5.099999904632568
2003-06-09,5.050000190734863
2003-06-10,5.449999809265137
2003-06-11,5.349999904632568
2003-06-12,5.150000095367432
2003-06-13,5.550000190734863
2003-06-16,5.900000095367432
2003-06-17,5.900000095367432
2003-06-18,5.900000095367432
2003-06-19,5.900000095367432
2003-06-20,5.849999904632568
2003-06-23,5.849999904632568
2003-06-24,5.849999904632568
2003-06-25,5.949999809265137
2003-06-26,5.849999904632568
2003-06-27,6.050000190734863
2003-06-30,5.849999904632568
2003-07-01,5.849999904632568
2003-07-02,5.849999904632568
2003-07-03,6.050000190734863
2003-07-07,6.25
2003-07-08,7.650000095367432
2003-07-09,7.75
2003-07-10,10.25
2003-07-11,14.899999618530273
2003-07-14,14.399999618530273
2003-07-15,12.75
2003-07-16,10.899999618530273
2003-07-17,8.800000190734863
2003-07-18,10.550000190734863
2003-07-21,10.5
2003-07-22,12.149999618530273
2003-07-23,10.850000381469727
2003-07-24,11.300000190734863
2003-07-25,10.649999618530273
2003-07-28,9.949999809265137
2003-07-29,9.949999809265137
2003-07-30,9.899999618530273
2003-07-31,9.199999809265137
2003-08-01,8.600000381469727
2003-08-04,8.300000190734863
2003-08-05,8.25
2003-08-06,8.25
2003-08-07,7.800000190734863
2003-08-08,7.800000190734863
2003-08-11,8.899999618530273
2003-08-12,8.699999809265137
2003-08-13,8.300000190734863
2003-08-14,8.050000190734863
2003-08-15,8.0
2003-08-18,8.300000190734863
2003-08-19,8.449999809265137
2003-08-20,8.300000190734863
2003-08-21,8.25
2003-08-22,8.0
2003-08-25,8.0
2003-08-26,7.849999904632568
2003-08-27,8.449999809265137
2003-08-28,8.25
2003-08-29,8.0
2003-09-02,8.75
2003-09-03,9.199999809265137
2003-09-04,10.350000381469727
2003-09-05,10.25
2003-09-08,10.25
2003-09-09,10.0
2003-09-10,9.5
2003-09-11,10.449999809265137
2003-09-12,11.399999618530273
2003-09-15,12.050000190734863
2003-09-16,11.5
2003-09-17,11.5
2003-09-18,11.0
2003-09-19,10.949999809265137
2003-09-22,10.399999618530273
2003-09-23,10.399999618530273
2003-09-24,11.100000381469727
2003-09-25,12.699999809265137
2003-09-26,14.100000381469727
2003-09-29,13.350000381469727
2003-09-30,12.300000190734863
2003-10-01,12.699999809265137
2003-10-02,12.75
2003-10-03,12.699999809265137
2003-10-06,12.25
2003-10-07,12.699999809265137
2003-10-08,12.449999809265137
2003-10-09,12.300000190734863
2003-10-10,12.100000381469727
2003-10-13,12.600000381469727
2003-10-14,14.800000190734863
2003-10-15,15.25
2003-10-16,15.850000381469727
2003-10-17,15.0
2003-10-20,15.149999618530273
2003-10-21,14.25
2003-10-22,14.5
2003-10-23,14.149999618530273
2003-10-24,13.949999809265137
2003-10-27,14.0
2003-10-28,16.75
2003-10-29,15.550000190734863
2003-10-30,15.0
2003-10-31,14.75
2003-11-03,15.050000190734863
2003-11-04,15.899999618530273
2003-11-05,15.300000190734863
2003-11-06,15.0
2003-11-07,15.149999618530273
2003-11-10,13.399999618530273
2003-11-11,12.800000190734863
2003-11-12,13.449999809265137
2003-11-13,12.800000190734863
2003-11-14,10.399999618530273
2003-11-17,10.0
2003-11-18,9.800000190734863
2003-11-19,9.149999618530273
2003-11-20,9.300000190734863
2003-11-21,9.050000190734863
2003-11-24,9.5
2003-11-25,10.5
2003-11-26,10.25
2003-11-28,10.800000190734863
2003-12-01,10.600000381469727
2003-12-02,10.399999618530273
2003-12-03,10.300000190734863
2003-12-04,10.0
2003-12-05,9.5
2003-12-08,9.350000381469727
2003-12-09,9.0
2003-12-10,9.100000381469727
2003-12-11,9.399999618530273
2003-12-12,9.300000190734863
2003-12-15,8.649999618530273
2003-12-16,8.0
2003-12-17,7.650000095367432
2003-12-18,8.050000190734863
2003-12-19,8.199999809265137
2003-12-22,7.849999904632568
2003-12-23,7.599999904632568
2003-12-24,7.300000190734863
2003-12-26,7.199999809265137
2003-12-29,7.5
2003-12-30,8.649999618530273
2003-12-31,8.350000381469727
2004-01-02,8.75
2004-01-05,9.199999809265137
2004-01-06,8.800000190734863
2004-01-07,8.699999809265137
2004-01-08,8.5
2004-01-09,8.5
2004-01-12,8.550000190734863
2004-01-13,8.399999618530273
2004-01-14,9.199999809265137
2004-01-15,9.949999809265137
2004-01-16,10.350000381469727
2004-01-20,9.600000381469727
2004-01-21,9.699999809265137
2004-01-22,10.0
2004-01-23,9.800000190734863
2004-01-26,9.75
2004-01-27,9.949999809265137
2004-01-28,8.800000190734863
2004-01-29,8.899999618530273
2004-01-30,8.949999809265137
2004-02-02,8.75
2004-02-03,8.199999809265137
2004-02-04,8.100000381469727
2004-02-05,8.199999809265137
2004-02-06,8.550000190734863
2004-02-09,8.300000190734863
2004-02-10,8.199999809265137
2004-02-11,8.350000381469727
2004-02-12,8.600000381469727
2004-02-13,8.5
2004-02-17,8.300000190734863
2004-02-18,9.199999809265137
2004-02-19,9.5
2004-02-20,8.850000381469727
2004-02-23,8.25
2004-02-24,8.149999618530273
2004-02-25,8.550000190734863
2004-02-26,8.449999809265137
2004-02-27,8.600000381469727
2004-03-01,8.600000381469727
2004-03-02,8.449999809265137
2004-03-03,9.0
2004-03-04,8.800000190734863
2004-03-05,8.550000190734863
2004-03-08,8.399999618530273
2004-03-09,8.25
2004-03-10,8.100000381469727
2004-03-11,7.800000190734863
2004-03-12,7.800000190734863
2004-03-15,7.449999809265137
2004-03-16,7.300000190734863
2004-03-17,7.800000190734863
2004-03-18,7.550000190734863
2004-03-19,7.599999904632568
2004-03-22,6.849999904632568
2004-03-23,7.0
2004-03-24,6.650000095367432
2004-03-25,6.949999809265137
2004-03-26,6.800000190734863
2004-03-29,7.050000190734863
2004-03-30,7.150000095367432
2004-03-31,6.949999809265137
2004-04-01,7.0
2004-04-02,6.949999809265137
2004-04-05,7.400000095367432
2004-04-06,7.099999904632568
2004-04-07,7.099999904632568
2004-04-08,7.300000190734863
2004-04-12,9.350000381469727
2004-04-13,8.399999618530273
2004-04-14,8.350000381469727
2004-04-15,7.900000095367432
2004-04-16,7.949999809265137
2004-04-19,7.699999809265137
2004-04-20,8.0
2004-04-21,7.699999809265137
2004-04-22,7.650000095367432
2004-04-23,7.400000095367432
2004-04-26,7.5
2004-04-27,7.449999809265137
2004-04-28,7.099999904632568
2004-04-29,6.849999904632568
2004-04-30,6.099999904632568
2004-05-03,6.25
2004-05-04,6.400000095367432
2004-05-05,6.449999809265137
2004-05-06,6.349999904632568
2004-05-07,5.849999904632568
2004-05-10,5.300000190734863
2004-05-11,5.650000095367432
2004-05-12,5.75
2004-05-13,5.599999904632568
2004-05-14,5.699999809265137
2004-05-17,5.400000095367432
2004-05-18,5.449999809265137
2004-05-19,5.5
2004-05-20,5.449999809265137
2004-05-21,5.650000095367432
2004-05-24,6.400000095367432
2004-05-25,6.150000095367432
2004-05-26,6.0
2004-05-27,6.099999904632568
2004-05-28,6.599999904632568
2004-06-01,7.150000095367432
2004-06-02,6.599999904632568
2004-06-03,6.349999904632568
2004-06-04,6.400000095367432
2004-06-07,6.650000095367432
2004-06-08,6.650000095367432
2004-06-09,6.300000190734863
2004-06-10,6.199999809265137
2004-06-14,5.800000190734863
2004-06-15,5.699999809265137
2004-06-16,5.699999809265137
2004-06-17,5.699999809265137
2004-06-18,5.650000095367432
2004-06-21,5.699999809265137
2004-06-22,5.849999904632568
2004-06-23,6.0
2004-06-24,5.849999904632568
2004-06-25,5.900000095367432
2004-06-28,5.849999904632568
2004-06-29,5.900000095367432
2004-06-30,6.0
2004-07-01,5.699999809265137
2004-07-02,5.550000190734863
2004-07-06,5.349999904632568
2004-07-07,5.699999809265137
2004-07-08,5.300000190734863
2004-07-09,5.400000095367432
2004-07-12,5.300000190734863
2004-07-13,5.050000190734863
2004-07-14,5.0
2004-07-15,5.0
2004-07-16,4.400000095367432
2004-07-19,4.25
2004-07-20,4.300000190734863
2004-07-21,4.050000190734863
2004-07-22,3.950000047683716
2004-07-23,3.8499999046325684
2004-07-26,3.5
2004-07-27,3.5999999046325684
2004-07-28,3.549999952316284
2004-07-29,3.8499999046325684
2004-07-30,3.9000000953674316
2004-08-02,3.700000047683716
2004-08-03,3.75
2004-08-04,3.700000047683716
2004-08-05,3.5999999046325684
2004-08-06,3.8499999046325684
2004-08-09,3.8499999046325684
2004-08-10,3.9000000953674316
2004-08-11,3.799999952316284
2004-08-12,3.700000047683716
2004-08-13,3.799999952316284
2004-08-16,4.099999904632568
2004-08-17,4.199999809265137
2004-08-18,4.300000190734863
2004-08-19,4.25
2004-08-20,4.400000095367432
2004-08-23,4.400000095367432
2004-08-24,4.400000095367432
2004-08-25,4.699999809265137
2004-08-26,5.199999809265137
2004-08-27,5.300000190734863
2004-08-30,5.349999904632568
2004-08-31,5.650000095367432
2004-09-01,5.699999809265137
2004-09-02,5.650000095367432
2004-09-03,5.400000095367432
2004-09-07,5.550000190734863
2004-09-08,5.5
2004-09-09,5.25
2004-09-10,5.349999904632568
2004-09-13,5.5
2004-09-14,5.449999809265137
2004-09-15,5.449999809265137
2004-09-16,5.449999809265137
2004-09-17,5.400000095367432
2004-09-20,5.25
2004-09-21,5.400000095367432
2004-09-22,7.150000095367432
2004-09-23,6.75
2004-09-24,6.550000190734863
2004-09-27,6.050000190734863
2004-09-28,5.900000095367432
2004-09-29,6.0
2004-09-30,6.25
2004-10-01,6.5
2004-10-04,7.150000095367432
2004-10-05,7.550000190734863
2004-10-06,7.349999904632568
2004-10-07,7.199999809265137
2004-10-08,6.849999904632568
2004-10-11,6.599999904632568
2004-10-12,7.5
2004-10-13,7.349999904632568
2004-10-14,7.150000095367432
2004-10-15,6.800000190734863
2004-10-18,6.75
2004-10-19,7.0
2004-10-20,6.550000190734863
2004-10-21,6.75
2004-10-22,7.050000190734863
2004-10-25,7.050000190734863
2004-10-26,7.050000190734863
2004-10-27,7.949999809265137
2004-10-28,7.849999904632568
2004-10-29,7.849999904632568
2004-11-01,7.699999809265137
2004-11-02,7.349999904632568
2004-11-03,7.150000095367432
2004-11-04,6.949999809265137
2004-11-05,7.0
2004-11-08,6.949999809265137
2004-11-09,6.800000190734863
2004-11-10,7.050000190734863
2004-11-11,7.349999904632568
2004-11-12,7.599999904632568
2004-11-15,7.150000095367432
2004-11-16,7.400000095367432
2004-11-17,7.449999809265137
2004-11-18,7.550000190734863
2004-11-19,7.349999904632568
2004-11-22,7.25
2004-11-23,7.400000095367432
2004-11-24,9.25
2004-11-26,9.899999618530273
2004-11-29,9.5
2004-11-30,10.149999618530273
2004-12-01,12.149999618530273
2004-12-02,9.949999809265137
2004-12-03,9.449999809265137
2004-12-06,9.949999809265137
2004-12-07,9.399999618530273
2004-12-08,9.149999618530273
2004-12-09,8.850000381469727
2004-12-10,9.850000381469727
2004-12-13,9.800000190734863
2004-12-14,9.850000381469727
2004-12-15,10.649999618530273
2004-12-16,10.300000190734863
2004-12-17,9.850000381469727
2004-12-20,9.649999618530273
2004-12-21,9.550000190734863
2004-12-22,9.350000381469727
2004-12-23,9.449999809265137
2004-12-27,9.449999809265137
2004-12-28,9.199999809265137
2004-12-29,9.0
2004-12-30,9.199999809265137
2004-12-31,9.050000190734863
2005-01-03,9.300000190734863
2005-01-04,8.800000190734863
2005-01-05,8.649999618530273
2005-01-06,8.5
2005-01-07,8.399999618530273
2005-01-10,8.25
2005-01-11,7.800000190734863
2005-01-12,7.650000095367432
2005-01-13,8.149999618530273
2005-01-14,8.399999618530273
2005-01-18,8.199999809265137
2005-01-19,7.75
2005-01-20,7.349999904632568
2005-01-21,7.400000095367432
2005-01-24,6.949999809265137
2005-01-25,7.150000095367432
2005-01-26,7.150000095367432
2005-01-27,7.650000095367432
2005-01-28,7.75
2005-01-31,7.650000095367432
2005-02-01,7.800000190734863
2005-02-02,8.25
2005-02-03,8.25
2005-02-04,8.149999618530273
2005-02-07,7.800000190734863
2005-02-08,7.699999809265137
2005-02-09,7.699999809265137
2005-02-10,7.550000190734863
2005-02-11,7.550000190734863
2005-02-14,7.5
2005-02-15,7.650000095367432
2005-02-16,7.5
2005-02-17,7.449999809265137
2005-02-18,7.550000190734863
2005-02-22,7.699999809265137
2005-02-23,7.650000095367432
2005-02-24,7.699999809265137
2005-02-25,7.699999809265137
2005-02-28,7.650000095367432
2005-03-01,7.650000095367432
2005-03-02,8.25
2005-03-03,8.5
2005-03-04,8.25
2005-03-07,8.050000190734863
2005-03-08,7.75
2005-03-09,7.650000095367432
2005-03-10,7.599999904632568
2005-03-11,7.550000190734863
2005-03-14,7.699999809265137
2005-03-15,7.599999904632568
2005-03-16,7.400000095367432
2005-03-17,7.099999904632568
2005-03-18,7.150000095367432
2005-03-21,7.150000095367432
2005-03-22,7.25
2005-03-23,6.949999809265137
2005-03-24,6.800000190734863
2005-03-28,6.75
2005-03-29,6.5
2005-03-30,6.900000095367432
2005-03-31,7.75
2005-04-01,7.199999809265137
2005-04-04,7.349999904632568
2005-04-05,7.050000190734863
2005-04-06,7.050000190734863
2005-04-07,7.199999809265137
2005-04-08,6.949999809265137
2005-04-11,7.650000095367432
2005-04-12,7.599999904632568
2005-04-13,8.0
2005-04-14,7.650000095367432
2005-04-15,7.349999904632568
2005-04-18,7.099999904632568
2005-04-19,7.449999809265137
2005-04-20,7.349999904632568
2005-04-21,7.349999904632568
2005-04-22,7.349999904632568
2005-04-25,7.25
2005-04-26,7.050000190734863
2005-04-27,7.150000095367432
2005-04-28,6.949999809265137
2005-04-29,7.150000095367432
2005-05-02,6.900000095367432
2005-05-03,6.900000095367432
2005-05-04,7.150000095367432
2005-05-05,7.050000190734863
2005-05-06,7.0
2005-05-09,7.550000190734863
2005-05-10,7.349999904632568
2005-05-11,7.349999904632568
2005-05-12,7.400000095367432
2005-05-13,7.5
2005-05-16,7.400000095367432
2005-05-17,7.300000190734863
2005-05-18,7.349999904632568
2005-05-19,7.25
2005-05-20,7.300000190734863
2005-05-23,7.199999809265137
2005-05-24,7.349999904632568
2005-05-25,7.300000190734863
2005-05-26,7.449999809265137
2005-05-27,7.800000190734863
2005-05-31,7.75
2005-06-01,8.350000381469727
2005-06-02,8.5
2005-06-03,8.600000381469727
2005-06-06,8.600000381469727
2005-06-07,8.25
2005-06-08,8.699999809265137
2005-06-09,8.899999618530273
2005-06-10,9.600000381469727
2005-06-13,11.199999809265137
2005-06-14,10.399999618530273
2005-06-15,10.699999809265137
2005-06-16,12.399999618530273
2005-06-17,11.850000381469727
2005-06-20,11.649999618530273
2005-06-21,11.0
2005-06-22,10.800000190734863
2005-06-23,10.600000381469727
2005-06-24,10.449999809265137
2005-06-27,11.100000381469727
2005-06-28,10.949999809265137
2005-06-29,10.649999618530273
2005-06-30,10.699999809265137
2005-07-01,11.5
2005-07-05,12.100000381469727
2005-07-06,11.850000381469727
2005-07-07,11.649999618530273
2005-07-08,13.0
2005-07-11,12.600000381469727
2005-07-12,12.600000381469727
2005-07-13,12.550000190734863
2005-07-14,12.25
2005-07-15,12.0
2005-07-18,12.25
2005-07-19,13.300000190734863
2005-07-20,10.600000381469727
2005-07-21,10.100000381469727
2005-07-22,10.25
2005-07-25,9.300000190734863
2005-07-26,9.449999809265137
2005-07-27,9.399999618530273
2005-07-28,9.899999618530273
2005-07-29,9.800000190734863
2005-08-01,9.699999809265137
2005-08-02,9.5
2005-08-03,9.600000381469727
2005-08-04,9.550000190734863
2005-08-05,9.75
2005-08-08,9.899999618530273
2005-08-09,10.75
2005-08-10,10.5
2005-08-11,10.449999809265137
2005-08-12,10.199999809265137
2005-08-15,10.050000190734863
2005-08-16,10.0
2005-08-17,10.25
2005-08-18,10.100000381469727
2005-08-19,10.25
2005-08-22,10.149999618530273
2005-08-23,10.149999618530273
2005-08-24,10.300000190734863
2005-08-25,10.550000190734863
2005-08-26,10.600000381469727
2005-08-29,10.5
2005-08-30,10.5
2005-08-31,10.25
2005-09-01,10.199999809265137
2005-09-02,10.149999618530273
2005-09-06,10.25
2005-09-07,10.199999809265137
2005-09-08,10.149999618530273
2005-09-09,9.5
2005-09-12,9.5
2005-09-13,9.449999809265137
2005-09-14,9.449999809265137
2005-09-15,9.449999809265137
2005-09-16,9.449999809265137
2005-09-19,9.449999809265137
2005-09-20,9.449999809265137
2005-09-21,9.050000190734863
2005-09-22,8.75
2005-09-23,8.550000190734863
2005-09-26,8.399999618530273
2005-09-27,8.899999618530273
2005-09-28,8.899999618530273
2005-09-29,9.0
2005-09-30,9.100000381469727
2005-10-03,9.5
2005-10-04,9.350000381469727
2005-10-05,9.100000381469727
2005-10-06,8.800000190734863
2005-10-07,8.899999618530273
2005-10-10,9.449999809265137
2005-10-11,9.5
2005-10-12,9.399999618530273
2005-10-13,9.100000381469727
2005-10-14,9.300000190734863
2005-10-17,9.300000190734863
2005-10-18,9.0
2005-10-19,9.0
2005-10-20,8.850000381469727
2005-10-21,9.0
2005-10-24,9.100000381469727
2005-10-25,9.0
2005-10-26,8.850000381469727
2005-10-27,8.800000190734863
2005-10-28,8.850000381469727
2005-10-31,9.050000190734863
2005-11-01,9.050000190734863
2005-11-02,10.050000190734863
2005-11-03,9.949999809265137
2005-11-04,10.199999809265137
2005-11-07,10.600000381469727
2005-11-08,11.0
2005-11-09,10.949999809265137
2005-11-10,11.149999618530273
2005-11-11,11.199999809265137
2005-11-14,11.300000190734863
2005-11-15,10.800000190734863
2005-11-16,10.600000381469727
2005-11-17,11.850000381469727
2005-11-18,12.0
2005-11-21,12.449999809265137
2005-11-22,12.300000190734863
2005-11-23,11.800000190734863
2005-11-25,12.149999618530273
2005-11-28,12.600000381469727
2005-11-29,12.050000190734863
2005-11-30,12.149999618530273
2005-12-01,12.550000190734863
2005-12-02,12.550000190734863
2005-12-05,13.449999809265137
2005-12-06,13.5
2005-12-07,13.800000190734863
2005-12-08,13.449999809265137
2005-12-09,13.449999809265137
2005-12-12,13.449999809265137
2005-12-13,13.449999809265137
2005-12-14,13.0
2005-12-15,12.800000190734863
2005-12-16,12.699999809265137
2005-12-19,14.649999618530273
2005-12-20,14.25
2005-12-21,14.100000381469727
2005-12-22,14.949999809265137
2005-12-23,14.949999809265137
2005-12-27,14.399999618530273
2005-12-28,14.449999809265137
2005-12-29,14.199999809265137
2005-12-30,14.25
2006-01-03,14.5
2006-01-04,16.25
2006-01-05,15.949999809265137
2006-01-06,19.0
2006-01-09,18.899999618530273
2006-01-10,19.549999237060547
2006-01-11,21.850000381469727
2006-01-12,20.75
2006-01-13,20.0
2006-01-17,22.25
2006-01-18,23.649999618530273
2006-01-19,22.950000762939453
2006-01-20,23.600000381469727
2006-01-23,23.299999237060547
2006-01-24,23.600000381469727
2006-01-25,27.5
2006-01-26,25.25
2006-01-27,24.149999618530273
2006-01-30,26.100000381469727
2006-01-31,25.25
2006-02-01,24.049999237060547
2006-02-02,23.350000381469727
2006-02-03,23.700000762939453
2006-02-06,22.649999618530273
2006-02-07,20.799999237060547
2006-02-08,20.299999237060547
2006-02-09,21.75
2006-02-10,23.5
2006-02-13,23.25
2006-02-14,22.950000762939453
2006-02-15,22.549999237060547
2006-02-16,23.049999237060547
2006-02-17,23.0
2006-02-21,22.600000381469727
2006-02-22,22.600000381469727
2006-02-23,22.549999237060547
2006-02-24,23.75
2006-02-27,22.549999237060547
2006-02-28,22.549999237060547
2006-03-01,22.649999618530273
2006-03-02,22.5
2006-03-03,22.799999237060547
2006-03-06,22.049999237060547
2006-03-07,21.5
2006-03-08,21.350000381469727
2006-03-09,21.75
2006-03-10,22.0
2006-03-13,22.450000762939453
2006-03-14,22.350000381469727
2006-03-15,22.5
2006-03-16,22.5
2006-03-17,24.549999237060547
2006-03-20,26.600000381469727
2006-03-21,25.299999237060547
2006-03-22,25.950000762939453
2006-03-23,29.0
2006-03-24,27.399999618530273
2006-03-27,29.350000381469727
2006-03-28,30.049999237060547
2006-03-29,28.899999618530273
2006-03-30,28.700000762939453
2006-03-31,28.399999618530273
2006-04-03,31.5
2006-04-04,31.600000381469727
2006-04-05,31.899999618530273
2006-04-06,32.95000076293945
2006-04-07,32.349998474121094
2006-04-10,32.20000076293945
2006-04-11,30.649999618530273
2006-04-12,32.650001525878906
2006-04-13,33.0
2006-04-17,34.150001525878906
2006-04-18,35.70000076293945
2006-04-19,36.099998474121094
2006-04-20,35.45000076293945
2006-04-21,37.0
2006-04-24,36.75
2006-04-25,36.70000076293945
2006-04-26,38.5
2006-04-27,40.5
2006-04-28,41.349998474121094
2006-05-01,48.599998474121094
2006-05-02,48.900001525878906
2006-05-03,51.95000076293945
2006-05-04,50.0
2006-05-05,47.29999923706055
2006-05-08,50.0
2006-05-09,48.900001525878906
2006-05-10,49.099998474121094
2006-05-11,51.849998474121094
2006-05-12,51.79999923706055
2006-05-15,49.25
2006-05-16,49.20000076293945
2006-05-17,49.45000076293945
2006-05-18,48.54999923706055
2006-05-19,46.70000076293945
2006-05-22,40.099998474121094
2006-05-23,40.20000076293945
2006-05-24,40.650001525878906
2006-05-25,42.099998474121094
2006-05-26,43.0
2006-05-30,41.5
2006-05-31,41.099998474121094
2006-06-01,41.5
2006-06-02,41.04999923706055
2006-06-05,45.0
2006-06-06,44.0
2006-06-07,43.25
2006-06-08,40.5
2006-06-09,41.599998474121094
2006-06-12,39.54999923706055
2006-06-13,32.0
2006-06-14,32.599998474121094
2006-06-15,35.099998474121094
2006-06-16,34.599998474121094
2006-06-19,35.849998474121094
2006-06-20,34.75
2006-06-21,34.79999923706055
2006-06-22,35.599998474121094
2006-06-23,39.599998474121094
2006-06-26,42.599998474121094
2006-06-27,40.849998474121094
2006-06-28,41.75
2006-06-29,42.29999923706055
2006-06-30,44.400001525878906
2006-07-03,43.5
2006-07-05,43.0
2006-07-06,42.20000076293945
2006-07-07,40.20000076293945
2006-07-10,38.400001525878906
2006-07-11,42.349998474121094
2006-07-12,40.849998474121094
2006-07-13,39.45000076293945
2006-07-14,39.70000076293945
2006-07-17,39.099998474121094
2006-07-18,36.5
2006-07-19,39.20000076293945
2006-07-20,38.04999923706055
2006-07-21,39.04999923706055
2006-07-24,40.150001525878906
2006-07-25,42.04999923706055
2006-07-26,41.849998474121094
2006-07-27,40.5
2006-07-28,41.849998474121094
2006-07-31,43.79999923706055
2006-08-01,43.0
2006-08-02,43.95000076293945
2006-08-03,43.75
2006-08-04,46.20000076293945
2006-08-07,46.95000076293945
2006-08-08,45.79999923706055
2006-08-09,43.5
2006-08-10,40.70000076293945
2006-08-11,41.45000076293945
2006-08-14,41.20000076293945
2006-08-15,43.099998474121094
2006-08-16,43.95000076293945
2006-08-17,42.900001525878906
2006-08-18,43.79999923706055
2006-08-21,43.5
2006-08-22,44.599998474121094
2006-08-23,43.5
2006-08-24,43.150001525878906
2006-08-25,43.849998474121094
2006-08-28,44.95000076293945
2006-08-29,45.900001525878906
2006-08-30,45.75
2006-08-31,46.95000076293945
2006-09-01,49.0
2006-09-05,48.20000076293945
2006-09-06,48.45000076293945
2006-09-07,55.79999923706055
2006-09-08,51.70000076293945
2006-09-11,55.099998474121094
2006-09-12,52.75
2006-09-13,55.5
2006-09-14,55.099998474121094
2006-09-15,55.900001525878906
2006-09-18,59.0
2006-09-19,57.5
2006-09-20,60.0
2006-09-21,61.900001525878906
2006-09-22,59.75
2006-09-25,60.599998474121094
2006-09-26,59.349998474121094
2006-09-27,58.54999923706055
2006-09-28,56.04999923706055
2006-09-29,56.0
2006-10-02,49.20000076293945
2006-10-03,50.900001525878906
2006-10-04,49.75
2006-10-05,51.349998474121094
2006-10-06,51.25
2006-10-09,51.25
2006-10-10,53.400001525878906
2006-10-11,54.45000076293945
2006-10-12,55.29999923706055
2006-10-13,55.04999923706055
2006-10-16,53.900001525878906
2006-10-17,52.849998474121094
2006-10-18,52.25
2006-10-19,52.849998474121094
2006-10-20,52.400001525878906
2006-10-23,52.20000076293945
2006-10-24,49.29999923706055
2006-10-25,48.400001525878906
2006-10-26,49.599998474121094
2006-10-27,47.650001525878906
2006-10-30,48.900001525878906
2006-10-31,48.349998474121094
2006-11-01,49.349998474121094
2006-11-02,48.599998474121094
2006-11-03,48.70000076293945
2006-11-06,51.5
2006-11-07,52.25
2006-11-08,53.599998474121094
2006-11-09,50.650001525878906
2006-11-10,52.54999923706055
2006-11-13,51.900001525878906
2006-11-14,52.0
2006-11-15,51.849998474121094
2006-11-16,52.04999923706055
2006-11-17,51.45000076293945
2006-11-20,52.04999923706055
2006-11-21,51.349998474121094
2006-11-22,51.849998474121094
2006-11-24,51.79999923706055
2006-11-27,50.0
2006-11-28,49.54999923706055
2006-11-29,49.04999923706055
2006-11-30,48.79999923706055
2006-12-01,48.599998474121094
2006-12-04,49.0
2006-12-05,44.29999923706055
2006-12-06,46.45000076293945
2006-12-07,47.25
2006-12-08,47.650001525878906
2006-12-11,47.400001525878906
2006-12-12,46.099998474121094
2006-12-13,45.79999923706055
2006-12-14,48.099998474121094
2006-12-15,51.349998474121094
2006-12-18,49.04999923706055
2006-12-19,49.5
2006-12-20,49.599998474121094
2006-12-21,49.900001525878906
2006-12-22,49.70000076293945
2006-12-26,49.599998474121094
2006-12-27,49.75
2006-12-28,49.5
2006-12-29,48.849998474121094
2007-01-03,48.95000076293945
2007-01-04,48.79999923706055
2007-01-05,47.95000076293945
2007-01-08,47.349998474121094
2007-01-09,46.400001525878906
2007-01-10,48.0
2007-01-11,49.400001525878906
2007-01-12,49.400001525878906
2007-01-16,48.70000076293945
2007-01-17,51.04999923706055
2007-01-18,51.599998474121094
2007-01-19,51.0
2007-01-22,51.900001525878906
2007-01-23,53.349998474121094
2007-01-24,55.54999923706055
2007-01-25,54.400001525878906
2007-01-26,55.349998474121094
2007-01-29,55.0
2007-01-30,55.75
2007-01-31,59.25
2007-02-01,58.75
2007-02-02,58.400001525878906
2007-02-05,59.04999923706055
2007-02-06,59.04999923706055
2007-02-07,63.29999923706055
2007-02-08,63.099998474121094
2007-02-09,62.0
2007-02-12,59.349998474121094
2007-02-13,60.150001525878906
2007-02-14,61.95000076293945
2007-02-15,60.650001525878906
2007-02-16,61.79999923706055
2007-02-20,66.75
2007-02-21,67.69999694824219
2007-02-22,65.5
2007-02-23,66.8499984741211
2007-02-26,65.5999984741211
2007-02-27,60.75
2007-02-28,60.79999923706055
2007-03-01,59.150001525878906
2007-03-02,58.79999923706055
2007-03-05,54.849998474121094
2007-03-06,59.099998474121094
2007-03-07,59.29999923706055
2007-03-08,60.75
2007-03-09,60.5
2007-03-12,63.400001525878906
2007-03-13,59.900001525878906
2007-03-14,62.45000076293945
2007-03-15,61.79999923706055
2007-03-16,61.849998474121094
2007-03-19,65.05000305175781
2007-03-20,67.80000305175781
2007-03-21,68.6500015258789
2007-03-22,68.69999694824219
2007-03-23,69.75
2007-03-26,71.69999694824219
2007-03-27,70.30000305175781
2007-03-28,69.9000015258789
2007-03-29,68.5999984741211
2007-03-30,69.0999984741211
2007-04-02,71.0999984741211
2007-04-03,74.25
2007-04-04,75.05000305175781
2007-04-05,75.5
2007-04-09,74.05000305175781
2007-04-10,73.0
2007-04-11,70.80000305175781
2007-04-12,72.5
2007-04-13,72.19999694824219
2007-04-16,72.05000305175781
2007-04-17,70.44999694824219
2007-04-18,69.5999984741211
2007-04-19,69.5999984741211
2007-04-20,71.3499984741211
2007-04-23,72.30000305175781
2007-04-24,71.5999984741211
2007-04-25,71.9000015258789
2007-04-26,72.0999984741211
2007-04-27,71.30000305175781
2007-04-30,70.4000015258789
2007-05-01,69.6500015258789
2007-05-02,69.69999694824219
2007-05-03,71.5999984741211
2007-05-04,72.5999984741211
2007-05-07,75.4000015258789
2007-05-08,76.55000305175781
2007-05-09,78.5
2007-05-10,77.5
2007-05-11,79.6500015258789
2007-05-14,78.30000305175781
2007-05-15,75.94999694824219
2007-05-16,79.0
2007-05-17,78.3499984741211
2007-05-18,78.94999694824219
2007-05-21,79.8499984741211
2007-05-22,74.4000015258789
2007-05-23,73.55000305175781
2007-05-24,71.30000305175781
2007-05-25,71.19999694824219
2007-05-29,75.05000305175781
2007-05-30,74.94999694824219
2007-05-31,74.0999984741211
2007-06-01,73.0999984741211
2007-06-04,74.6500015258789
2007-06-05,75.80000305175781
2007-06-06,74.55000305175781
2007-06-07,73.25
2007-06-08,74.69999694824219
2007-06-11,74.30000305175781
2007-06-12,72.8499984741211
2007-06-13,72.19999694824219
2007-06-14,71.4000015258789
2007-06-15,73.30000305175781
2007-06-18,70.80000305175781
2007-06-19,70.8499984741211
2007-06-20,70.9000015258789
2007-06-21,70.55000305175781
2007-06-22,68.5999984741211
2007-06-25,65.69999694824219
2007-06-26,64.80000305175781
2007-06-27,66.44999694824219
2007-06-28,67.25
2007-06-29,67.4000015258789
2007-07-02,68.19999694824219
2007-07-03,67.6500015258789
2007-07-05,66.80000305175781
2007-07-06,67.4000015258789
2007-07-09,67.1500015258789
2007-07-10,66.0
2007-07-11,64.8499984741211
2007-07-12,68.9000015258789
2007-07-13,69.0
2007-07-16,67.6500015258789
2007-07-17,66.25
2007-07-18,65.25
2007-07-19,65.8499984741211
2007-07-20,64.69999694824219
2007-07-23,62.150001525878906
2007-07-24,58.849998474121094
2007-07-25,59.79999923706055
2007-07-26,56.099998474121094
2007-07-27,54.79999923706055
2007-07-30,54.45000076293945
2007-07-31,53.849998474121094
2007-08-01,53.79999923706055
2007-08-02,53.75
2007-08-03,52.29999923706055
2007-08-06,49.599998474121094
2007-08-07,47.25
2007-08-08,50.5
2007-08-09,50.75
2007-08-10,54.0
2007-08-13,53.900001525878906
2007-08-14,59.70000076293945
2007-08-15,62.349998474121094
2007-08-16,61.0
2007-08-17,61.95000076293945
2007-08-20,61.0
2007-08-21,61.349998474121094
2007-08-22,63.45000076293945
2007-08-23,63.099998474121094
2007-08-24,64.9000015258789
2007-08-27,65.5
2007-08-28,64.05000305175781
2007-08-29,64.5999984741211
2007-08-30,64.55000305175781
2007-08-31,65.80000305175781
2007-09-04,67.8499984741211
2007-09-05,68.5
2007-09-06,70.94999694824219
2007-09-07,74.25
2007-09-10,77.05000305175781
2007-09-11,79.05000305175781
2007-09-12,78.1500015258789
2007-09-13,76.19999694824219
2007-09-14,76.05000305175781
2007-09-17,76.19999694824219
2007-09-18,77.25
2007-09-19,78.6500015258789
2007-09-20,82.25
2007-09-21,83.80000305175781
2007-09-24,81.4000015258789
2007-09-25,82.25
2007-09-26,80.5
2007-09-27,79.5
2007-09-28,80.80000305175781
2007-10-01,83.0
2007-10-02,85.3499984741211
2007-10-03,85.19999694824219
2007-10-04,89.9000015258789
2007-10-05,88.69999694824219
2007-10-08,89.6500015258789
2007-10-09,89.4000015258789
2007-10-10,89.5
2007-10-11,101.94999694824219
2007-10-12,104.5
2007-10-15,106.0
2007-10-16,104.94999694824219
2007-10-17,107.30000305175781
2007-10-18,114.1500015258789
2007-10-19,108.25
2007-10-22,106.5999984741211
2007-10-23,108.5
2007-10-24,107.05000305175781
2007-10-25,108.55000305175781
2007-10-26,110.30000305175781
2007-10-29,117.80000305175781
2007-10-30,123.05000305175781
2007-10-31,122.4000015258789
2007-11-01,122.8499984741211
2007-11-02,119.6500015258789
2007-11-05,119.3499984741211
2007-11-06,107.9000015258789
2007-11-07,101.05000305175781
2007-11-08,98.19999694824219
2007-11-09,94.69999694824219
2007-11-12,82.1500015258789
2007-11-13,105.5
2007-11-14,103.75
2007-11-15,104.4000015258789
2007-11-16,97.94999694824219
2007-11-19,92.9000015258789
2007-11-20,89.55000305175781
2007-11-21,84.80000305175781
2007-11-23,88.0999984741211
2007-11-26,88.9000015258789
2007-11-27,90.69999694824219
2007-11-28,93.9000015258789
2007-11-29,94.0
2007-11-30,94.25
2007-12-03,90.8499984741211
2007-12-04,90.6500015258789
2007-12-05,93.1500015258789
2007-12-06,99.0999984741211
2007-12-07,105.0
2007-12-10,102.30000305175781
2007-12-11,95.0
2007-12-12,94.44999694824219
2007-12-13,91.0999984741211
2007-12-14,95.6500015258789
2007-12-17,91.6500015258789
2007-12-18,96.19999694824219
2007-12-19,97.44999694824219
2007-12-20,97.94999694824219
2007-12-21,100.25
2007-12-24,102.75
2007-12-26,101.1500015258789
2007-12-27,98.5
2007-12-28,99.25
2007-12-31,93.75
2008-01-02,93.1500015258789
2008-01-03,95.05000305175781
2008-01-04,89.9000015258789
2008-01-07,83.19999694824219
2008-01-08,83.8499984741211
2008-01-09,87.0999984741211
2008-01-10,91.4000015258789
2008-01-11,88.0
2008-01-14,90.69999694824219
2008-01-15,85.0
2008-01-16,79.55000305175781
2008-01-17,77.1500015258789
2008-01-18,79.0
2008-01-22,74.5999984741211
2008-01-23,74.3499984741211
2008-01-24,78.5999984741211
2008-01-25,80.0
2008-01-28,79.4000015258789
2008-01-29,80.05000305175781
2008-01-30,79.6500015258789
2008-01-31,87.25
2008-02-01,91.05000305175781
2008-02-04,93.80000305175781
2008-02-05,91.5
2008-02-06,91.6500015258789
2008-02-07,92.9000015258789
2008-02-08,94.44999694824219
2008-02-11,100.19999694824219
2008-02-12,99.55000305175781
2008-02-13,102.25
2008-02-14,100.3499984741211
2008-02-15,99.94999694824219
2008-02-19,97.5
2008-02-20,98.75
2008-02-21,98.55000305175781
2008-02-22,98.3499984741211
2008-02-25,102.19999694824219
2008-02-26,102.55000305175781
2008-02-27,103.5
2008-02-28,101.4000015258789
2008-02-29,97.94999694824219
2008-03-03,94.3499984741211
2008-03-04,92.75
2008-03-05,96.5999984741211
2008-03-06,95.30000305175781
2008-03-07,95.5999984741211
2008-03-10,92.5
2008-03-11,86.4000015258789
2008-03-12,84.0999984741211
2008-03-13,81.4000015258789
2008-03-14,78.69999694824219
2008-03-17,71.19999694824219
2008-03-18,76.94999694824219
2008-03-19,71.75
2008-03-20,72.0
2008-03-24,77.05000305175781
2008-03-25,75.05000305175781
2008-03-26,76.75
2008-03-27,78.1500015258789
2008-03-28,76.5999984741211
2008-03-31,77.94999694824219
2008-04-01,80.0
2008-04-02,80.6500015258789
2008-04-03,81.94999694824219
2008-04-04,83.0999984741211
2008-04-07,81.94999694824219
2008-04-08,81.44999694824219
2008-04-09,77.8499984741211
2008-04-10,79.0999984741211
2008-04-11,76.5
2008-04-14,75.30000305175781
2008-04-15,74.4000015258789
2008-04-16,77.44999694824219
2008-04-17,75.94999694824219
2008-04-18,75.6500015258789
2008-04-21,74.5999984741211
2008-04-22,74.0999984741211
2008-04-23,76.5
2008-04-24,79.25
2008-04-25,81.5
2008-04-28,82.44999694824219
2008-04-29,80.55000305175781
2008-04-30,77.80000305175781
2008-05-01,79.25
2008-05-02,80.1500015258789
2008-05-05,79.5
2008-05-06,80.5
2008-05-07,80.0
2008-05-08,82.44999694824219
2008-05-09,81.4000015258789
2008-05-12,87.3499984741211
2008-05-13,96.30000305175781
2008-05-14,92.8499984741211
2008-05-15,94.3499984741211
2008-05-16,94.1500015258789
2008-05-19,92.4000015258789
2008-05-20,88.94999694824219
2008-05-21,87.94999694824219
2008-05-22,86.8499984741211
2008-05-23,83.4000015258789
2008-05-27,86.0999984741211
2008-05-28,85.19999694824219
2008-05-29,84.3499984741211
2008-05-30,88.19999694824219
2008-06-02,86.55000305175781
2008-06-03,84.9000015258789
2008-06-04,84.75
2008-06-05,86.55000305175781
2008-06-06,84.05000305175781
2008-06-09,80.19999694824219
2008-06-10,76.44999694824219
2008-06-11,75.05000305175781
2008-06-12,73.9000015258789
2008-06-13,75.5
2008-06-16,77.80000305175781
2008-06-17,77.6500015258789
2008-06-18,75.4000015258789
2008-06-19,75.5
2008-06-20,73.5
2008-06-23,68.5
2008-06-24,66.5
2008-06-25,66.94999694824219
2008-06-26,65.25
2008-06-27,63.20000076293945
2008-06-30,59.650001525878906
2008-07-01,57.599998474121094
2008-07-02,52.79999923706055
2008-07-03,53.54999923706055
2008-07-07,58.599998474121094
2008-07-08,66.5999984741211
2008-07-09,63.25
2008-07-10,61.54999923706055
2008-07-11,60.099998474121094
2008-07-14,58.95000076293945
2008-07-15,57.5
2008-07-16,60.20000076293945
2008-07-17,66.0
2008-07-18,65.55000305175781
2008-07-21,60.849998474121094
2008-07-22,62.70000076293945
2008-07-23,64.5
2008-07-24,62.54999923706055
2008-07-25,61.79999923706055
2008-07-28,61.75
2008-07-29,65.4000015258789
2008-07-30,65.55000305175781
2008-07-31,62.79999923706055
2008-08-01,60.79999923706055
2008-08-04,56.95000076293945
2008-08-05,59.70000076293945
2008-08-06,60.20000076293945
2008-08-07,58.70000076293945
2008-08-08,59.099998474121094
2008-08-11,58.45000076293945
2008-08-12,63.25
2008-08-13,62.0
2008-08-14,62.900001525878906
2008-08-15,63.54999923706055
2008-08-18,63.150001525878906
2008-08-19,59.150001525878906
2008-08-20,58.95000076293945
2008-08-21,57.95000076293945
2008-08-22,58.29999923706055
2008-08-25,57.349998474121094
2008-08-26,55.849998474121094
2008-08-27,57.45000076293945
2008-08-28,59.79999923706055
2008-08-29,58.29999923706055
2008-09-02,56.54999923706055
2008-09-03,56.29999923706055
2008-09-04,54.650001525878906
2008-09-05,54.04999923706055
2008-09-08,54.0
2008-09-09,49.400001525878906
2008-09-10,52.75
2008-09-11,51.5
2008-09-12,51.0
2008-09-15,44.099998474121094
2008-09-16,43.54999923706055
2008-09-17,38.75
2008-09-18,39.79999923706055
2008-09-19,44.599998474121094
2008-09-22,40.20000076293945
2008-09-23,39.400001525878906
2008-09-24,40.099998474121094
2008-09-25,41.70000076293945
2008-09-26,39.04999923706055
2008-09-29,34.150001525878906
2008-09-30,36.849998474121094
2008-10-01,35.349998474121094
2008-10-02,33.79999923706055
2008-10-03,34.25
2008-10-06,33.25
2008-10-07,32.400001525878906
2008-10-08,33.5
2008-10-09,33.650001525878906
2008-10-10,31.850000381469727
2008-10-13,36.5
2008-10-14,35.650001525878906
2008-10-15,32.0
2008-10-16,32.45000076293945
2008-10-17,32.54999923706055
2008-10-20,34.79999923706055
2008-10-21,32.54999923706055
2008-10-22,30.649999618530273
2008-10-23,28.75
2008-10-24,27.350000381469727
2008-10-27,26.399999618530273
2008-10-28,26.75
2008-10-29,28.850000381469727
2008-10-30,30.299999237060547
2008-10-31,29.950000762939453
2008-11-03,31.600000381469727
2008-11-04,34.70000076293945
2008-11-05,30.450000762939453
2008-11-06,28.200000762939453
2008-11-07,29.0
2008-11-10,29.950000762939453
2008-11-11,28.25
2008-11-12,26.049999237060547
2008-11-13,27.600000381469727
2008-11-14,26.700000762939453
2008-11-17,25.0
2008-11-18,21.149999618530273
2008-11-19,17.649999618530273
2008-11-20,14.5
2008-11-21,18.950000762939453
2008-11-24,20.450000762939453
2008-11-25,21.950000762939453
2008-11-26,23.950000762939453
2008-11-28,24.5
2008-12-01,21.200000762939453
2008-12-02,22.100000381469727
2008-12-03,22.850000381469727
2008-12-04,21.5
2008-12-05,21.799999237060547
2008-12-08,22.950000762939453
2008-12-09,22.950000762939453
2008-12-10,24.0
2008-12-11,26.850000381469727
2008-12-12,28.850000381469727
2008-12-15,29.5
2008-12-16,29.649999618530273
2008-12-17,32.400001525878906
2008-12-18,28.899999618530273
2008-12-19,29.75
2008-12-22,27.350000381469727
2008-12-23,29.350000381469727
2008-12-24,28.700000762939453
2008-12-26,28.0
2008-12-29,27.399999618530273
2008-12-30,26.549999237060547
2008-12-31,28.149999618530273
2009-01-02,30.049999237060547
2009-01-05,33.150001525878906
2009-01-06,34.650001525878906
2009-01-07,32.29999923706055
2009-01-08,33.04999923706055
2009-01-09,33.79999923706055
2009-01-12,31.600000381469727
2009-01-13,34.400001525878906
2009-01-14,32.75
2009-01-15,33.20000076293945
2009-01-16,34.099998474121094
2009-01-20,29.950000762939453
2009-01-21,32.79999923706055
2009-01-22,30.149999618530273
2009-01-23,32.04999923706055
2009-01-26,33.0
2009-01-27,32.79999923706055
2009-01-28,33.400001525878906
2009-01-29,32.849998474121094
2009-01-30,32.849998474121094
2009-02-02,32.599998474121094
2009-02-03,33.20000076293945
2009-02-04,37.349998474121094
2009-02-05,35.0
2009-02-06,35.95000076293945
2009-02-09,37.20000076293945
2009-02-10,36.20000076293945
2009-02-11,36.70000076293945
2009-02-12,36.25
2009-02-13,36.900001525878906
2009-02-17,35.79999923706055
2009-02-18,34.849998474121094
2009-02-19,33.20000076293945
2009-02-20,31.649999618530273
2009-02-23,30.149999618530273
2009-02-24,31.200000762939453
2009-02-25,30.149999618530273
2009-02-26,29.600000381469727
2009-02-27,29.25
2009-03-02,25.450000762939453
2009-03-03,24.450000762939453
2009-03-04,26.0
2009-03-05,23.850000381469727
2009-03-06,24.149999618530273
2009-03-09,21.649999618530273
2009-03-10,23.850000381469727
2009-03-11,26.100000381469727
2009-03-12,26.799999237060547
2009-03-13,28.200000762939453
2009-03-16,27.200000762939453
2009-03-17,28.600000381469727
2009-03-18,28.549999237060547
2009-03-19,27.899999618530273
2009-03-20,27.799999237060547
2009-03-23,30.350000381469727
2009-03-24,29.200000762939453
2009-03-25,30.399999618530273
2009-03-26,31.799999237060547
2009-03-27,31.049999237060547
2009-03-30,29.549999237060547
2009-03-31,27.600000381469727
2009-04-01,28.149999618530273
2009-04-02,28.149999618530273
2009-04-03,28.600000381469727
2009-04-06,27.950000762939453
2009-04-07,27.549999237060547
2009-04-08,27.700000762939453
2009-04-09,28.799999237060547
2009-04-13,30.899999618530273
2009-04-14,33.70000076293945
2009-04-15,32.75
2009-04-16,34.349998474121094
2009-04-17,33.79999923706055
2009-04-20,34.099998474121094
2009-04-21,33.75
2009-04-22,33.45000076293945
2009-04-23,33.5
2009-04-24,35.099998474121094
2009-04-27,33.75
2009-04-28,32.54999923706055
2009-04-29,33.95000076293945
2009-04-30,33.25
2009-05-01,28.950000762939453
2009-05-04,30.799999237060547
2009-05-05,32.45000076293945
2009-05-06,33.5
2009-05-07,31.75
2009-05-08,32.150001525878906
2009-05-11,31.899999618530273
2009-05-12,30.950000762939453
2009-05-13,29.700000762939453
2009-05-14,30.350000381469727
2009-05-15,29.700000762939453
2009-05-18,30.399999618530273
2009-05-19,31.149999618530273
2009-05-20,30.549999237060547
2009-05-21,29.950000762939453
2009-05-22,29.75
2009-05-26,30.5
2009-05-27,30.350000381469727
2009-05-28,30.200000762939453
2009-05-29,30.25
2009-06-01,30.950000762939453
2009-06-02,31.100000381469727
2009-06-03,30.399999618530273
2009-06-04,31.549999237060547
2009-06-05,31.5
2009-06-08,30.799999237060547
2009-06-09,28.700000762939453
2009-06-10,28.049999237060547
2009-06-11,26.450000762939453
2009-06-12,26.950000762939453
2009-06-15,27.649999618530273
2009-06-16,28.600000381469727
2009-06-17,27.049999237060547
2009-06-18,26.850000381469727
2009-06-19,27.5
2009-06-22,27.850000381469727
2009-06-23,27.549999237060547
2009-06-24,28.5
2009-06-25,28.850000381469727
2009-06-26,29.049999237060547
2009-06-29,29.799999237060547
2009-06-30,29.399999618530273
2009-07-01,28.850000381469727
2009-07-02,28.049999237060547
2009-07-06,27.399999618530273
2009-07-07,26.25
2009-07-08,26.399999618530273
2009-07-09,26.299999237060547
2009-07-10,26.350000381469727
2009-07-13,27.100000381469727
2009-07-14,27.100000381469727
2009-07-15,27.149999618530273
2009-07-16,26.75
2009-07-17,25.649999618530273
2009-07-20,25.549999237060547
2009-07-21,24.649999618530273
2009-07-22,26.299999237060547
2009-07-23,25.549999237060547
2009-07-24,24.899999618530273
2009-07-27,25.0
2009-07-28,24.549999237060547
2009-07-29,23.549999237060547
2009-07-30,24.5
2009-07-31,24.399999618530273
2009-08-03,24.950000762939453
2009-08-04,25.850000381469727
2009-08-05,26.049999237060547
2009-08-06,25.049999237060547
2009-08-07,24.600000381469727
2009-08-10,24.700000762939453
2009-08-11,23.850000381469727
2009-08-12,22.850000381469727
2009-08-13,22.899999618530273
2009-08-14,23.5
2009-08-17,22.049999237060547
2009-08-18,23.25
2009-08-19,23.899999618530273
2009-08-20,23.75
2009-08-21,23.5
2009-08-24,23.649999618530273
2009-08-25,24.0
2009-08-26,24.200000762939453
2009-08-27,24.149999618530273
2009-08-28,23.850000381469727
2009-08-31,23.600000381469727
2009-09-01,22.950000762939453
2009-09-02,22.700000762939453
2009-09-03,22.950000762939453
2009-09-04,23.950000762939453
2009-09-08,24.149999618530273
2009-09-09,24.25
2009-09-10,24.5
2009-09-11,24.399999618530273
2009-09-14,24.149999618530273
2009-09-15,24.399999618530273
2009-09-16,26.75
2009-09-17,26.649999618530273
2009-09-18,26.899999618530273
2009-09-21,27.850000381469727
2009-09-22,27.799999237060547
2009-09-23,27.700000762939453
2009-09-24,26.100000381469727
2009-09-25,25.899999618530273
2009-09-28,26.700000762939453
2009-09-29,26.549999237060547
2009-09-30,26.200000762939453
2009-10-01,24.75
2009-10-02,23.399999618530273
2009-10-05,24.0
2009-10-06,24.149999618530273
2009-10-07,23.950000762939453
2009-10-08,24.049999237060547
2009-10-09,24.200000762939453
2009-10-12,24.450000762939453
2009-10-13,24.299999237060547
2009-10-14,24.100000381469727
2009-10-15,24.200000762939453
2009-10-16,24.350000381469727
2009-10-19,24.049999237060547
2009-10-20,23.899999618530273
2009-10-21,23.799999237060547
2009-10-22,23.899999618530273
2009-10-23,23.299999237060547
2009-10-26,22.600000381469727
2009-10-27,21.75
2009-10-28,20.5
2009-10-29,21.0
2009-10-30,20.5
2009-11-02,19.899999618530273
2009-11-03,18.799999237060547
2009-11-04,18.799999237060547
2009-11-05,19.049999237060547
2009-11-06,18.950000762939453
2009-11-09,19.100000381469727
2009-11-10,19.600000381469727
2009-11-11,20.649999618530273
2009-11-12,21.950000762939453
2009-11-13,21.450000762939453
2009-11-16,21.799999237060547
2009-11-17,22.100000381469727
2009-11-18,21.399999618530273
2009-11-19,20.549999237060547
2009-11-20,20.450000762939453
2009-11-23,20.25
2009-11-24,20.600000381469727
2009-11-25,20.299999237060547
2009-11-27,20.350000381469727
2009-11-30,20.100000381469727
2009-12-01,19.899999618530273
2009-12-02,20.049999237060547
2009-12-03,19.700000762939453
2009-12-04,19.600000381469727
2009-12-07,19.299999237060547
2009-12-08,18.5
2009-12-09,18.0
2009-12-10,17.899999618530273
2009-12-11,17.649999618530273
2009-12-14,18.350000381469727
2009-12-15,18.950000762939453
2009-12-16,20.049999237060547
2009-12-17,20.899999618530273
2009-12-18,20.75
2009-12-21,17.700000762939453
2009-12-22,16.149999618530273
2009-12-23,15.199999809265137
2009-12-24,15.899999618530273
2009-12-28,16.100000381469727
2009-12-29,16.049999237060547
2009-12-30,16.5
2009-12-31,16.350000381469727
2010-01-04,16.25
2010-01-05,16.149999618530273
2010-01-06,16.399999618530273
2010-01-07,16.600000381469727
2010-01-08,16.549999237060547
2010-01-11,16.200000762939453
2010-01-12,15.649999618530273
2010-01-13,15.899999618530273
2010-01-14,15.949999809265137
2010-01-15,15.649999618530273
2010-01-19,15.5
2010-01-20,15.149999618530273
2010-01-21,15.0
2010-01-22,14.75
2010-01-25,14.399999618530273
2010-01-26,13.899999618530273
2010-01-27,13.899999618530273
2010-01-28,14.100000381469727
2010-01-29,13.699999809265137
2010-02-01,13.800000190734863
2010-02-02,14.949999809265137
2010-02-03,15.300000190734863
2010-02-04,14.600000381469727
2010-02-05,14.550000190734863
2010-02-08,14.25
2010-02-09,14.25
2010-02-10,14.100000381469727
2010-02-11,14.850000381469727
2010-02-12,15.100000381469727
2010-02-16,15.100000381469727
2010-02-17,14.850000381469727
2010-02-18,14.850000381469727
2010-02-19,15.050000190734863
2010-02-22,14.699999809265137
2010-02-23,14.550000190734863
2010-02-24,14.649999618530273
2010-02-25,14.449999809265137
2010-02-26,14.449999809265137
2010-03-01,14.5
2010-03-02,15.449999809265137
2010-03-03,15.350000381469727
2010-03-04,15.5
2010-03-05,16.049999237060547
2010-03-08,16.549999237060547
2010-03-09,16.5
2010-03-10,16.299999237060547
2010-03-11,16.350000381469727
2010-03-12,16.100000381469727
2010-03-15,15.699999809265137
2010-03-16,16.399999618530273
2010-03-17,16.200000762939453
2010-03-18,15.899999618530273
2010-03-19,15.800000190734863
2010-03-22,15.800000190734863
2010-03-23,16.100000381469727
2010-03-24,15.800000190734863
2010-03-25,16.0
2010-03-26,15.899999618530273
2010-03-29,15.949999809265137
2010-03-30,16.149999618530273
2010-03-31,15.949999809265137
2010-04-01,15.699999809265137
2010-04-05,15.699999809265137
2010-04-06,16.0
2010-04-07,15.649999618530273
2010-04-08,15.949999809265137
2010-04-09,15.899999618530273
2010-04-12,15.949999809265137
2010-04-13,16.200000762939453
2010-04-14,16.25
2010-04-15,16.049999237060547
2010-04-16,15.350000381469727
2010-04-19,14.899999618530273
2010-04-20,15.149999618530273
2010-04-21,15.399999618530273
2010-04-22,15.399999618530273
2010-04-23,15.100000381469727
2010-04-26,15.25
2010-04-27,15.149999618530273
2010-04-28,15.050000190734863
2010-04-29,15.149999618530273
2010-04-30,15.050000190734863
2010-05-03,14.899999618530273
2010-05-04,13.75
2010-05-05,13.600000381469727
2010-05-06,12.550000190734863
2010-05-07,12.100000381469727
2010-05-10,11.75
2010-05-11,11.649999618530273
2010-05-12,12.449999809265137
2010-05-13,12.350000381469727
2010-05-14,12.449999809265137
2010-05-17,12.350000381469727
2010-05-18,12.75
2010-05-19,13.699999809265137
2010-05-20,12.649999618530273
2010-05-21,12.399999618530273
2010-05-24,12.600000381469727
2010-05-25,12.300000190734863
2010-05-26,12.75
2010-05-27,12.649999618530273
2010-05-28,12.600000381469727
2010-06-01,12.100000381469727
2010-06-02,12.100000381469727
2010-06-03,12.25
2010-06-04,11.850000381469727
2010-06-07,11.149999618530273
2010-06-08,11.350000381469727
2010-06-09,11.449999809265137
2010-06-10,11.25
2010-06-11,11.550000190734863
2010-06-14,11.75
2010-06-15,12.050000190734863
2010-06-16,11.699999809265137
2010-06-17,11.5
2010-06-18,10.949999809265137
2010-06-21,11.100000381469727
2010-06-22,10.899999618530273
2010-06-23,10.800000190734863
2010-06-24,10.199999809265137
2010-06-25,10.149999618530273
2010-06-28,10.899999618530273
2010-06-29,12.25
2010-06-30,11.899999618530273
2010-07-01,11.350000381469727
2010-07-02,11.600000381469727
2010-07-06,10.850000381469727
2010-07-07,10.850000381469727
2010-07-08,10.899999618530273
2010-07-09,11.0
2010-07-12,10.899999618530273
2010-07-13,11.449999809265137
2010-07-14,11.699999809265137
2010-07-15,11.5
2010-07-16,11.25
2010-07-19,11.0
2010-07-20,10.949999809265137
2010-07-21,10.800000190734863
2010-07-22,10.649999618530273
2010-07-23,10.699999809265137
2010-07-26,10.850000381469727
2010-07-27,10.5
2010-07-28,10.699999809265137
2010-07-29,10.850000381469727
2010-07-30,10.75
2010-08-02,10.699999809265137
2010-08-03,10.350000381469727
2010-08-04,10.350000381469727
2010-08-05,10.449999809265137
2010-08-06,10.25
2010-08-09,10.199999809265137
2010-08-10,10.0
2010-08-11,9.550000190734863
2010-08-12,9.550000190734863
2010-08-13,9.899999618530273
2010-08-16,10.25
2010-08-17,10.25
2010-08-18,10.0
2010-08-19,9.899999618530273
2010-08-20,10.399999618530273
2010-08-23,9.949999809265137
2010-08-24,9.800000190734863
2010-08-25,11.100000381469727
2010-08-26,9.800000190734863
2010-08-27,10.5
2010-08-30,10.199999809265137
2010-08-31,10.050000190734863
2010-09-01,10.0
2010-09-02,10.050000190734863
2010-09-03,10.399999618530273
2010-09-07,10.300000190734863
2010-09-08,10.050000190734863
2010-09-09,10.100000381469727
2010-09-10,10.050000190734863
2010-09-13,9.949999809265137
2010-09-14,9.899999618530273
2010-09-15,9.949999809265137
2010-09-16,9.949999809265137
2010-09-17,10.449999809265137
2010-09-20,9.899999618530273
2010-09-21,9.850000381469727
2010-09-22,9.75
2010-09-23,9.600000381469727
2010-09-24,9.899999618530273
2010-09-27,9.949999809265137
2010-09-28,10.0
2010-09-29,10.300000190734863
2010-09-30,10.149999618530273
2010-10-01,10.0
2010-10-04,9.699999809265137
2010-10-05,9.949999809265137
2010-10-06,9.800000190734863
2010-10-07,9.75
2010-10-08,10.149999618530273
2010-10-11,10.149999618530273
2010-10-12,9.850000381469727
2010-10-13,9.850000381469727
2010-10-14,9.699999809265137
2010-10-15,10.5
2010-10-18,10.100000381469727
2010-10-19,9.850000381469727
2010-10-20,9.699999809265137
2010-10-21,9.699999809265137
2010-10-22,9.800000190734863
2010-10-25,9.25
2010-10-26,8.800000190734863
2010-10-27,8.600000381469727
2010-10-28,8.649999618530273
2010-10-29,8.649999618530273
2010-11-01,8.649999618530273
2010-11-02,8.5
2010-11-03,8.199999809265137
2010-11-04,8.350000381469727
2010-11-05,8.5
2010-11-08,8.5
2010-11-09,8.75
2010-11-10,8.699999809265137
2010-11-11,8.449999809265137
2010-11-12,8.199999809265137
2010-11-15,8.100000381469727
2010-11-16,7.650000095367432
2010-11-17,7.449999809265137
2010-11-18,7.349999904632568
2010-11-19,7.5
2010-11-22,7.349999904632568
2010-11-23,7.050000190734863
2010-11-24,7.300000190734863
2010-11-26,7.300000190734863
2010-11-29,7.199999809265137
2010-11-30,7.0
2010-12-01,7.25
2010-12-02,7.599999904632568
2010-12-03,7.699999809265137
2010-12-06,7.699999809265137
2010-12-07,7.800000190734863
2010-12-08,7.650000095367432
2010-12-09,7.75
2010-12-10,7.699999809265137
2010-12-13,8.0
2010-12-14,7.900000095367432
2010-12-15,7.900000095367432
2010-12-16,7.699999809265137
2010-12-17,7.400000095367432
2010-12-20,7.25
2010-12-21,7.300000190734863
2010-12-22,7.25
2010-12-23,7.25
2010-12-27,7.449999809265137
2010-12-28,7.650000095367432
2010-12-29,7.5
2010-12-30,7.550000190734863
2010-12-31,7.400000095367432
2011-01-03,7.550000190734863
2011-01-04,7.550000190734863
2011-01-05,7.800000190734863
2011-01-06,7.650000095367432
2011-01-07,7.5
2011-01-10,7.400000095367432
2011-01-11,7.300000190734863
2011-01-12,7.550000190734863
2011-01-13,7.300000190734863
2011-01-14,7.199999809265137
2011-01-18,7.199999809265137
2011-01-19,7.099999904632568
2011-01-20,6.849999904632568
2011-01-21,7.0
2011-01-24,6.949999809265137
2011-01-25,6.800000190734863
2011-01-26,6.199999809265137
2011-01-27,5.800000190734863
2011-01-28,5.699999809265137
2011-01-31,6.099999904632568
2011-02-01,6.300000190734863
2011-02-02,6.199999809265137
2011-02-03,6.349999904632568
2011-02-04,6.199999809265137
2011-02-07,6.300000190734863
2011-02-08,6.25
2011-02-09,6.400000095367432
2011-02-10,6.300000190734863
2011-02-11,6.199999809265137
2011-02-14,6.050000190734863
2011-02-15,5.900000095367432
2011-02-16,5.949999809265137
2011-02-17,6.199999809265137
2011-02-18,6.099999904632568
2011-02-22,5.849999904632568
2011-02-23,5.699999809265137
2011-02-24,5.650000095367432
2011-02-25,5.75
2011-02-28,5.699999809265137
2011-03-01,5.650000095367432
2011-03-02,5.800000190734863
2011-03-03,6.050000190734863
2011-03-04,5.900000095367432
2011-03-07,5.699999809265137
2011-03-08,5.75
2011-03-09,5.800000190734863
2011-03-10,5.650000095367432
2011-03-11,5.650000095367432
2011-03-14,5.599999904632568
2011-03-15,5.25
2011-03-16,5.150000095367432
2011-03-17,5.449999809265137
2011-03-18,5.650000095367432
2011-03-21,5.75
2011-03-22,5.800000190734863
2011-03-23,5.75
2011-03-24,6.5
2011-03-25,7.099999904632568
2011-03-28,7.400000095367432
2011-03-29,7.050000190734863
2011-03-30,7.0
2011-03-31,6.699999809265137
2011-04-01,6.650000095367432
2011-04-04,6.699999809265137
2011-04-05,6.599999904632568
2011-04-06,6.449999809265137
2011-04-07,6.5
2011-04-08,6.300000190734863
2011-04-11,6.150000095367432
2011-04-12,6.050000190734863
2011-04-13,6.699999809265137
2011-04-14,6.800000190734863
2011-04-15,6.599999904632568
2011-04-18,6.25
2011-04-19,7.199999809265137
2011-04-20,7.199999809265137
2011-04-21,7.150000095367432
2011-04-25,7.150000095367432
2011-04-26,7.75
2011-04-27,8.0
2011-04-28,7.699999809265137
2011-04-29,7.800000190734863
2011-05-02,7.349999904632568
2011-05-03,6.800000190734863
2011-05-04,6.800000190734863
2011-05-05,6.75
2011-05-06,6.599999904632568
2011-05-09,6.650000095367432
2011-05-10,6.849999904632568
2011-05-11,6.650000095367432
2011-05-12,6.599999904632568
2011-05-13,6.5
2011-05-16,6.400000095367432
2011-05-17,6.099999904632568
2011-05-18,6.349999904632568
2011-05-19,6.349999904632568
2011-05-20,6.25
2011-05-23,6.150000095367432
2011-05-24,6.400000095367432
2011-05-25,6.300000190734863
2011-05-26,6.400000095367432
2011-05-27,6.400000095367432
2011-05-31,6.400000095367432
2011-06-01,6.300000190734863
2011-06-02,6.300000190734863
2011-06-03,6.25
2011-06-06,5.849999904632568
2011-06-07,5.800000190734863
2011-06-08,5.75
2011-06-09,5.550000190734863
2011-06-10,5.849999904632568
2011-06-13,5.699999809265137
2011-06-14,6.0
2011-06-15,6.0
2011-06-16,5.949999809265137
2011-06-17,5.949999809265137
2011-06-20,5.900000095367432
2011-06-21,5.949999809265137
2011-06-22,6.099999904632568
2011-06-23,6.349999904632568
2011-06-24,6.449999809265137
2011-06-27,6.300000190734863
2011-06-28,6.349999904632568
2011-06-29,6.300000190734863
2011-06-30,6.400000095367432
2011-07-01,6.5
2011-07-05,6.550000190734863
2011-07-06,6.400000095367432
2011-07-07,6.449999809265137
2011-07-08,6.300000190734863
2011-07-11,6.199999809265137
2011-07-12,6.050000190734863
2011-07-13,6.050000190734863
2011-07-14,5.800000190734863
2011-07-15,5.849999904632568
2011-07-18,5.75
2011-07-19,5.75
2011-07-20,5.900000095367432
2011-07-21,5.800000190734863
2011-07-22,6.0
2011-07-25,6.099999904632568
2011-07-26,6.199999809265137
2011-07-27,6.050000190734863
2011-07-28,5.900000095367432
2011-07-29,6.0
2011-08-01,6.0
2011-08-02,5.800000190734863
2011-08-03,5.699999809265137
2011-08-04,5.199999809265137
2011-08-05,5.150000095367432
2011-08-08,4.849999904632568
2011-08-09,5.050000190734863
2011-08-10,4.800000190734863
2011-08-11,4.550000190734863
2011-08-12,5.0
2011-08-15,5.199999809265137
2011-08-16,5.0
2011-08-17,4.849999904632568
2011-08-18,4.699999809265137
2011-08-19,4.650000095367432
2011-08-22,4.599999904632568
2011-08-23,4.75
2011-08-24,4.599999904632568
2011-08-25,4.449999809265137
2011-08-26,4.400000095367432
2011-08-29,4.400000095367432
2011-08-30,4.400000095367432
2011-08-31,4.5
2011-09-01,4.300000190734863
2011-09-02,4.400000095367432
2011-09-06,4.300000190734863
2011-09-07,4.199999809265137
2011-09-08,4.199999809265137
2011-09-09,4.150000095367432
2011-09-12,4.099999904632568
2011-09-13,4.0
2011-09-14,4.0
2011-09-15,4.349999904632568
2011-09-16,4.150000095367432
2011-09-19,4.449999809265137
2011-09-20,4.650000095367432
2011-09-21,4.5
2011-09-22,4.400000095367432
2011-09-23,4.449999809265137
2011-09-26,4.349999904632568
2011-09-27,4.599999904632568
2011-09-28,4.349999904632568
2011-09-29,4.349999904632568
2011-09-30,4.349999904632568
2011-10-03,4.300000190734863
2011-10-04,4.5
2011-10-05,4.849999904632568
2011-10-06,4.550000190734863
2011-10-07,4.449999809265137
2011-10-10,4.550000190734863
2011-10-11,5.0
2011-10-12,4.949999809265137
2011-10-13,5.099999904632568
2011-10-14,5.300000190734863
2011-10-17,5.300000190734863
2011-10-18,5.300000190734863
2011-10-19,5.050000190734863
2011-10-20,4.900000095367432
2011-10-21,4.800000190734863
2011-10-24,4.75
2011-10-25,4.75
2011-10-26,5.0
2011-10-27,4.949999809265137
2011-10-28,4.699999809265137
2011-10-31,4.599999904632568
2011-11-01,4.5
2011-11-02,4.400000095367432
2011-11-03,4.5
2011-11-04,4.400000095367432
2011-11-07,4.5
2011-11-08,4.400000095367432
2011-11-09,4.25
2011-11-10,4.400000095367432
2011-11-11,4.400000095367432
2011-11-14,4.349999904632568
2011-11-15,4.400000095367432
2011-11-16,4.400000095367432
2011-11-17,4.550000190734863
2011-11-18,4.400000095367432
2011-11-21,4.25
2011-11-22,4.25
2011-11-23,4.199999809265137
2011-11-25,4.199999809265137
2011-11-28,4.199999809265137
2011-11-29,4.199999809265137
2011-11-30,4.199999809265137
2011-12-01,4.099999904632568
2011-12-02,4.099999904632568
2011-12-05,4.199999809265137
2011-12-06,4.199999809265137
2011-12-07,4.25
2011-12-08,4.25
2011-12-09,4.199999809265137
2011-12-12,4.099999904632568
2011-12-13,4.099999904632568
2011-12-14,4.0
2011-12-15,4.099999904632568
2011-12-16,4.050000190734863
2011-12-19,4.099999904632568
2011-12-20,4.0
2011-12-21,4.099999904632568
2011-12-22,4.0
2011-12-23,4.0
2011-12-27,4.599999904632568
2011-12-28,4.300000190734863
2011-12-29,4.050000190734863
2011-12-30,4.150000095367432
2012-01-03,4.199999809265137
2012-01-04,4.099999904632568
2012-01-05,4.050000190734863
2012-01-06,4.349999904632568
2012-01-09,4.349999904632568
2012-01-10,4.400000095367432
2012-01-11,4.550000190734863
2012-01-12,4.550000190734863
2012-01-13,4.550000190734863
2012-01-17,4.599999904632568
2012-01-18,4.699999809265137
2012-01-19,4.650000095367432
2012-01-20,4.75
2012-01-23,4.849999904632568
2012-01-24,4.849999904632568
2012-01-25,4.900000095367432
2012-01-26,5.0
2012-01-27,5.050000190734863
2012-01-30,5.25
2012-01-31,5.550000190734863
2012-02-01,5.949999809265137
2012-02-02,6.699999809265137
2012-02-03,7.449999809265137
2012-02-06,7.0
2012-02-07,6.800000190734863
2012-02-08,6.0
2012-02-09,5.900000095367432
2012-02-10,6.150000095367432
2012-02-13,6.400000095367432
2012-02-14,6.199999809265137
2012-02-15,6.0
2012-02-16,6.199999809265137
2012-02-17,6.25
2012-02-21,6.550000190734863
2012-02-22,6.900000095367432
2012-02-23,7.400000095367432
2012-02-24,7.25
2012-02-27,7.050000190734863
2012-02-28,7.050000190734863
2012-02-29,7.050000190734863
2012-03-01,6.949999809265137
2012-03-02,6.900000095367432
2012-03-05,6.800000190734863
2012-03-06,6.400000095367432
2012-03-07,6.75
2012-03-08,6.800000190734863
2012-03-09,6.849999904632568
2012-03-12,7.150000095367432
2012-03-13,7.25
2012-03-14,7.099999904632568
2012-03-15,7.099999904632568
2012-03-16,6.949999809265137
2012-03-19,7.25
2012-03-20,7.400000095367432
2012-03-21,7.300000190734863
2012-03-22,7.300000190734863
2012-03-23,6.550000190734863
2012-03-26,6.550000190734863
2012-03-27,6.599999904632568
2012-03-28,6.599999904632568
2012-03-29,6.550000190734863
2012-03-30,6.650000095367432
2012-04-02,6.5
2012-04-03,6.5
2012-04-04,6.449999809265137
2012-04-05,6.300000190734863
2012-04-09,6.25
2012-04-10,6.300000190734863
2012-04-11,6.349999904632568
2012-04-12,6.5
2012-04-13,6.5
2012-04-16,6.5
2012-04-17,6.349999904632568
2012-04-18,6.099999904632568
2012-04-19,6.099999904632568
2012-04-20,6.199999809265137
2012-04-23,6.25
2012-04-24,6.400000095367432
2012-04-25,6.550000190734863
2012-04-26,6.599999904632568
2012-04-27,6.599999904632568
2012-04-30,6.25
2012-05-01,5.849999904632568
2012-05-02,5.900000095367432
2012-05-03,5.949999809265137
2012-05-04,5.800000190734863
2012-05-07,5.800000190734863
2012-05-08,5.75
2012-05-09,5.75
2012-05-10,5.800000190734863
2012-05-11,5.800000190734863
2012-05-14,5.849999904632568
2012-05-15,5.650000095367432
2012-05-16,5.599999904632568
2012-05-17,5.550000190734863
2012-05-18,5.550000190734863
2012-05-21,5.599999904632568
2012-05-22,5.550000190734863
2012-05-23,5.5
2012-05-24,5.599999904632568
2012-05-25,5.75
2012-05-29,5.900000095367432
2012-05-30,5.75
2012-05-31,5.550000190734863
2012-06-01,5.400000095367432
2012-06-04,5.650000095367432
2012-06-05,5.75
2012-06-06,5.699999809265137
2012-06-07,5.75
2012-06-08,5.75
2012-06-11,5.949999809265137
2012-06-12,5.75
2012-06-13,6.0
2012-06-14,5.949999809265137
2012-06-15,5.949999809265137
2012-06-18,5.75
2012-06-19,6.0
2012-06-20,6.0
2012-06-21,5.949999809265137
2012-06-22,5.900000095367432
2012-06-25,5.900000095367432
2012-06-26,5.949999809265137
2012-06-27,5.800000190734863
2012-06-28,5.949999809265137
2012-06-29,5.699999809265137
2012-07-02,5.800000190734863
2012-07-03,5.800000190734863
2012-07-05,5.800000190734863
2012-07-06,5.800000190734863
2012-07-09,5.699999809265137
2012-07-10,5.75
2012-07-11,5.75
2012-07-12,5.449999809265137
2012-07-13,5.5
2012-07-16,5.5
2012-07-17,5.400000095367432
2012-07-18,5.599999904632568
2012-07-19,5.650000095367432
2012-07-20,5.599999904632568
2012-07-23,5.599999904632568
2012-07-24,5.550000190734863
2012-07-25,5.5
2012-07-26,5.699999809265137
2012-07-27,5.5
2012-07-30,5.550000190734863
2012-07-31,5.5
2012-08-01,5.5
2012-08-02,5.550000190734863
2012-08-03,5.650000095367432
2012-08-06,5.550000190734863
2012-08-07,5.550000190734863
2012-08-08,5.449999809265137
2012-08-09,5.050000190734863
2012-08-10,5.25
2012-08-13,5.25
2012-08-14,5.300000190734863
2012-08-15,5.300000190734863
2012-08-16,5.199999809265137
2012-08-17,5.199999809265137
2012-08-20,5.449999809265137
2012-08-21,5.5
2012-08-22,5.5
2012-08-23,5.550000190734863
2012-08-24,5.599999904632568
2012-08-27,5.400000095367432
2012-08-28,5.400000095367432
2012-08-29,5.400000095367432
2012-08-30,5.300000190734863
2012-08-31,5.349999904632568
2012-09-04,5.150000095367432
2012-09-05,5.050000190734863
2012-09-06,5.349999904632568
2012-09-07,5.400000095367432
2012-09-10,5.400000095367432
2012-09-11,5.25
2012-09-12,5.150000095367432
2012-09-13,5.150000095367432
2012-09-14,5.150000095367432
2012-09-17,5.150000095367432
2012-09-18,5.25
2012-09-19,5.199999809265137
2012-09-20,5.300000190734863
2012-09-21,5.199999809265137
2012-09-24,5.25
2012-09-25,5.25
2012-09-26,5.25
2012-09-27,5.25
2012-09-28,5.25
2012-10-01,5.25
2012-10-02,5.199999809265137
2012-10-03,5.25
2012-10-04,5.150000095367432
2012-10-05,5.050000190734863
2012-10-08,4.650000095367432
2012-10-09,4.599999904632568
2012-10-10,4.650000095367432
2012-10-11,4.550000190734863
2012-10-12,4.650000095367432
2012-10-15,4.650000095367432
2012-10-16,4.599999904632568
2012-10-17,4.800000190734863
2012-10-18,4.650000095367432
2012-10-19,4.699999809265137
2012-10-22,4.599999904632568
2012-10-23,4.75
2012-10-24,4.900000095367432
2012-10-25,4.949999809265137
2012-10-26,4.900000095367432
2012-10-31,4.849999904632568
2012-11-01,5.300000190734863
2012-11-02,5.099999904632568
2012-11-05,5.25
2012-11-06,5.349999904632568
2012-11-07,5.400000095367432
2012-11-08,5.199999809265137
2012-11-09,5.050000190734863
2012-11-12,5.199999809265137
2012-11-13,5.0
2012-11-14,4.849999904632568
2012-11-15,4.949999809265137
2012-11-16,4.900000095367432
2012-11-19,4.900000095367432
2012-11-20,4.849999904632568
2012-11-21,4.650000095367432
2012-11-23,4.75
2012-11-26,4.800000190734863
2012-11-27,4.650000095367432
2012-11-28,4.599999904632568
2012-11-29,4.599999904632568
2012-11-30,4.599999904632568
2012-12-03,4.599999904632568
2012-12-04,4.75
2012-12-05,4.699999809265137
2012-12-06,4.599999904632568
2012-12-07,4.650000095367432
2012-12-10,4.5
2012-12-11,4.550000190734863
2012-12-12,4.599999904632568
2012-12-13,4.550000190734863
2012-12-14,4.5
2012-12-17,4.449999809265137
2012-12-18,4.5
2012-12-19,4.800000190734863
2012-12-20,5.0
2012-12-21,4.800000190734863
2012-12-24,4.900000095367432
2012-12-26,4.900000095367432
2012-12-27,5.099999904632568
2012-12-28,4.75
2012-12-31,4.800000190734863
2013-01-02,5.0
2013-01-03,4.900000095367432
2013-01-04,5.050000190734863
2013-01-07,5.099999904632568
2013-01-08,5.099999904632568
2013-01-09,5.099999904632568
2013-01-10,5.050000190734863
2013-01-11,5.150000095367432
2013-01-14,5.050000190734863
2013-01-15,5.150000095367432
2013-01-16,5.050000190734863
2013-01-17,5.0
2013-01-18,5.099999904632568
2013-01-22,5.050000190734863
2013-01-23,4.900000095367432
2013-01-24,4.900000095367432
2013-01-25,4.849999904632568
2013-01-28,4.900000095367432
2013-01-29,4.849999904632568
2013-01-30,5.25
2013-01-31,5.400000095367432
2013-02-01,5.400000095367432
2013-02-04,5.449999809265137
2013-02-05,5.5
2013-02-06,5.550000190734863
2013-02-07,5.650000095367432
2013-02-08,5.5
2013-02-11,5.449999809265137
2013-02-12,5.599999904632568
2013-02-13,5.400000095367432
2013-02-14,5.550000190734863
2013-02-15,5.449999809265137
2013-02-19,5.400000095367432
2013-02-20,5.550000190734863
2013-02-21,5.5
2013-02-22,5.400000095367432
2013-02-25,5.5
2013-02-26,5.449999809265137
2013-02-27,5.400000095367432
2013-02-28,5.900000095367432
2013-03-01,5.699999809265137
2013-03-04,5.900000095367432
2013-03-05,5.900000095367432
2013-03-06,5.949999809265137
2013-03-07,5.800000190734863
2013-03-08,5.900000095367432
2013-03-11,6.0
2013-03-12,5.300000190734863
2013-03-13,5.150000095367432
2013-03-14,5.300000190734863
2013-03-15,5.199999809265137
2013-03-18,5.400000095367432
2013-03-19,5.150000095367432
2013-03-20,5.25
2013-03-21,5.150000095367432
2013-03-22,5.25
2013-03-25,5.150000095367432
2013-03-26,5.150000095367432
2013-03-27,5.099999904632568
2013-03-28,5.150000095367432
2013-04-01,5.099999904632568
2013-04-02,5.050000190734863
2013-04-03,5.099999904632568
2013-04-04,5.099999904632568
2013-04-05,5.25
2013-04-08,5.0
2013-04-09,5.25
2013-04-10,5.300000190734863
2013-04-11,5.150000095367432
2013-04-12,5.0
2013-04-15,5.0
2013-04-16,5.0
2013-04-17,5.0
2013-04-18,5.0
2013-04-19,5.099999904632568
2013-04-22,5.0
2013-04-23,5.150000095367432
2013-04-24,5.099999904632568
2013-04-25,5.0
2013-04-26,5.050000190734863
2013-04-29,5.099999904632568
2013-04-30,5.050000190734863
2013-05-01,5.0
2013-05-02,5.0
2013-05-03,4.949999809265137
2013-05-06,5.0
2013-05-07,5.099999904632568
2013-05-08,5.0
2013-05-09,5.099999904632568
2013-05-10,5.150000095367432
2013-05-13,4.949999809265137
2013-05-14,5.050000190734863
2013-05-15,4.900000095367432
2013-05-16,4.900000095367432
2013-05-17,4.949999809265137
2013-05-20,5.0
2013-05-21,5.0
2013-05-22,5.099999904632568
2013-05-23,5.099999904632568
2013-05-24,5.0
2013-05-28,4.949999809265137
2013-05-29,4.949999809265137
2013-05-30,5.0
2013-05-31,4.949999809265137
2013-06-03,4.900000095367432
2013-06-04,4.949999809265137
2013-06-05,4.900000095367432
2013-06-06,4.900000095367432
2013-06-07,4.900000095367432
2013-06-10,4.949999809265137
2013-06-11,5.0
2013-06-12,5.099999904632568
2013-06-13,5.0
2013-06-14,4.900000095367432
2013-06-17,5.0
2013-06-18,4.949999809265137
2013-06-19,4.949999809265137
2013-06-20,4.900000095367432
2013-06-21,4.800000190734863
2013-06-24,4.849999904632568
2013-06-25,4.849999904632568
2013-06-26,4.75
2013-06-27,4.650000095367432
2013-06-28,4.75
2013-07-01,4.75
2013-07-02,4.699999809265137
2013-07-03,4.650000095367432
2013-07-05,4.650000095367432
2013-07-08,4.699999809265137
2013-07-09,4.650000095367432
2013-07-10,4.699999809265137
2013-07-11,4.699999809265137
2013-07-12,4.949999809265137
2013-07-15,5.0
2013-07-16,4.849999904632568
2013-07-17,4.849999904632568
2013-07-18,4.949999809265137
2013-07-19,4.949999809265137
2013-07-22,4.75
2013-07-23,5.800000190734863
2013-07-24,5.75
2013-07-25,5.5
2013-07-26,5.449999809265137
2013-07-29,5.400000095367432
2013-07-30,5.5
2013-07-31,5.449999809265137
2013-08-01,5.349999904632568
2013-08-02,5.349999904632568
2013-08-05,5.449999809265137
2013-08-06,5.300000190734863
2013-08-07,5.300000190734863
2013-08-08,5.25
2013-08-09,5.150000095367432
2013-08-12,5.150000095367432
2013-08-13,5.150000095367432
2013-08-14,5.25
2013-08-15,5.150000095367432
2013-08-16,5.199999809265137
2013-08-19,5.300000190734863
2013-08-20,5.25
2013-08-21,5.150000095367432
2013-08-22,5.199999809265137
2013-08-23,5.099999904632568
2013-08-26,5.050000190734863
2013-08-27,4.949999809265137
2013-08-28,4.949999809265137
2013-08-29,4.849999904632568
2013-08-30,4.849999904632568
2013-09-03,4.900000095367432
2013-09-04,5.0
2013-09-05,4.949999809265137
2013-09-06,5.0
2013-09-09,4.849999904632568
2013-09-10,5.0
2013-09-11,5.0
2013-09-12,5.0
2013-09-13,5.0
2013-09-16,4.949999809265137
2013-09-17,5.0
2013-09-18,5.0
2013-09-19,4.949999809265137
2013-09-20,4.900000095367432
2013-09-23,4.900000095367432
2013-09-24,5.0
2013-09-25,4.949999809265137
2013-09-26,4.849999904632568
2013-09-27,4.75
2013-09-30,4.900000095367432
2013-10-01,4.849999904632568
2013-10-02,4.75
2013-10-03,4.849999904632568
2013-10-04,4.800000190734863
2013-10-07,4.800000190734863
2013-10-08,4.800000190734863
2013-10-09,4.800000190734863
2013-10-10,4.75
2013-10-11,4.699999809265137
2013-10-14,4.849999904632568
2013-10-15,4.75
2013-10-16,5.050000190734863
2013-10-17,5.5
2013-10-18,5.300000190734863
2013-10-21,5.449999809265137
2013-10-22,5.300000190734863
2013-10-23,5.150000095367432
2013-10-24,4.949999809265137
2013-10-25,5.0
2013-10-28,5.050000190734863
2013-10-29,4.949999809265137
2013-10-30,5.099999904632568
2013-10-31,5.099999904632568
2013-11-01,5.199999809265137
2013-11-04,5.199999809265137
2013-11-05,5.150000095367432
2013-11-06,5.050000190734863
2013-11-07,5.050000190734863
2013-11-08,5.050000190734863
2013-11-11,5.199999809265137
2013-11-12,5.150000095367432
2013-11-13,5.050000190734863
2013-11-14,4.949999809265137
2013-11-15,5.0
2013-11-18,4.949999809265137
2013-11-19,4.900000095367432
2013-11-20,4.949999809265137
2013-11-21,4.949999809265137
2013-11-22,4.949999809265137
2013-11-25,4.849999904632568
2013-11-26,4.900000095367432
2013-11-27,4.849999904632568
2013-11-29,5.050000190734863
2013-12-02,5.0
2013-12-03,5.099999904632568
2013-12-04,4.900000095367432
2013-12-05,5.0
2013-12-06,5.0
2013-12-09,5.0
2013-12-10,5.099999904632568
2013-12-11,5.050000190734863
2013-12-12,4.800000190734863
2013-12-13,4.849999904632568
2013-12-16,4.949999809265137
2013-12-17,4.849999904632568
2013-12-18,4.800000190734863
2013-12-19,4.949999809265137
2013-12-20,5.0
2013-12-23,4.949999809265137
2013-12-24,4.949999809265137
2013-12-26,4.949999809265137
2013-12-27,4.949999809265137
2013-12-30,4.949999809265137
2013-12-31,5.0
2014-01-02,5.0
2014-01-03,4.949999809265137
2014-01-06,4.900000095367432
2014-01-07,5.050000190734863
2014-01-08,5.0
2014-01-09,5.050000190734863
2014-01-10,5.050000190734863
2014-01-13,5.050000190734863
2014-01-14,5.0
2014-01-15,4.949999809265137
2014-01-16,4.949999809265137
2014-01-17,5.0
2014-01-21,5.099999904632568
2014-01-22,5.0
2014-01-23,5.050000190734863
2014-01-24,5.550000190734863
2014-01-27,5.150000095367432
2014-01-28,5.699999809265137
2014-01-29,5.900000095367432
2014-01-30,5.800000190734863
2014-01-31,5.599999904632568
2014-02-03,5.349999904632568
2014-02-04,5.25
2014-02-05,5.300000190734863
2014-02-06,5.349999904632568
2014-02-07,5.349999904632568
2014-02-10,5.650000095367432
2014-02-11,6.0
2014-02-12,5.800000190734863
2014-02-13,6.25
2014-02-14,6.349999904632568
2014-02-18,6.900000095367432
2014-02-19,6.599999904632568
2014-02-20,6.650000095367432
2014-02-21,6.599999904632568
2014-02-24,6.550000190734863
2014-02-25,6.25
2014-02-26,6.75
2014-02-27,6.699999809265137
2014-02-28,6.75
2014-03-03,6.949999809265137
2014-03-04,7.25
2014-03-05,7.300000190734863
2014-03-06,7.699999809265137
2014-03-07,8.25
2014-03-10,7.949999809265137
2014-03-11,7.650000095367432
2014-03-12,7.449999809265137
2014-03-13,7.75
2014-03-14,7.5
2014-03-17,7.599999904632568
2014-03-18,7.949999809265137
2014-03-19,7.900000095367432
2014-03-20,7.849999904632568
2014-03-21,8.600000381469727
2014-03-24,7.699999809265137
2014-03-25,7.5
2014-03-26,7.5
2014-03-27,7.25
2014-03-28,7.150000095367432
2014-03-31,7.0
2014-04-01,7.0
2014-04-02,7.050000190734863
2014-04-03,6.449999809265137
2014-04-04,6.0
2014-04-07,6.300000190734863
2014-04-08,6.449999809265137
2014-04-09,6.599999904632568
2014-04-10,6.400000095367432
2014-04-11,6.199999809265137
2014-04-14,6.150000095367432
2014-04-15,5.800000190734863
2014-04-16,5.900000095367432
2014-04-17,6.099999904632568
2014-04-21,6.0
2014-04-22,5.849999904632568
2014-04-23,5.699999809265137
2014-04-24,5.599999904632568
2014-04-25,5.5
2014-04-28,5.300000190734863
2014-04-29,5.949999809265137
2014-04-30,5.849999904632568
2014-05-01,5.900000095367432
2014-05-02,6.0
2014-05-05,5.699999809265137
2014-05-06,5.550000190734863
2014-05-07,5.300000190734863
2014-05-08,5.300000190734863
2014-05-09,5.199999809265137
2014-05-12,5.400000095367432
2014-05-13,5.300000190734863
2014-05-14,5.300000190734863
2014-05-15,5.400000095367432
2014-05-16,5.300000190734863
2014-05-19,5.25
2014-05-20,5.25
2014-05-21,5.199999809265137
2014-05-22,5.150000095367432
2014-05-23,5.150000095367432
2014-05-27,5.199999809265137
2014-05-28,5.150000095367432
2014-05-29,5.199999809265137
2014-05-30,5.5
2014-06-02,5.300000190734863
2014-06-03,5.300000190734863
2014-06-04,5.300000190734863
2014-06-05,5.5
2014-06-06,5.400000095367432
2014-06-09,5.449999809265137
2014-06-10,5.400000095367432
2014-06-11,5.400000095367432
2014-06-12,5.25
2014-06-13,5.050000190734863
2014-06-16,5.199999809265137
2014-06-17,5.150000095367432
2014-06-18,5.099999904632568
2014-06-19,5.150000095367432
2014-06-20,5.050000190734863
2014-06-23,5.0
2014-06-24,5.050000190734863
2014-06-25,5.099999904632568
2014-06-26,5.300000190734863
2014-06-27,5.199999809265137
2014-06-30,5.300000190734863
2014-07-01,5.349999904632568
2014-07-02,5.75
2014-07-03,5.75
2014-07-07,5.550000190734863
2014-07-08,5.199999809265137
2014-07-09,5.300000190734863
2014-07-10,5.150000095367432
2014-07-11,5.25
2014-07-14,5.25
2014-07-15,5.199999809265137
2014-07-16,5.199999809265137
2014-07-17,5.300000190734863
2014-07-18,5.349999904632568
2014-07-21,5.400000095367432
2014-07-22,5.599999904632568
2014-07-23,5.599999904632568
2014-07-24,5.300000190734863
2014-07-25,5.349999904632568
2014-07-28,5.349999904632568
2014-07-29,5.300000190734863
2014-07-30,5.050000190734863
2014-07-31,5.050000190734863
2014-08-01,5.150000095367432
2014-08-04,5.099999904632568
2014-08-05,5.050000190734863
2014-08-06,5.050000190734863
2014-08-07,5.0
2014-08-08,4.800000190734863
2014-08-11,4.949999809265137
2014-08-12,4.949999809265137
2014-08-13,4.599999904632568
2014-08-14,4.650000095367432
2014-08-15,4.699999809265137
2014-08-18,4.699999809265137
2014-08-19,4.699999809265137
2014-08-20,4.800000190734863
2014-08-21,4.849999904632568
2014-08-22,4.949999809265137
2014-08-25,5.099999904632568
2014-08-26,5.050000190734863
2014-08-27,4.900000095367432
2014-08-28,4.849999904632568
2014-08-29,4.949999809265137
2014-09-02,4.849999904632568
2014-09-03,4.800000190734863
2014-09-04,4.849999904632568
2014-09-05,4.900000095367432
2014-09-08,4.800000190734863
2014-09-09,4.849999904632568
2014-09-10,5.099999904632568
2014-09-11,4.900000095367432
2014-09-12,4.900000095367432
2014-09-15,4.900000095367432
2014-09-16,4.949999809265137
2014-09-17,5.199999809265137
2014-09-18,5.0
2014-09-19,4.900000095367432
2014-09-22,4.75
2014-09-23,4.699999809265137
2014-09-24,4.800000190734863
2014-09-25,4.349999904632568
2014-09-26,4.099999904632568
2014-09-29,4.150000095367432
2014-09-30,4.25
2014-10-01,4.099999904632568
2014-10-02,4.150000095367432
2014-10-03,4.25
2014-10-06,4.0
2014-10-07,3.8499999046325684
2014-10-08,4.050000190734863
2014-10-09,4.050000190734863
2014-10-10,4.050000190734863
2014-10-13,3.950000047683716
2014-10-14,4.050000190734863
2014-10-15,3.9000000953674316
2014-10-16,3.950000047683716
2014-10-17,4.0
2014-10-20,4.0
2014-10-21,4.0
2014-10-22,4.150000095367432
2014-10-23,4.199999809265137
2014-10-24,4.25
2014-10-27,5.050000190734863
2014-10-28,4.949999809265137
2014-10-29,5.150000095367432
2014-10-30,5.150000095367432
2014-10-31,5.25
2014-11-03,5.099999904632568
2014-11-04,4.949999809265137
2014-11-05,4.849999904632568
2014-11-06,5.0
2014-11-07,5.0
2014-11-10,5.099999904632568
2014-11-11,5.150000095367432
2014-11-12,5.25
2014-11-13,5.199999809265137
2014-11-14,5.099999904632568
2014-11-17,4.800000190734863
2014-11-18,4.800000190734863
2014-11-19,4.949999809265137
2014-11-20,4.849999904632568
2014-11-21,5.099999904632568
2014-11-24,4.949999809265137
2014-11-25,5.099999904632568
2014-11-26,5.050000190734863
2014-11-28,5.0
2014-12-01,4.949999809265137
2014-12-02,4.949999809265137
2014-12-03,4.900000095367432
2014-12-04,4.849999904632568
2014-12-05,4.949999809265137
2014-12-08,4.949999809265137
2014-12-09,5.0
2014-12-10,4.849999904632568
2014-12-11,4.900000095367432
2014-12-12,4.800000190734863
2014-12-15,4.949999809265137
2014-12-16,4.800000190734863
2014-12-17,4.699999809265137
2014-12-18,4.75
2014-12-19,4.650000095367432
2014-12-22,4.800000190734863
2014-12-23,4.75
2014-12-24,4.599999904632568
2014-12-26,4.599999904632568
2014-12-29,4.550000190734863
2014-12-30,4.599999904632568
2014-12-31,4.699999809265137
2015-01-02,4.550000190734863
2015-01-05,4.599999904632568
2015-01-06,4.449999809265137
2015-01-07,4.650000095367432
2015-01-08,4.449999809265137
2015-01-09,4.449999809265137
2015-01-12,4.349999904632568
2015-01-13,4.25
2015-01-14,4.150000095367432
2015-01-15,4.099999904632568
2015-01-16,4.099999904632568
2015-01-20,4.099999904632568
2015-01-21,4.050000190734863
2015-01-22,3.950000047683716
2015-01-23,3.9000000953674316
2015-01-26,3.950000047683716
2015-01-27,3.950000047683716
2015-01-28,3.799999952316284
2015-01-29,3.799999952316284
2015-01-30,4.0
2015-02-02,4.150000095367432
2015-02-03,4.150000095367432
2015-02-04,4.050000190734863
2015-02-05,4.0
2015-02-06,3.8499999046325684
2015-02-09,4.099999904632568
2015-02-10,4.050000190734863
2015-02-11,3.9000000953674316
2015-02-12,3.8499999046325684
2015-02-13,3.9000000953674316
2015-02-17,3.8499999046325684
2015-02-18,3.8499999046325684
2015-02-19,3.8499999046325684
2015-02-20,3.8499999046325684
2015-02-23,4.050000190734863
2015-02-24,4.0
2015-02-25,4.050000190734863
2015-02-26,4.050000190734863
2015-02-27,4.050000190734863
2015-03-02,4.050000190734863
2015-03-03,3.950000047683716
2015-03-04,4.0
2015-03-05,4.050000190734863
2015-03-06,3.950000047683716
2015-03-09,4.0
2015-03-10,3.799999952316284
2015-03-11,3.799999952316284
2015-03-12,4.25
2015-03-13,4.150000095367432
2015-03-16,4.199999809265137
2015-03-17,3.950000047683716
2015-03-18,4.099999904632568
2015-03-19,3.950000047683716
2015-03-20,4.150000095367432
2015-03-23,4.050000190734863
2015-03-24,4.0
2015-03-25,3.8499999046325684
2015-03-26,3.799999952316284
2015-03-27,3.799999952316284
2015-03-30,3.950000047683716
2015-03-31,3.8499999046325684
2015-04-01,3.799999952316284
2015-04-02,3.950000047683716
2015-04-06,4.0
2015-04-07,4.0
2015-04-08,4.150000095367432
2015-04-09,4.0
2015-04-10,4.400000095367432
2015-04-13,4.449999809265137
2015-04-14,4.550000190734863
2015-04-15,4.349999904632568
2015-04-16,4.449999809265137
2015-04-17,4.5
2015-04-20,4.449999809265137
2015-04-21,4.25
2015-04-22,4.349999904632568
2015-04-23,4.5
2015-04-24,4.650000095367432
2015-04-27,4.599999904632568
2015-04-28,4.349999904632568
2015-04-29,4.099999904632568
2015-04-30,4.150000095367432
2015-05-01,4.050000190734863
2015-05-04,4.0
2015-05-05,3.950000047683716
2015-05-06,4.0
2015-05-07,4.0
2015-05-08,3.8499999046325684
2015-05-11,3.950000047683716
2015-05-12,3.950000047683716
2015-05-13,3.9000000953674316
2015-05-14,3.75
2015-05-15,3.549999952316284
2015-05-18,3.5999999046325684
2015-05-19,3.6500000953674316
2015-05-20,3.6500000953674316
2015-05-21,3.75
2015-05-22,3.75
2015-05-26,3.799999952316284
2015-05-27,3.700000047683716
2015-05-28,3.6500000953674316
2015-05-29,3.75
2015-06-01,3.5
2015-06-02,3.5
2015-06-03,3.700000047683716
2015-06-04,3.75
2015-06-05,3.5999999046325684
2015-06-08,3.549999952316284
2015-06-09,3.5999999046325684
2015-06-10,3.6500000953674316
2015-06-11,3.700000047683716
2015-06-12,3.8499999046325684
2015-06-15,3.8499999046325684
2015-06-16,3.9000000953674316
2015-06-17,3.8499999046325684
2015-06-18,3.9000000953674316
2015-06-19,3.9000000953674316
2015-06-22,4.199999809265137
2015-06-23,4.199999809265137
2015-06-24,4.25
2015-06-25,4.300000190734863
2015-06-26,4.150000095367432
2015-06-29,4.199999809265137
2015-06-30,4.050000190734863
2015-07-01,4.099999904632568
2015-07-02,4.099999904632568
2015-07-06,3.799999952316284
2015-07-07,3.6500000953674316
2015-07-08,3.450000047683716
2015-07-09,3.25
2015-07-10,3.450000047683716
2015-07-13,3.549999952316284
2015-07-14,3.6500000953674316
2015-07-15,3.6500000953674316
2015-07-16,3.700000047683716
2015-07-17,3.6500000953674316
2015-07-20,3.75
2015-07-21,3.5999999046325684
2015-07-22,3.5
2015-07-23,3.4000000953674316
2015-07-24,3.4000000953674316
2015-07-27,3.25
2015-07-28,3.5
2015-07-29,3.450000047683716
2015-07-30,3.450000047683716
2015-07-31,3.450000047683716
2015-08-03,3.450000047683716
2015-08-04,3.4000000953674316
2015-08-05,3.299999952316284
2015-08-06,3.4000000953674316
2015-08-07,3.4000000953674316
2015-08-10,3.299999952316284
2015-08-11,3.25
2015-08-12,3.4000000953674316
2015-08-13,3.299999952316284
2015-08-14,3.4000000953674316
2015-08-17,3.25
2015-08-18,3.200000047683716
2015-08-19,3.25
2015-08-20,3.0999999046325684
2015-08-21,3.0
2015-08-24,2.75
2015-08-25,2.799999952316284
2015-08-26,2.799999952316284
2015-08-27,2.799999952316284
2015-08-28,2.5999999046325684
2015-08-31,2.5999999046325684
2015-09-01,2.700000047683716
2015-09-02,2.6500000953674316
2015-09-03,2.5999999046325684
2015-09-04,2.5999999046325684
2015-09-08,2.700000047683716
2015-09-09,2.6500000953674316
2015-09-10,2.6500000953674316
2015-09-11,2.5999999046325684
2015-09-14,2.6500000953674316
2015-09-15,2.6500000953674316
2015-09-16,2.6500000953674316
2015-09-17,2.6500000953674316
2015-09-18,2.700000047683716
2015-09-21,2.700000047683716
2015-09-22,2.700000047683716
2015-09-23,2.75
2015-09-24,2.6500000953674316
2015-09-25,2.6500000953674316
2015-09-28,2.450000047683716
2015-09-29,2.4000000953674316
2015-09-30,2.450000047683716
2015-10-01,2.5
2015-10-02,2.549999952316284
2015-10-05,2.25
2015-10-06,2.4000000953674316
2015-10-07,2.75
2015-10-08,2.75
2015-10-09,2.799999952316284
2015-10-12,2.75
2015-10-13,2.8499999046325684
2015-10-14,2.950000047683716
2015-10-15,3.0
2015-10-16,3.0
2015-10-19,2.9000000953674316
2015-10-20,2.950000047683716
2015-10-21,2.9000000953674316
2015-10-22,2.8499999046325684
2015-10-23,2.799999952316284
2015-10-26,2.799999952316284
2015-10-27,2.5999999046325684
2015-10-28,2.6500000953674316
2015-10-29,2.5999999046325684
2015-10-30,2.700000047683716
2015-11-02,2.700000047683716
2015-11-03,2.6500000953674316
2015-11-04,2.700000047683716
2015-11-05,2.799999952316284
2015-11-06,2.75
2015-11-09,2.9000000953674316
2015-11-10,2.75
2015-11-11,2.799999952316284
2015-11-12,2.950000047683716
2015-11-13,3.0
2015-11-16,2.9000000953674316
2015-11-17,3.049999952316284
2015-11-18,3.0
2015-11-19,2.9000000953674316
2015-11-20,2.9000000953674316
2015-11-23,3.049999952316284
2015-11-24,3.0999999046325684
2015-11-25,3.049999952316284
2015-11-27,3.299999952316284
2015-11-30,3.3499999046325684
2015-12-01,3.4000000953674316
2015-12-02,3.0999999046325684
2015-12-03,3.0999999046325684
2015-12-04,3.049999952316284
2015-12-07,2.950000047683716
2015-12-08,2.8499999046325684
2015-12-09,2.75
2015-12-10,2.5999999046325684
2015-12-11,2.549999952316284
2015-12-14,2.450000047683716
2015-12-15,2.299999952316284
2015-12-16,2.6600000858306885
2015-12-17,2.740000009536743
2015-12-18,3.0
2015-12-21,3.0
2015-12-22,3.0
2015-12-23,3.1600000858306885
2015-12-24,3.0999999046325684
2015-12-28,3.0999999046325684
2015-12-29,3.259999990463257
2015-12-30,2.9700000286102295
2015-12-31,3.0299999713897705
2016-01-04,3.109999895095825
2016-01-05,3.2300000190734863
2016-01-06,3.0999999046325684
2016-01-07,3.059999942779541
2016-01-08,3.049999952316284
2016-01-11,2.9000000953674316
2016-01-12,2.740000009536743
2016-01-13,2.4000000953674316
2016-01-14,2.5999999046325684
2016-01-15,2.390000104904175
2016-01-19,2.4000000953674316
2016-01-20,2.3399999141693115
2016-01-21,2.4000000953674316
2016-01-22,2.4700000286102295
2016-01-25,2.380000114440918
2016-01-26,2.5
2016-01-27,2.4700000286102295
2016-01-28,2.609999895095825
2016-01-29,2.890000104904175
2016-02-01,3.0299999713897705
2016-02-02,2.990000009536743
2016-02-03,2.940000057220459
2016-02-04,2.9700000286102295
2016-02-05,3.0999999046325684
2016-02-08,2.990000009536743
2016-02-09,2.890000104904175
2016-02-10,2.869999885559082
2016-02-11,2.8399999141693115
2016-02-12,2.880000114440918
2016-02-16,2.869999885559082
2016-02-17,2.950000047683716
2016-02-18,2.9600000381469727
2016-02-19,2.9100000858306885
2016-02-22,2.7699999809265137
2016-02-23,2.799999952316284
2016-02-24,2.759999990463257
2016-02-25,2.9800000190734863
2016-02-26,3.0399999618530273
2016-02-29,2.9600000381469727
2016-03-01,2.880000114440918
2016-03-02,2.9200000762939453
2016-03-03,3.0199999809265137
2016-03-04,2.9200000762939453
2016-03-07,3.0899999141693115
2016-03-08,2.950000047683716
2016-03-09,3.049999952316284
2016-03-10,2.950000047683716
2016-03-11,3.0999999046325684
2016-03-14,3.0299999713897705
2016-03-15,2.9600000381469727
2016-03-16,2.990000009536743
2016-03-17,3.059999942779541
2016-03-18,3.059999942779541
2016-03-21,3.0399999618530273
2016-03-22,3.0299999713897705
2016-03-23,2.880000114440918
2016-03-24,2.8499999046325684
2016-03-28,2.7100000381469727
2016-03-29,2.680000066757202
2016-03-30,2.7699999809265137
2016-03-31,2.7100000381469727
2016-04-01,2.799999952316284
2016-04-04,2.799999952316284
2016-04-05,2.7799999713897705
2016-04-06,2.799999952316284
2016-04-07,2.759999990463257
2016-04-08,2.7799999713897705
2016-04-11,2.7799999713897705
2016-04-12,2.799999952316284
2016-04-13,2.819999933242798
2016-04-14,2.75
2016-04-15,2.7899999618530273
2016-04-18,2.7899999618530273
2016-04-19,2.7899999618530273
2016-04-20,2.7699999809265137
2016-04-21,2.7699999809265137
2016-04-22,2.7699999809265137
2016-04-25,2.4700000286102295
2016-04-26,2.549999952316284
2016-04-27,2.4800000190734863
2016-04-28,2.549999952316284
2016-04-29,2.509999990463257
2016-05-02,2.5199999809265137
2016-05-03,2.5299999713897705
2016-05-04,2.5199999809265137
2016-05-05,2.509999990463257
2016-05-06,2.5199999809265137
2016-05-09,2.5799999237060547
2016-05-10,2.7300000190734863
2016-05-11,2.5899999141693115
2016-05-12,2.609999895095825
2016-05-13,2.569999933242798
2016-05-16,2.5299999713897705
2016-05-17,2.609999895095825
2016-05-18,2.5799999237060547
2016-05-19,2.559999942779541
2016-05-20,2.630000114440918
2016-05-23,2.5399999618530273
2016-05-24,2.7799999713897705
2016-05-25,2.569999933242798
2016-05-26,2.700000047683716
2016-05-27,2.740000009536743
2016-05-31,2.700000047683716
2016-06-01,2.7799999713897705
2016-06-02,2.7799999713897705
2016-06-03,2.759999990463257
2016-06-06,2.759999990463257
2016-06-07,2.75
2016-06-08,2.609999895095825
2016-06-09,2.690000057220459
2016-06-10,2.5999999046325684
2016-06-13,2.5999999046325684
2016-06-14,2.549999952316284
2016-06-15,2.549999952316284
2016-06-16,2.4800000190734863
2016-06-17,2.5799999237060547
2016-06-20,2.5799999237060547
2016-06-21,2.549999952316284
2016-06-22,2.5199999809265137
2016-06-23,2.509999990463257
2016-06-24,2.4800000190734863
2016-06-27,2.4100000858306885
2016-06-28,2.430000066757202
2016-06-29,2.430000066757202
2016-06-30,2.450000047683716
2016-07-01,2.4000000953674316
2016-07-05,2.450000047683716
2016-07-06,2.4100000858306885
2016-07-07,2.450000047683716
2016-07-08,2.490000009536743
2016-07-11,2.4600000381469727
2016-07-12,2.450000047683716
2016-07-13,2.4600000381469727
2016-07-14,2.440000057220459
2016-07-15,2.440000057220459
2016-07-18,2.4600000381469727
2016-07-19,2.4700000286102295
2016-07-20,2.430000066757202
2016-07-21,2.4600000381469727
2016-07-22,2.450000047683716
2016-07-25,2.5799999237060547
2016-07-26,2.5999999046325684
2016-07-27,2.6500000953674316
2016-07-28,2.5899999141693115
2016-07-29,2.509999990463257
2016-08-01,2.4100000858306885
2016-08-02,2.450000047683716
2016-08-03,2.5
2016-08-04,2.5
2016-08-05,2.619999885559082
2016-08-08,2.700000047683716
2016-08-09,2.740000009536743
2016-08-10,2.6500000953674316
2016-08-11,2.5999999046325684
2016-08-12,2.5999999046325684
2016-08-15,2.5999999046325684
2016-08-16,2.5899999141693115
2016-08-17,2.5199999809265137
2016-08-18,2.5399999618530273
2016-08-19,2.630000114440918
2016-08-22,2.5799999237060547
2016-08-23,2.5399999618530273
2016-08-24,2.609999895095825
2016-08-25,2.5999999046325684
2016-08-26,2.5799999237060547
2016-08-29,2.549999952316284
2016-08-30,2.549999952316284
2016-08-31,2.549999952316284
2016-09-01,2.6600000858306885
2016-09-02,2.559999942779541
2016-09-06,2.490000009536743
2016-09-07,2.490000009536743
2016-09-08,2.5399999618530273
2016-09-09,2.630000114440918
2016-09-12,2.619999885559082
2016-09-13,2.619999885559082
2016-09-14,2.609999895095825
2016-09-15,2.5899999141693115
2016-09-16,2.509999990463257
2016-09-19,2.450000047683716
2016-09-20,2.4800000190734863
2016-09-21,2.5
2016-09-22,2.5299999713897705
2016-09-23,2.569999933242798
2016-09-26,2.5199999809265137
2016-09-27,2.5199999809265137
2016-09-28,2.509999990463257
2016-09-29,2.4600000381469727
2016-09-30,2.4700000286102295
2016-10-03,2.450000047683716
2016-10-04,2.450000047683716
2016-10-05,2.430000066757202
2016-10-06,2.4200000762939453
2016-10-07,2.4200000762939453
2016-10-10,2.430000066757202
2016-10-11,2.4200000762939453
2016-10-12,2.430000066757202
2016-10-13,2.450000047683716
2016-10-14,2.4600000381469727
2016-10-17,2.4600000381469727
2016-10-18,2.4800000190734863
2016-10-19,2.4700000286102295
2016-10-20,2.490000009536743
2016-10-21,2.5299999713897705
2016-10-24,2.5
2016-10-25,2.490000009536743
2016-10-26,2.5199999809265137
2016-10-27,2.5199999809265137
2016-10-28,2.549999952316284
2016-10-31,2.569999933242798
2016-11-01,2.5999999046325684
2016-11-02,2.619999885559082
2016-11-03,2.690000057220459
2016-11-04,2.619999885559082
2016-11-07,2.6700000762939453
2016-11-08,2.559999942779541
2016-11-09,2.5999999046325684
2016-11-10,2.5399999618530273
2016-11-11,2.5399999618530273
2016-11-14,2.5299999713897705
2016-11-15,2.509999990463257
2016-11-16,2.5299999713897705
2016-11-17,2.5299999713897705
2016-11-18,2.5299999713897705
2016-11-21,2.559999942779541
2016-11-22,2.609999895095825
2016-11-23,2.609999895095825
2016-11-25,2.5799999237060547
2016-11-28,2.5999999046325684
2016-11-29,2.630000114440918
2016-11-30,2.549999952316284
2016-12-01,2.680000066757202
2016-12-02,2.640000104904175
2016-12-05,2.680000066757202
2016-12-06,2.6700000762939453
2016-12-07,2.640000104904175
2016-12-08,2.5999999046325684
2016-12-09,2.569999933242798
2016-12-12,2.6500000953674316
2016-12-13,2.630000114440918
2016-12-14,2.799999952316284
2016-12-15,2.8299999237060547
2016-12-16,2.940000057220459
2016-12-19,3.1500000953674316
2016-12-20,3.1500000953674316
2016-12-21,3.0199999809265137
2016-12-22,2.9600000381469727
2016-12-23,3.0
2016-12-27,3.049999952316284
2016-12-28,2.9600000381469727
2016-12-29,2.9100000858306885
2016-12-30,2.9200000762939453
2017-01-03,2.859999895095825
2017-01-04,2.859999895095825
2017-01-05,2.9700000286102295
2017-01-06,2.8399999141693115
2017-01-09,2.9200000762939453
2017-01-10,2.9100000858306885
2017-01-11,2.9700000286102295
2017-01-12,2.9700000286102295
2017-01-13,3.0799999237060547
2017-01-17,3.0
2017-01-18,2.9200000762939453
2017-01-19,3.0
2017-01-20,3.109999895095825
2017-01-23,3.5199999809265137
2017-01-24,3.450000047683716
2017-01-25,3.2799999713897705
2017-01-26,3.25
2017-01-27,3.25
2017-01-30,3.240000009536743
2017-01-31,3.2100000381469727
2017-02-01,3.190000057220459
2017-02-02,3.190000057220459
2017-02-03,3.190000057220459
2017-02-06,3.1700000762939453
2017-02-07,3.180000066757202
2017-02-08,3.109999895095825
2017-02-09,3.140000104904175
2017-02-10,3.0899999141693115
2017-02-13,3.0799999237060547
2017-02-14,2.9600000381469727
2017-02-15,2.9200000762939453
2017-02-16,3.0799999237060547
2017-02-17,3.069999933242798
2017-02-21,3.0799999237060547
2017-02-22,3.180000066757202
2017-02-23,3.119999885559082
2017-02-24,3.0999999046325684
2017-02-27,3.009999990463257
2017-02-28,3.0399999618530273
2017-03-01,3.0199999809265137
2017-03-02,2.950000047683716
2017-03-03,3.009999990463257
2017-03-06,3.0
2017-03-07,2.9100000858306885
2017-03-08,3.190000057220459
2017-03-09,2.9000000953674316
2017-03-10,3.0199999809265137
2017-03-13,2.990000009536743
2017-03-14,2.940000057220459
2017-03-15,2.9700000286102295
2017-03-16,3.0
2017-03-17,3.0
2017-03-20,3.009999990463257
2017-03-21,3.009999990463257
2017-03-22,2.9600000381469727
2017-03-23,2.9700000286102295
2017-03-24,2.950000047683716
2017-03-27,2.940000057220459
2017-03-28,2.990000009536743
2017-03-29,3.130000114440918
2017-03-30,3.109999895095825
2017-03-31,3.069999933242798
2017-04-03,2.950000047683716
2017-04-04,2.9600000381469727
2017-04-05,2.990000009536743
2017-04-06,2.9700000286102295
2017-04-07,3.0899999141693115
2017-04-10,2.9800000190734863
2017-04-11,3.009999990463257
2017-04-12,2.990000009536743
2017-04-13,2.9200000762939453
2017-04-17,2.890000104904175
2017-04-18,2.940000057220459
2017-04-19,2.930000066757202
2017-04-20,2.9100000858306885
2017-04-21,2.9700000286102295
2017-04-24,2.869999885559082
2017-04-25,2.880000114440918
2017-04-26,2.930000066757202
2017-04-27,2.9100000858306885
2017-04-28,2.9100000858306885
2017-05-01,2.930000066757202
2017-05-02,2.940000057220459
2017-05-03,2.950000047683716
2017-05-04,2.9000000953674316
2017-05-05,2.9000000953674316
2017-05-08,2.9000000953674316
2017-05-09,2.890000104904175
2017-05-10,2.880000114440918
2017-05-11,2.859999895095825
2017-05-12,2.869999885559082
2017-05-15,2.880000114440918
2017-05-16,2.890000104904175
2017-05-17,2.880000114440918
2017-05-18,2.869999885559082
2017-05-19,2.950000047683716
2017-05-22,2.859999895095825
2017-05-23,2.880000114440918
2017-05-24,2.890000104904175
2017-05-25,2.890000104904175
2017-05-26,2.9200000762939453
2017-05-30,2.9200000762939453
2017-05-31,2.950000047683716
2017-06-01,3.0999999046325684
2017-06-02,3.0399999618530273
2017-06-05,3.069999933242798
2017-06-06,3.0899999141693115
2017-06-07,2.950000047683716
2017-06-08,2.9600000381469727
2017-06-09,3.0299999713897705
2017-06-12,3.0
2017-06-13,3.0299999713897705
2017-06-14,3.0199999809265137
2017-06-15,3.009999990463257
2017-06-16,3.049999952316284
2017-06-19,3.0199999809265137
2017-06-20,3.0
2017-06-21,3.059999942779541
2017-06-22,3.069999933242798
2017-06-23,3.069999933242798
2017-06-26,3.0999999046325684
2017-06-27,3.109999895095825
2017-06-28,3.0399999618530273
2017-06-29,3.119999885559082
2017-06-30,3.1500000953674316
2017-07-03,3.0799999237060547
2017-07-05,3.069999933242798
2017-07-06,3.0199999809265137
2017-07-07,3.049999952316284
2017-07-10,2.950000047683716
2017-07-11,2.950000047683716
2017-07-12,3.0299999713897705
2017-07-13,3.0399999618530273
2017-07-14,2.9800000190734863
2017-07-17,2.9000000953674316
2017-07-18,2.930000066757202
2017-07-19,2.990000009536743
2017-07-20,3.049999952316284
2017-07-21,3.009999990463257
2017-07-24,2.9800000190734863
2017-07-25,2.9800000190734863
2017-07-26,3.0199999809265137
2017-07-27,3.0299999713897705
2017-07-28,2.990000009536743
2017-07-31,2.9800000190734863
2017-08-01,2.930000066757202
2017-08-02,2.940000057220459
2017-08-03,2.950000047683716
2017-08-04,3.049999952316284
2017-08-07,3.0199999809265137
2017-08-08,2.950000047683716
2017-08-09,2.9700000286102295
2017-08-10,2.940000057220459
2017-08-11,2.9100000858306885
2017-08-14,2.9800000190734863
2017-08-15,2.930000066757202
2017-08-16,2.930000066757202
2017-08-17,2.930000066757202
2017-08-18,2.9200000762939453
2017-08-21,2.950000047683716
2017-08-22,3.0799999237060547
2017-08-23,3.0799999237060547
2017-08-24,3.119999885559082
2017-08-25,3.0999999046325684
2017-08-28,3.0299999713897705
2017-08-29,3.0299999713897705
2017-08-30,3.0399999618530273
2017-08-31,3.0799999237060547
2017-09-01,3.049999952316284
2017-09-05,3.0199999809265137
2017-09-06,2.9700000286102295
2017-09-07,3.069999933242798
2017-09-08,3.0
2017-09-11,3.009999990463257
2017-09-12,3.0
2017-09-13,2.940000057220459
2017-09-14,2.930000066757202
2017-09-15,2.950000047683716
2017-09-18,2.9800000190734863
2017-09-19,3.0
2017-09-20,3.200000047683716
2017-09-21,3.2100000381469727
2017-09-22,3.2100000381469727
2017-09-25,3.109999895095825
2017-09-26,3.109999895095825
2017-09-27,3.180000066757202
2017-09-28,3.180000066757202
2017-09-29,3.2200000286102295
2017-10-02,3.2200000286102295
2017-10-03,3.1700000762939453
2017-10-04,3.180000066757202
2017-10-05,3.1500000953674316
2017-10-06,3.509999990463257
2017-10-09,3.490000009536743
2017-10-10,3.4000000953674316
2017-10-11,3.5299999713897705
2017-10-12,3.549999952316284
2017-10-13,3.5399999618530273
2017-10-16,3.619999885559082
2017-10-17,3.490000009536743
2017-10-18,3.490000009536743
2017-10-19,3.509999990463257
2017-10-20,3.359999895095825
2017-10-23,3.3399999141693115
2017-10-24,3.2899999618530273
2017-10-25,3.25
2017-10-26,3.259999990463257
2017-10-27,3.130000114440918
2017-10-30,3.0999999046325684
2017-10-31,3.0999999046325684
2017-11-01,3.180000066757202
2017-11-02,3.0899999141693115
2017-11-03,3.0199999809265137
2017-11-06,2.990000009536743
2017-11-07,2.990000009536743
2017-11-08,3.059999942779541
2017-11-09,3.1500000953674316
2017-11-10,3.130000114440918
2017-11-13,3.0199999809265137
2017-11-14,2.940000057220459
2017-11-15,3.009999990463257
2017-11-16,3.0899999141693115
2017-11-17,3.0199999809265137
2017-11-20,3.0799999237060547
2017-11-21,3.0399999618530273
2017-11-22,3.0799999237060547
2017-11-24,3.059999942779541
2017-11-27,3.049999952316284
2017-11-28,2.9200000762939453
2017-11-29,2.9100000858306885
2017-11-30,2.890000104904175
2017-12-01,2.9200000762939453
2017-12-04,2.9200000762939453
2017-12-05,2.819999933242798
2017-12-06,2.950000047683716
2017-12-07,2.890000104904175
2017-12-08,3.0
2017-12-11,3.0
2017-12-12,3.009999990463257
2017-12-13,2.990000009536743
2017-12-14,2.9200000762939453
2017-12-15,2.940000057220459
2017-12-18,2.9800000190734863
2017-12-19,3.0299999713897705
2017-12-20,3.049999952316284
2017-12-21,3.049999952316284
2017-12-22,3.009999990463257
2017-12-26,3.049999952316284
2017-12-27,3.0199999809265137
2017-12-28,3.069999933242798
2017-12-29,3.0399999618530273
2018-01-02,3.049999952316284
2018-01-03,3.0399999618530273
2018-01-04,3.299999952316284
2018-01-05,3.5999999046325684
2018-01-08,3.440000057220459
2018-01-09,3.3499999046325684
2018-01-10,3.9800000190734863
2018-01-11,4.210000038146973
2018-01-12,3.9200000762939453
2018-01-16,3.7100000381469727
2018-01-17,3.700000047683716
2018-01-18,3.7100000381469727
2018-01-19,3.609999895095825
2018-01-22,3.690000057220459
2018-01-23,3.7300000190734863
2018-01-24,3.640000104904175
2018-01-25,3.630000114440918
2018-01-26,3.799999952316284
2018-01-29,3.630000114440918
2018-01-30,3.319999933242798
2018-01-31,3.309999942779541
2018-02-01,3.309999942779541
2018-02-02,3.190000057220459
2018-02-05,3.1500000953674316
2018-02-06,3.0899999141693115
2018-02-07,2.9800000190734863
2018-02-08,2.940000057220459
2018-02-09,2.990000009536743
2018-02-12,3.0
2018-02-13,2.950000047683716
2018-02-14,3.0199999809265137
2018-02-15,2.8299999237060547
2018-02-16,2.8399999141693115
2018-02-20,2.8299999237060547
2018-02-21,2.880000114440918
2018-02-22,2.799999952316284
2018-02-23,2.809999942779541
2018-02-26,2.859999895095825
2018-02-27,2.75
2018-02-28,2.880000114440918
2018-03-01,2.799999952316284
2018-03-02,2.8299999237060547
2018-03-05,2.8399999141693115
2018-03-06,2.809999942779541
2018-03-07,2.7899999618530273
2018-03-08,2.809999942779541
2018-03-09,2.8499999046325684
2018-03-12,2.9000000953674316
2018-03-13,2.8299999237060547
2018-03-14,2.819999933242798
2018-03-15,2.799999952316284
2018-03-16,2.7200000286102295
2018-03-19,2.640000104904175
2018-03-20,2.680000066757202
2018-03-21,2.680000066757202
2018-03-22,2.759999990463257
2018-03-23,2.7799999713897705
2018-03-26,2.7799999713897705
2018-03-27,2.799999952316284
2018-03-28,2.8399999141693115
2018-03-29,2.8299999237060547
2018-04-02,2.5
2018-04-03,2.569999933242798
2018-04-04,2.5999999046325684
2018-04-05,2.9000000953674316
2018-04-06,2.75
2018-04-09,2.680000066757202
2018-04-10,2.6500000953674316
2018-04-11,2.740000009536743
2018-04-12,2.759999990463257
2018-04-13,2.799999952316284
2018-04-16,2.7200000286102295
2018-04-17,2.7899999618530273
2018-04-18,2.740000009536743
2018-04-19,2.680000066757202
2018-04-20,2.5199999809265137
2018-04-23,2.559999942779541
2018-04-24,2.5299999713897705
2018-04-25,2.5
2018-04-26,2.609999895095825
2018-04-27,2.6600000858306885
2018-04-30,2.5899999141693115
2018-05-01,2.619999885559082
2018-05-02,2.5999999046325684
2018-05-03,2.6600000858306885
2018-05-04,2.700000047683716
2018-05-07,2.6700000762939453
2018-05-08,2.6600000858306885
2018-05-09,2.7100000381469727
2018-05-10,2.75
2018-05-11,2.819999933242798
2018-05-14,2.869999885559082
2018-05-15,2.890000104904175
2018-05-16,2.8499999046325684
2018-05-17,2.9200000762939453
2018-05-18,2.940000057220459
2018-05-21,2.950000047683716
2018-05-22,2.950000047683716
2018-05-23,2.950000047683716
2018-05-24,2.940000057220459
2018-05-25,2.940000057220459
2018-05-29,2.950000047683716
2018-05-30,2.880000114440918
2018-05-31,2.9700000286102295
2018-06-01,2.9200000762939453
2018-06-04,3.140000104904175
2018-06-05,3.2100000381469727
2018-06-06,3.240000009536743
2018-06-07,3.190000057220459
2018-06-08,3.1600000858306885
2018-06-11,3.2300000190734863
2018-06-12,3.190000057220459
2018-06-13,3.1500000953674316
2018-06-14,3.0799999237060547
2018-06-15,3.0399999618530273
2018-06-18,3.0899999141693115
2018-06-19,3.059999942779541
2018-06-20,3.109999895095825
2018-06-21,2.9600000381469727
2018-06-22,3.009999990463257
2018-06-25,2.9700000286102295
2018-06-26,3.069999933242798
2018-06-27,2.940000057220459
2018-06-28,2.9600000381469727
2018-06-29,2.9700000286102295
2018-07-02,2.9800000190734863
2018-07-03,2.9800000190734863
2018-07-05,3.0
2018-07-06,2.9100000858306885
2018-07-09,2.859999895095825
2018-07-10,2.869999885559082
2018-07-11,2.880000114440918
2018-07-12,2.9000000953674316
2018-07-13,2.9600000381469727
2018-07-16,2.890000104904175
2018-07-17,2.950000047683716
2018-07-18,2.940000057220459
2018-07-19,3.009999990463257
2018-07-20,3.049999952316284
2018-07-23,3.0299999713897705
2018-07-24,3.069999933242798
2018-07-25,3.0
2018-07-26,3.0399999618530273
2018-07-27,3.0199999809265137
2018-07-30,3.0
2018-07-31,3.0
2018-08-01,2.880000114440918
2018-08-02,2.940000057220459
2018-08-03,2.819999933242798
2018-08-06,2.880000114440918
2018-08-07,2.799999952316284
2018-08-08,2.809999942779541
2018-08-09,2.880000114440918
2018-08-10,2.859999895095825
2018-08-13,2.8299999237060547
2018-08-14,2.940000057220459
2018-08-15,2.950000047683716
2018-08-16,2.990000009536743
2018-08-17,3.119999885559082
2018-08-20,3.130000114440918
2018-08-21,3.0799999237060547
2018-08-22,3.0799999237060547
2018-08-23,3.0899999141693115
2018-08-24,3.009999990463257
2018-08-27,3.119999885559082
2018-08-28,3.0999999046325684
2018-08-29,3.0799999237060547
2018-08-30,2.9800000190734863
2018-08-31,2.9000000953674316
2018-09-04,2.930000066757202
2018-09-05,2.990000009536743
2018-09-06,2.940000057220459
2018-09-07,2.9100000858306885
2018-09-10,2.9000000953674316
2018-09-11,2.859999895095825
2018-09-12,2.859999895095825
2018-09-13,2.9800000190734863
2018-09-14,3.0199999809265137
2018-09-17,2.950000047683716
2018-09-18,2.9100000858306885
2018-09-19,3.0
2018-09-20,3.049999952316284
2018-09-21,3.009999990463257
2018-09-24,3.059999942779541
2018-09-25,3.069999933242798
2018-09-26,3.009999990463257
2018-09-27,2.9000000953674316
2018-09-28,2.930000066757202
2018-10-01,2.9200000762939453
2018-10-02,2.990000009536743
2018-10-03,2.9000000953674316
2018-10-04,2.880000114440918
2018-10-05,2.8499999046325684
2018-10-08,2.809999942779541
2018-10-09,2.7799999713897705
2018-10-10,2.7799999713897705
2018-10-11,2.619999885559082
2018-10-12,2.7100000381469727
2018-10-15,2.7300000190734863
2018-10-16,2.75
2018-10-17,2.930000066757202
2018-10-18,2.740000009536743
2018-10-19,2.9800000190734863
2018-10-22,2.809999942779541
2018-10-23,2.930000066757202
2018-10-24,2.809999942779541
2018-10-25,2.8499999046325684
2018-10-26,2.8399999141693115
2018-10-29,2.7899999618530273
2018-10-30,2.950000047683716
2018-10-31,2.859999895095825
2018-11-01,2.9000000953674316
2018-11-02,2.930000066757202
2018-11-05,2.9100000858306885
2018-11-06,2.8399999141693115
2018-11-07,2.7799999713897705
2018-11-08,2.7799999713897705
2018-11-09,2.7899999618530273
2018-11-12,2.690000057220459
2018-11-13,2.619999885559082
2018-11-14,2.680000066757202
2018-11-15,2.7300000190734863
2018-11-16,2.7300000190734863
2018-11-19,2.75
2018-11-20,2.8299999237060547
2018-11-21,2.8499999046325684
2018-11-23,2.880000114440918
2018-11-26,2.880000114440918
2018-11-27,2.8499999046325684
2018-11-28,2.869999885559082
2018-11-29,2.8499999046325684
2018-11-30,2.7699999809265137
2018-12-03,2.7699999809265137
2018-12-04,2.759999990463257
2018-12-06,2.75
2018-12-07,2.680000066757202
2018-12-10,2.690000057220459
2018-12-11,2.5799999237060547
2018-12-12,2.5999999046325684
2018-12-13,2.5899999141693115
2018-12-14,2.5899999141693115
2018-12-17,2.5199999809265137
2018-12-18,2.450000047683716
2018-12-19,2.7899999618530273
2018-12-20,2.7799999713897705
2018-12-21,2.809999942779541
2018-12-24,2.950000047683716
2018-12-26,2.8499999046325684
2018-12-27,2.9100000858306885
2018-12-28,3.049999952316284
2018-12-31,3.0
2019-01-02,3.0
2019-01-03,2.950000047683716
2019-01-04,2.9200000762939453
2019-01-07,2.9600000381469727
2019-01-08,2.9700000286102295
2019-01-09,2.940000057220459
2019-01-10,2.940000057220459
2019-01-11,2.940000057220459
2019-01-14,2.940000057220459
2019-01-15,2.9000000953674316
2019-01-16,2.930000066757202
2019-01-17,2.9200000762939453
2019-01-18,2.9000000953674316
2019-01-22,2.930000066757202
2019-01-23,2.8499999046325684
2019-01-24,2.890000104904175
2019-01-25,2.9000000953674316
2019-01-28,2.9000000953674316
2019-01-29,2.890000104904175
2019-01-30,2.8399999141693115
2019-01-31,2.7799999713897705
2019-02-01,2.7899999618530273
2019-02-04,2.9100000858306885
2019-02-05,2.880000114440918
2019-02-06,2.880000114440918
2019-02-07,2.890000104904175
2019-02-08,2.890000104904175
2019-02-11,2.809999942779541
2019-02-12,2.809999942779541
2019-02-13,2.869999885559082
2019-02-14,2.880000114440918
2019-02-15,2.9000000953674316
2019-02-19,2.8499999046325684
2019-02-20,2.8299999237060547
2019-02-21,2.809999942779541
2019-02-22,2.8499999046325684
2019-02-25,2.8399999141693115
2019-02-26,2.799999952316284
2019-02-27,2.819999933242798
2019-02-28,2.7899999618530273
2019-03-01,2.7899999618530273
2019-03-04,2.75
2019-03-05,2.740000009536743
2019-03-06,2.7200000286102295
2019-03-07,2.7300000190734863
2019-03-08,2.7200000286102295
2019-03-11,2.740000009536743
2019-03-12,2.799999952316284
2019-03-13,2.740000009536743
2019-03-14,2.759999990463257
2019-03-15,2.819999933242798
2019-03-18,2.740000009536743
2019-03-19,2.7899999618530273
2019-03-20,2.740000009536743
2019-03-21,2.799999952316284
2019-03-22,2.7200000286102295
2019-03-25,2.7100000381469727
2019-03-26,2.799999952316284
2019-03-27,2.700000047683716
2019-03-28,2.75
2019-03-29,2.6700000762939453
2019-04-01,2.7300000190734863
2019-04-02,2.6500000953674316
2019-04-03,2.5199999809265137
2019-04-04,2.5
2019-04-05,2.5299999713897705
2019-04-08,2.490000009536743
2019-04-09,2.5399999618530273
2019-04-10,2.5299999713897705
2019-04-11,2.549999952316284
2019-04-12,2.6500000953674316
2019-04-15,2.5999999046325684
2019-04-16,2.5799999237060547
2019-04-17,2.5999999046325684
2019-04-18,2.569999933242798
2019-04-22,2.559999942779541
2019-04-23,2.559999942779541
2019-04-24,2.5999999046325684
2019-04-25,2.5899999141693115
2019-04-26,2.549999952316284
2019-04-29,2.549999952316284
2019-04-30,2.5199999809265137
2019-05-01,2.5
2019-05-02,2.4800000190734863
2019-05-03,2.4800000190734863
2019-05-06,2.380000114440918
2019-05-07,2.4200000762939453
2019-05-08,2.380000114440918
2019-05-09,2.4100000858306885
2019-05-10,2.4000000953674316
2019-05-13,2.299999952316284
2019-05-14,2.319999933242798
2019-05-15,2.430000066757202
2019-05-16,2.369999885559082
2019-05-17,2.369999885559082
2019-05-20,2.359999895095825
2019-05-21,2.369999885559082
2019-05-22,2.2899999618530273
2019-05-23,2.299999952316284
2019-05-24,2.3499999046325684
2019-05-28,2.2799999713897705
2019-05-29,2.2699999809265137
2019-05-30,2.3299999237060547
2019-05-31,2.3399999141693115
2019-06-03,2.3399999141693115
2019-06-04,2.3499999046325684
2019-06-05,2.319999933242798
2019-06-06,2.3299999237060547
2019-06-07,2.319999933242798
2019-06-10,2.3299999237060547
2019-06-11,2.2699999809265137
2019-06-12,2.4100000858306885
2019-06-13,2.5
2019-06-14,2.559999942779541
2019-06-17,2.440000057220459
2019-06-18,2.440000057220459
2019-06-19,2.5
2019-06-20,2.450000047683716
2019-06-21,2.549999952316284
2019-06-24,2.4600000381469727
2019-06-25,2.5
2019-06-26,2.5999999046325684
2019-06-27,2.5
2019-06-28,2.359999895095825
2019-07-01,2.5899999141693115
2019-07-02,2.4200000762939453
2019-07-03,2.5799999237060547
2019-07-05,2.5199999809265137
2019-07-08,2.5299999713897705
2019-07-09,2.5
2019-07-10,2.5799999237060547
2019-07-11,2.5399999618530273
2019-07-12,2.5199999809265137
2019-07-15,2.509999990463257
2019-07-16,2.5799999237060547
2019-07-17,2.509999990463257
2019-07-18,2.509999990463257
2019-07-19,2.5199999809265137
2019-07-22,2.509999990463257
2019-07-23,2.569999933242798
2019-07-24,2.569999933242798
2019-07-25,2.5399999618530273
2019-07-26,2.549999952316284
2019-07-29,2.549999952316284
2019-07-30,2.5299999713897705
2019-07-31,2.5299999713897705
2019-08-01,2.5199999809265137
2019-08-02,2.559999942779541
2019-08-05,2.509999990463257
2019-08-06,2.549999952316284
2019-08-07,2.490000009536743
2019-08-08,2.450000047683716
2019-08-09,2.319999933242798
2019-08-12,2.2799999713897705
2019-08-13,2.2300000190734863
2019-08-14,2.299999952316284
2019-08-15,2.259999990463257
2019-08-16,2.3299999237060547
2019-08-19,2.450000047683716
2019-08-20,2.4600000381469727
2019-08-21,2.4200000762939453
2019-08-22,2.2799999713897705
2019-08-23,2.2799999713897705
2019-08-26,2.2799999713897705
2019-08-27,2.2699999809265137
2019-08-28,2.25
2019-08-29,2.25
2019-08-30,2.25
2019-09-03,2.200000047683716
2019-09-04,2.390000104904175
2019-09-05,2.5
2019-09-06,2.4700000286102295
2019-09-09,2.359999895095825
2019-09-10,2.4600000381469727
2019-09-11,2.5299999713897705
2019-09-12,2.559999942779541
2019-09-13,2.559999942779541
2019-09-16,2.5299999713897705
2019-09-17,2.5
2019-09-18,2.5199999809265137
2019-09-19,2.5399999618530273
2019-09-20,2.309999942779541
2019-09-23,2.569999933242798
2019-09-24,2.549999952316284
2019-09-25,2.559999942779541
2019-09-26,2.4700000286102295
2019-09-27,2.4000000953674316
2019-09-30,2.5799999237060547
2019-10-01,2.509999990463257
2019-10-02,2.4800000190734863
2019-10-03,2.4800000190734863
2019-10-04,2.4800000190734863
2019-10-07,2.5199999809265137
2019-10-08,2.4800000190734863
2019-10-09,2.5
2019-10-10,2.509999990463257
2019-10-11,2.490000009536743
2019-10-14,2.490000009536743
2019-10-15,2.5199999809265137
2019-10-16,2.5
2019-10-17,2.5
2019-10-18,2.4200000762939453
2019-10-21,2.5
2019-10-22,2.4100000858306885
2019-10-23,2.4100000858306885
2019-10-24,2.430000066757202
2019-10-25,2.430000066757202
2019-10-28,2.4600000381469727
2019-10-29,2.4700000286102295
2019-10-30,2.4700000286102295
2019-10-31,2.4700000286102295
2019-11-01,2.4100000858306885
2019-11-04,2.4800000190734863
2019-11-05,2.4800000190734863
2019-11-06,2.5
2019-11-07,2.490000009536743
2019-11-08,2.5
2019-11-11,2.4600000381469727
2019-11-12,2.509999990463257
2019-11-13,2.490000009536743
2019-11-14,2.4700000286102295
2019-11-15,2.5
2019-11-18,2.5
2019-11-19,2.4700000286102295
2019-11-20,2.450000047683716
2019-11-21,2.4100000858306885
2019-11-22,2.5399999618530273
2019-11-25,2.509999990463257
2019-11-26,2.5299999713897705
2019-11-27,2.509999990463257
2019-11-29,2.5
2019-12-02,2.5199999809265137
2019-12-03,2.5299999713897705
2019-12-04,2.5199999809265137
2019-12-05,2.569999933242798
2019-12-06,2.5199999809265137
2019-12-09,2.5299999713897705
2019-12-10,2.5399999618530273
2019-12-11,2.509999990463257
2019-12-12,2.4800000190734863
2019-12-13,2.5299999713897705
2019-12-16,2.509999990463257
2019-12-17,2.5
2019-12-18,2.509999990463257
2019-12-19,2.4800000190734863
2019-12-20,2.5
2019-12-23,2.4200000762939453
2019-12-24,2.4200000762939453
2019-12-26,2.4100000858306885
2019-12-27,2.4700000286102295
2019-12-30,2.430000066757202
2019-12-31,2.4100000858306885
2020-01-02,2.440000057220459
2020-01-03,2.309999942779541
2020-01-06,2.200000047683716
2020-01-07,2.0899999141693115
2020-01-08,2.140000104904175
2020-01-09,2.259999990463257
2020-01-10,2.2699999809265137
2020-01-13,2.299999952316284
2020-01-14,2.3399999141693115
2020-01-15,2.3399999141693115
2020-01-16,2.2200000286102295
2020-01-17,2.2100000381469727
2020-01-21,2.1600000858306885
2020-01-22,2.1500000953674316
2020-01-23,2.240000009536743
2020-01-24,2.309999942779541
2020-01-27,2.3399999141693115
2020-01-28,2.3499999046325684
2020-01-29,2.3299999237060547
2020-01-30,2.3499999046325684
2020-01-31,2.380000114440918
2020-02-03,2.430000066757202
2020-02-04,2.4200000762939453
2020-02-05,2.430000066757202
2020-02-06,2.4200000762939453
2020-02-07,2.440000057220459
2020-02-10,2.450000047683716
2020-02-11,2.450000047683716
2020-02-12,2.440000057220459
2020-02-13,2.450000047683716
2020-02-14,2.509999990463257
2020-02-18,2.4600000381469727
2020-02-19,2.430000066757202
2020-02-20,2.5199999809265137
2020-02-21,2.5399999618530273
2020-02-24,2.5199999809265137
2020-02-25,2.430000066757202
2020-02-26,2.430000066757202
2020-02-27,2.319999933242798
2020-02-28,2.369999885559082
2020-03-02,2.4100000858306885
2020-03-03,2.3499999046325684
2020-03-04,2.4000000953674316
2020-03-05,2.380000114440918
2020-03-06,2.4100000858306885
2020-03-09,2.200000047683716
2020-03-10,2.319999933242798
2020-03-11,2.1700000762939453
2020-03-12,2.059999942779541
2020-03-13,2.059999942779541
2020-03-16,2.009999990463257
2020-03-17,2.1500000953674316
2020-03-18,2.0299999713897705
2020-03-19,2.240000009536743
2020-03-20,2.200000047683716
2020-03-23,2.0999999046325684
2020-03-24,2.119999885559082
2020-03-25,2.140000104904175
2020-03-26,2.1700000762939453
2020-03-27,2.259999990463257
2020-03-30,2.2799999713897705
2020-03-31,2.259999990463257
2020-04-01,2.2699999809265137
2020-04-02,2.309999942779541
2020-04-03,2.240000009536743
2020-04-06,2.309999942779541
2020-04-07,2.2799999713897705
2020-04-08,2.240000009536743
2020-04-09,2.2699999809265137
2020-04-13,2.2699999809265137
2020-04-14,2.3499999046325684
2020-04-15,2.509999990463257
2020-04-16,2.4600000381469727
2020-04-17,2.4200000762939453
2020-04-20,2.4600000381469727
2020-04-21,2.4700000286102295
2020-04-22,2.4600000381469727
2020-04-23,2.4200000762939453
2020-04-24,2.359999895095825
2020-04-27,2.3499999046325684
2020-04-28,2.3399999141693115
2020-04-29,2.440000057220459
2020-04-30,2.3299999237060547
2020-05-01,2.380000114440918
2020-05-04,2.2899999618530273
2020-05-05,2.309999942779541
2020-05-06,2.3499999046325684
2020-05-07,2.3499999046325684
2020-05-08,2.309999942779541
2020-05-11,2.309999942779541
2020-05-12,2.3499999046325684
2020-05-13,2.259999990463257
2020-05-14,2.2200000286102295
2020-05-15,2.359999895095825
2020-05-18,2.4600000381469727
2020-05-19,2.490000009536743
2020-05-20,3.5199999809265137
2020-05-21,3.0899999141693115
2020-05-22,2.799999952316284
2020-05-26,2.7699999809265137
2020-05-27,2.7100000381469727
2020-05-28,2.690000057220459
2020-05-29,2.7899999618530273
2020-06-01,2.700000047683716
2020-06-02,2.7699999809265137
2020-06-03,2.759999990463257
2020-06-04,2.940000057220459
2020-06-05,2.9200000762939453
2020-06-08,2.8299999237060547
2020-06-09,2.799999952316284
2020-06-10,2.8399999141693115
2020-06-11,2.700000047683716
2020-06-12,2.700000047683716
2020-06-15,2.7699999809265137
2020-06-16,3.0399999618530273
2020-06-17,2.9800000190734863
2020-06-18,3.0
2020-06-19,2.940000057220459
2020-06-22,3.0799999237060547
2020-06-23,3.0299999713897705
2020-06-24,2.869999885559082
2020-06-25,2.940000057220459
2020-06-26,2.9200000762939453
2020-06-29,3.0
2020-06-30,3.1500000953674316
2020-07-01,3.0399999618530273
2020-07-02,3.0299999713897705
2020-07-06,2.9700000286102295
2020-07-07,2.869999885559082
2020-07-08,2.9200000762939453
2020-07-09,3.0
2020-07-10,2.9600000381469727
2020-07-13,2.930000066757202
2020-07-14,2.940000057220459
2020-07-15,2.9800000190734863
2020-07-16,2.9800000190734863
2020-07-17,2.9600000381469727
2020-07-20,2.9600000381469727
2020-07-21,2.990000009536743
2020-07-22,2.990000009536743
2020-07-23,2.9600000381469727
2020-07-24,2.9700000286102295
2020-07-27,2.9600000381469727
2020-07-28,2.9200000762939453
2020-07-29,3.0199999809265137
2020-07-30,3.049999952316284
2020-07-31,2.9700000286102295
2020-08-03,2.940000057220459
2020-08-04,2.950000047683716
2020-08-05,2.940000057220459
2020-08-06,2.8499999046325684
2020-08-07,2.9200000762939453
2020-08-10,2.869999885559082
2020-08-11,2.859999895095825
2020-08-12,2.690000057220459
2020-08-13,2.6700000762939453
2020-08-14,2.690000057220459
2020-08-17,2.740000009536743
2020-08-18,2.7300000190734863
2020-08-19,2.680000066757202
2020-08-20,2.700000047683716
2020-08-21,2.7100000381469727
2020-08-24,2.640000104904175
2020-08-25,2.619999885559082
2020-08-26,2.7100000381469727
2020-08-27,2.6600000858306885
2020-08-28,2.7300000190734863
2020-08-31,2.7300000190734863
2020-09-01,2.6600000858306885
2020-09-02,2.700000047683716
2020-09-03,2.7300000190734863
2020-09-04,2.8499999046325684
2020-09-08,2.869999885559082
2020-09-09,3.0
2020-09-10,2.940000057220459
2020-09-11,2.880000114440918
2020-09-14,2.7899999618530273
2020-09-15,2.869999885559082
2020-09-16,2.9200000762939453
2020-09-17,2.859999895095825
2020-09-18,2.880000114440918
2020-09-21,2.809999942779541
2020-09-22,2.9000000953674316
2020-09-23,2.9800000190734863
2020-09-24,2.9600000381469727
2020-09-25,2.8499999046325684
2020-09-28,2.8299999237060547
2020-09-29,2.8399999141693115
2020-09-30,2.8399999141693115
2020-10-01,2.8499999046325684
2020-10-02,2.8499999046325684
2020-10-05,2.7899999618530273
2020-10-06,2.819999933242798
2020-10-07,2.9000000953674316
2020-10-08,2.8399999141693115
2020-10-09,2.869999885559082
2020-10-12,2.8299999237060547
2020-10-13,2.8499999046325684
2020-10-14,2.819999933242798
2020-10-15,2.8299999237060547
2020-10-16,2.8399999141693115
2020-10-19,2.8499999046325684
2020-10-20,2.8499999046325684
2020-10-21,2.930000066757202
2020-10-22,2.880000114440918
2020-10-23,2.9000000953674316
2020-10-26,2.799999952316284
2020-10-27,2.819999933242798
2020-10-28,2.819999933242798
2020-10-29,2.819999933242798
2020-10-30,2.9200000762939453
2020-11-02,2.859999895095825
2020-11-03,2.869999885559082
2020-11-04,2.890000104904175
2020-11-05,2.8299999237060547
2020-11-06,2.890000104904175
2020-11-09,2.809999942779541
2020-11-10,2.819999933242798
2020-11-11,2.799999952316284
2020-11-12,2.799999952316284
2020-11-13,2.7699999809265137
2020-11-16,2.7699999809265137
2020-11-17,2.7899999618530273
2020-11-18,2.799999952316284
2020-11-19,2.7799999713897705
2020-11-20,2.819999933242798
2020-11-23,2.8399999141693115
2020-11-24,2.8499999046325684
2020-11-25,2.8399999141693115
2020-11-27,2.819999933242798
2020-11-30,2.859999895095825
2020-12-01,2.880000114440918
2020-12-02,2.8399999141693115
2020-12-03,2.859999895095825
2020-12-04,2.859999895095825
2020-12-07,2.859999895095825
2020-12-08,3.069999933242798
2020-12-09,3.180000066757202
2020-12-10,3.0999999046325684
2020-12-11,3.0799999237060547
2020-12-14,3.049999952316284
2020-12-15,3.0199999809265137
2020-12-16,3.0799999237060547
2020-12-17,3.069999933242798
2020-12-18,2.990000009536743
2020-12-21,2.9200000762939453
2020-12-22,2.950000047683716
2020-12-23,2.940000057220459
2020-12-24,2.940000057220459
2020-12-28,3.0399999618530273
2020-12-29,3.200000047683716
2020-12-30,3.180000066757202
2020-12-31,3.200000047683716
2021-01-04,3.059999942779541
2021-01-05,3.119999885559082
2021-01-06,3.0799999237060547
2021-01-07,3.2200000286102295
2021-01-08,3.180000066757202
2021-01-11,3.190000057220459
2021-01-12,3.2100000381469727
2021-01-13,3.4700000286102295
2021-01-14,3.309999942779541
2021-01-15,3.319999933242798
2021-01-19,3.299999952316284
2021-01-20,3.2799999713897705
2021-01-21,3.299999952316284
2021-01-22,3.450000047683716
2021-01-25,3.700000047683716
2021-01-26,3.619999885559082
2021-01-27,3.369999885559082
2021-01-28,3.4200000762939453
2021-01-29,3.4800000190734863
2021-02-01,3.369999885559082
2021-02-02,3.3499999046325684
2021-02-03,3.359999895095825
2021-02-04,3.5799999237060547
2021-02-05,3.700000047683716
2021-02-08,3.6600000858306885
2021-02-09,3.880000114440918
2021-02-10,3.7899999618530273
2021-02-11,3.7300000190734863
2021-02-12,3.8399999141693115
2021-02-16,3.75
2021-02-17,4.070000171661377
2021-02-18,3.880000114440918
2021-02-19,3.9100000858306885
2021-02-22,3.7899999618530273
2021-02-23,3.440000057220459
2021-02-24,3.5999999046325684
2021-02-25,3.4200000762939453
2021-02-26,3.3399999141693115
2021-03-01,3.4100000858306885
2021-03-02,3.4000000953674316
2021-03-03,3.359999895095825
2021-03-04,3.130000114440918
2021-03-05,3.180000066757202
2021-03-08,3.130000114440918
2021-03-09,3.200000047683716
2021-03-10,3.299999952316284
2021-03-11,3.5199999809265137
2021-03-12,4.079999923706055
2021-03-15,3.7100000381469727
2021-03-16,3.569999933242798
2021-03-17,3.740000009536743
2021-03-18,3.759999990463257
2021-03-19,3.740000009536743
2021-03-22,3.7300000190734863
2021-03-23,3.75
2021-03-24,4.860000133514404
2021-03-25,4.510000228881836
2021-03-26,3.809999942779541
2021-03-29,3.450000047683716
2021-03-30,3.450000047683716
2021-03-31,3.4100000858306885
2021-04-01,3.4000000953674316
2021-04-05,3.5199999809265137
2021-04-06,3.359999895095825
2021-04-07,3.4200000762939453
2021-04-08,3.359999895095825
2021-04-09,3.2699999809265137
2021-04-12,3.119999885559082
2021-04-13,3.0799999237060547
2021-04-14,3.0199999809265137
2021-04-15,3.0
2021-04-16,2.9200000762939453
2021-04-19,2.9100000858306885
2021-04-20,2.890000104904175
2021-04-21,3.0
2021-04-22,2.990000009536743
2021-04-23,3.009999990463257
2021-04-26,3.069999933242798
2021-04-27,3.069999933242798
2021-04-28,3.059999942779541
2021-04-29,3.009999990463257
2021-04-30,2.9200000762939453
2021-05-03,2.9000000953674316
2021-05-04,2.9800000190734863
2021-05-05,2.890000104904175
2021-05-06,2.8499999046325684
2021-05-07,2.8499999046325684
2021-05-10,2.7899999618530273
2021-05-11,2.680000066757202
2021-05-12,2.609999895095825
2021-05-13,2.5799999237060547
2021-05-14,2.7300000190734863
2021-05-17,2.6500000953674316
2021-05-18,2.700000047683716
2021-05-19,2.640000104904175
2021-05-20,2.7100000381469727
2021-05-21,2.7300000190734863
2021-05-24,2.7699999809265137
2021-05-25,2.7200000286102295
2021-05-26,3.009999990463257
2021-05-27,2.9000000953674316
2021-05-28,2.9200000762939453
2021-06-01,2.8499999046325684
2021-06-02,2.930000066757202
2021-06-03,2.940000057220459
2021-06-04,3.0199999809265137
2021-06-07,3.0399999618530273
2021-06-08,3.0399999618530273
2021-06-09,3.0299999713897705
2021-06-10,3.0399999618530273
2021-06-11,3.049999952316284
2021-06-14,3.0
2021-06-15,2.9600000381469727
2021-06-16,2.950000047683716
2021-06-17,2.9000000953674316
2021-06-18,2.869999885559082
2021-06-21,2.8399999141693115
2021-06-22,2.819999933242798
2021-06-23,2.890000104904175
2021-06-24,2.940000057220459
2021-06-25,2.9000000953674316
2021-06-28,2.880000114440918
2021-06-29,2.9100000858306885
2021-06-30,3.0299999713897705
2021-07-01,2.930000066757202
2021-07-02,2.950000047683716
2021-07-06,2.9600000381469727
2021-07-07,2.880000114440918
2021-07-08,2.799999952316284
2021-07-09,2.9200000762939453
2021-07-12,2.9800000190734863
2021-07-13,2.9100000858306885
2021-07-14,2.869999885559082
2021-07-15,2.930000066757202
2021-07-16,2.9600000381469727
2021-07-19,2.8399999141693115
2021-07-20,2.7899999618530273
2021-07-21,2.8399999141693115
2021-07-22,2.799999952316284
2021-07-23,2.6500000953674316
2021-07-26,2.700000047683716
2021-07-27,2.6500000953674316
2021-07-28,2.6600000858306885
2021-07-29,2.7100000381469727
2021-07-30,2.700000047683716
2021-08-02,2.759999990463257
2021-08-03,2.7300000190734863
2021-08-04,2.680000066757202
2021-08-05,2.630000114440918
2021-08-06,2.640000104904175
2021-08-09,2.680000066757202
2021-08-10,2.7200000286102295
2021-08-11,2.6600000858306885
2021-08-12,2.640000104904175
2021-08-13,2.609999895095825
2021-08-16,2.559999942779541
2021-08-17,2.4600000381469727
2021-08-18,2.5199999809265137
2021-08-19,2.509999990463257
2021-08-20,2.5
2021-08-23,2.5199999809265137
2021-08-24,2.7799999713897705
2021-08-25,2.8299999237060547
2021-08-26,2.609999895095825
2021-08-27,2.6600000858306885
2021-08-30,2.5999999046325684
2021-08-31,2.9000000953674316
2021-09-01,3.2699999809265137
2021-09-02,2.9200000762939453
2021-09-03,2.859999895095825
2021-09-07,2.740000009536743
2021-09-08,2.6600000858306885
2021-09-09,2.640000104904175
2021-09-10,2.609999895095825
2021-09-13,2.700000047683716
2021-09-14,2.640000104904175
2021-09-15,2.609999895095825
2021-09-16,2.559999942779541
2021-09-17,2.5299999713897705
2021-09-20,2.5
2021-09-21,2.4700000286102295
2021-09-22,2.5299999713897705
2021-09-23,2.490000009536743
2021-09-24,2.490000009536743
2021-09-27,2.490000009536743
2021-09-28,2.5299999713897705
2021-09-29,2.490000009536743
2021-09-30,2.4600000381469727
2021-10-01,2.5
2021-10-04,2.4700000286102295
2021-10-05,2.4700000286102295
2021-10-06,2.4000000953674316
2021-10-07,2.390000104904175
2021-10-08,2.4000000953674316
2021-10-11,2.4600000381469727
2021-10-12,2.4700000286102295
2021-10-13,2.450000047683716
2021-10-14,2.4600000381469727
2021-10-15,2.4700000286102295
2021-10-18,2.4800000190734863
2021-10-19,2.4700000286102295
2021-10-20,2.569999933242798
2021-10-21,2.569999933242798
2021-10-22,2.5899999141693115
2021-10-25,2.5899999141693115
2021-10-26,2.7699999809265137
2021-10-27,2.690000057220459
2021-10-28,2.6700000762939453
2021-10-29,2.609999895095825
2021-11-01,2.619999885559082
2021-11-02,2.569999933242798
2021-11-03,2.6500000953674316
2021-11-04,2.6600000858306885
2021-11-05,2.630000114440918
2021-11-08,2.619999885559082
2021-11-09,2.5799999237060547
2021-11-10,2.569999933242798
2021-11-11,2.5999999046325684
2021-11-12,2.740000009536743
2021-11-15,2.690000057220459
2021-11-16,2.6500000953674316
2021-11-17,2.5999999046325684
2021-11-18,2.5399999618530273
2021-11-19,2.5399999618530273
2021-11-22,2.5399999618530273
2021-11-23,2.490000009536743
2021-11-24,2.5
2021-11-26,2.5299999713897705
2021-11-29,2.5199999809265137
2021-11-30,2.4600000381469727
2021-12-01,2.4000000953674316
2021-12-02,2.430000066757202
2021-12-03,2.3399999141693115
2021-12-06,2.4200000762939453
2021-12-07,2.4100000858306885
2021-12-08,2.4200000762939453
2021-12-09,2.4200000762939453
2021-12-10,2.440000057220459
2021-12-13,2.3499999046325684
2021-12-14,2.3299999237060547
2021-12-15,2.359999895095825
2021-12-16,2.240000009536743
2021-12-17,2.2300000190734863
2021-12-20,2.1500000953674316
2021-12-21,2.2799999713897705
2021-12-22,2.2799999713897705
2021-12-23,2.2100000381469727
2021-12-27,2.259999990463257
2021-12-28,2.190000057220459
2021-12-29,2.180000066757202
2021-12-30,2.2300000190734863
2021-12-31,2.25
2022-01-03,2.2899999618530273
2022-01-04,2.2200000286102295
2022-01-05,2.240000009536743
2022-01-06,2.25
2022-01-07,2.1600000858306885
2022-01-10,2.190000057220459
2022-01-11,2.190000057220459
2022-01-12,2.2200000286102295
2022-01-13,2.25
2022-01-14,2.1600000858306885
2022-01-18,2.1700000762939453
2022-01-19,2.130000114440918
2022-01-20,2.069999933242798
2022-01-21,1.9900000095367432
2022-01-24,1.7999999523162842
2022-01-25,1.8300000429153442
2022-01-26,1.8600000143051147
2022-01-27,2.0399999618530273
2022-01-28,2.119999885559082
2022-01-31,2.119999885559082
2022-02-01,2.119999885559082
2022-02-02,2.130000114440918
2022-02-03,2.0899999141693115
2022-02-04,2.0999999046325684
2022-02-07,2.0799999237060547
2022-02-08,2.069999933242798
2022-02-09,2.130000114440918
2022-02-10,2.130000114440918
2022-02-11,2.140000104904175
2022-02-14,2.109999895095825
2022-02-15,2.1500000953674316
2022-02-16,2.1600000858306885
2022-02-17,2.119999885559082
2022-02-18,2.0799999237060547
2022-02-22,2.0
2022-02-23,1.9700000286102295
2022-02-24,1.8700000047683716
2022-02-25,1.9199999570846558
2022-02-28,1.8799999952316284
2022-03-01,1.9500000476837158
2022-03-02,1.899999976158142
2022-03-03,1.8700000047683716
2022-03-04,1.8700000047683716
2022-03-07,1.7999999523162842
2022-03-08,1.6799999475479126
2022-03-09,1.7899999618530273
2022-03-10,1.809999942779541
2022-03-11,1.7899999618530273
2022-03-14,1.75
2022-03-15,1.649999976158142
2022-03-16,1.690000057220459
2022-03-17,1.7400000095367432
2022-03-18,1.75
2022-03-21,1.7400000095367432
2022-03-22,1.7400000095367432
2022-03-23,1.7599999904632568
2022-03-24,1.9199999570846558
2022-03-25,1.899999976158142
2022-03-28,1.809999942779541
2022-03-29,1.850000023841858
2022-03-30,1.840000033378601
2022-03-31,1.809999942779541
2022-04-01,1.8200000524520874
2022-04-04,1.809999942779541
2022-04-05,1.8200000524520874
2022-04-06,1.8200000524520874
2022-04-07,1.8200000524520874
2022-04-08,1.7699999809265137
2022-04-11,1.7200000286102295
2022-04-12,1.7000000476837158
2022-04-13,1.7100000381469727
2022-04-14,1.6799999475479126
2022-04-18,1.659999966621399
2022-04-19,1.6699999570846558
2022-04-20,1.6799999475479126
2022-04-21,1.690000057220459
2022-04-22,1.6799999475479126
2022-04-25,1.7100000381469727
2022-04-26,1.7400000095367432
2022-04-27,1.809999942779541
2022-04-28,1.75
2022-04-29,1.7400000095367432
2022-05-02,1.7300000190734863
2022-05-03,1.75
2022-05-04,1.7100000381469727
2022-05-05,1.6699999570846558
2022-05-06,1.649999976158142
2022-05-09,1.6200000047683716
2022-05-10,1.6399999856948853
2022-05-11,1.590000033378601
2022-05-12,1.5399999618530273
2022-05-13,1.5199999809265137
2022-05-16,1.5299999713897705
2022-05-17,1.5199999809265137
2022-05-18,1.5299999713897705
2022-05-19,1.5199999809265137
2022-05-20,1.5299999713897705
2022-05-23,1.5499999523162842
2022-05-24,1.6100000143051147
2022-05-25,1.6200000047683716
2022-05-26,1.6299999952316284
2022-05-27,1.6299999952316284
2022-05-31,1.659999966621399
2022-06-01,1.6399999856948853
2022-06-02,1.6699999570846558
2022-06-03,1.6299999952316284
2022-06-06,1.6699999570846558
2022-06-07,1.6799999475479126
2022-06-08,1.690000057220459
2022-06-09,1.6699999570846558
2022-06-10,1.6699999570846558
2022-06-13,1.6100000143051147
2022-06-14,1.690000057220459
2022-06-15,1.6399999856948853
2022-06-16,1.600000023841858
2022-06-17,1.5700000524520874
2022-06-21,1.5700000524520874
2022-06-22,1.5199999809265137
2022-06-23,1.600000023841858
2022-06-24,1.590000033378601
2022-06-27,1.559999942779541
2022-06-28,1.5499999523162842
2022-06-29,1.559999942779541
2022-06-30,1.5499999523162842
2022-07-01,1.5399999618530273
2022-07-05,1.5700000524520874
2022-07-06,1.5700000524520874
2022-07-07,1.5700000524520874
2022-07-08,1.559999942779541
2022-07-11,1.5399999618530273
2022-07-12,1.5199999809265137
2022-07-13,1.5299999713897705
2022-07-14,1.5299999713897705
2022-07-15,1.5299999713897705
2022-07-18,1.5499999523162842
2022-07-19,1.5800000429153442
2022-07-20,1.5700000524520874
2022-07-21,1.5700000524520874
2022-07-22,1.5700000524520874
2022-07-25,1.5299999713897705
2022-07-26,1.5700000524520874
2022-07-27,1.5299999713897705
2022-07-28,1.5399999618530273
2022-07-29,1.5299999713897705
2022-08-01,1.5099999904632568
2022-08-02,1.5399999618530273
2022-08-03,1.6100000143051147
2022-08-04,1.5099999904632568
2022-08-05,1.5700000524520874
2022-08-08,1.590000033378601
2022-08-09,1.590000033378601
2022-08-10,1.5499999523162842
2022-08-11,1.649999976158142
2022-08-12,1.6399999856948853
2022-08-15,2.319999933242798
2022-08-16,2.1600000858306885
2022-08-17,1.9500000476837158
2022-08-18,1.7799999713897705
2022-08-19,1.659999966621399
2022-08-22,1.6100000143051147
2022-08-23,1.559999942779541
2022-08-24,1.5499999523162842
2022-08-25,1.559999942779541
2022-08-26,1.5499999523162842
2022-08-29,1.5199999809265137
2022-08-30,1.5399999618530273
2022-08-31,1.5099999904632568
2022-09-01,1.4900000095367432
2022-09-02,1.4600000381469727
2022-09-06,1.4500000476837158
2022-09-07,1.4299999475479126
2022-09-08,1.4500000476837158
2022-09-09,1.4500000476837158
2022-09-12,1.4500000476837158
2022-09-13,1.399999976158142
2022-09-14,1.409999966621399
2022-09-15,1.409999966621399
2022-09-16,1.3799999952316284
2022-09-19,1.3600000143051147
2022-09-20,1.340000033378601
2022-09-21,1.2799999713897705
2022-09-22,1.2400000095367432
2022-09-23,1.25
2022-09-26,1.2400000095367432
2022-09-27,1.2400000095367432
2022-09-28,1.25
2022-09-29,1.2200000286102295
2022-09-30,1.2599999904632568
2022-10-03,1.2200000286102295
2022-10-04,1.2899999618530273
2022-10-05,1.2999999523162842
2022-10-06,1.309999942779541
2022-10-07,1.2699999809265137
2022-10-10,1.2200000286102295
2022-10-11,1.2000000476837158
2022-10-12,1.2899999618530273
2022-10-13,1.2699999809265137
2022-10-14,1.25
2022-10-17,1.2400000095367432
2022-10-18,1.2400000095367432
2022-10-19,1.309999942779541
2022-10-20,1.2599999904632568
2022-10-21,1.2599999904632568
2022-10-24,1.25
2022-10-25,1.2799999713897705
2022-10-26,1.2699999809265137
2022-10-27,1.2699999809265137
2022-10-28,1.25
2022-10-31,1.2400000095367432
2022-11-01,1.2300000190734863
2022-11-02,1.2000000476837158
2022-11-03,1.2000000476837158
2022-11-04,1.2000000476837158
2022-11-07,1.2200000286102295
2022-11-08,1.2000000476837158
2022-11-09,1.190000057220459
2022-11-10,1.2000000476837158
2022-11-11,1.2100000381469727
2022-11-14,1.2200000286102295
2022-11-15,1.2300000190734863
2022-11-16,1.2300000190734863
2022-11-17,1.2599999904632568
2022-11-18,1.2799999713897705
2022-11-21,1.25
2022-11-22,1.2599999904632568
2022-11-23,1.2400000095367432
2022-11-25,1.2400000095367432
2022-11-28,1.2400000095367432
2022-11-29,1.25
2022-11-30,1.25
2022-12-01,1.2300000190734863
2022-12-02,1.2200000286102295
2022-12-05,1.2200000286102295
2022-12-06,1.2200000286102295
2022-12-07,1.2100000381469727
2022-12-08,1.2000000476837158
2022-12-09,1.2200000286102295
2022-12-12,1.190000057220459
2022-12-13,1.190000057220459
2022-12-14,1.1699999570846558
2022-12-15,1.1799999475479126
2022-12-16,1.190000057220459
2022-12-19,1.1799999475479126
2022-12-20,1.190000057220459
2022-12-21,1.2000000476837158
2022-12-22,1.1799999475479126
2022-12-23,1.2100000381469727
2022-12-27,1.1699999570846558
2022-12-28,1.1799999475479126
2022-12-29,1.2000000476837158
2022-12-30,1.2100000381469727
2023-01-03,1.2300000190734863
2023-01-04,1.2100000381469727
2023-01-05,1.2200000286102295
2023-01-06,1.2000000476837158
2023-01-09,1.25
2023-01-10,1.25
2023-01-11,1.2599999904632568
2023-01-12,1.3600000143051147
2023-01-13,1.3200000524520874
2023-01-17,1.340000033378601
2023-01-18,1.409999966621399
2023-01-19,1.3700000047683716
2023-01-20,1.3799999952316284
2023-01-23,1.409999966621399
2023-01-24,1.399999976158142
2023-01-25,1.3899999856948853
2023-01-26,1.399999976158142
2023-01-27,1.409999966621399
2023-01-30,1.409999966621399
2023-01-31,1.4500000476837158
2023-02-01,1.5
2023-02-02,1.4500000476837158
2023-02-03,1.4500000476837158
2023-02-06,1.4900000095367432
2023-02-07,1.5700000524520874
2023-02-08,1.5399999618530273
2023-02-09,1.5199999809265137
2023-02-10,1.4900000095367432
2023-02-13,1.4800000190734863
2023-02-14,1.4600000381469727
2023-02-15,1.440000057220459
2023-02-16,1.4299999475479126
2023-02-17,1.4299999475479126
2023-02-21,1.4199999570846558
2023-02-22,1.4199999570846558
2023-02-23,1.399999976158142
2023-02-24,1.399999976158142
2023-02-27,1.3799999952316284
2023-02-28,1.3799999952316284
2023-03-01,1.3600000143051147
2023-03-02,1.3700000047683716
2023-03-03,1.3700000047683716
2023-03-06,1.3600000143051147
2023-03-07,1.3700000047683716
2023-03-08,1.3700000047683716
2023-03-09,1.3700000047683716
2023-03-10,1.3700000047683716
2023-03-13,1.3799999952316284
2023-03-14,1.3799999952316284
2023-03-15,1.3899999856948853
2023-03-16,1.399999976158142
2023-03-17,1.409999966621399
2023-03-20,1.4199999570846558
2023-03-21,1.4199999570846558
2023-03-22,1.4199999570846558
2023-03-23,1.4199999570846558
2023-03-24,1.409999966621399
2023-03-27,1.409999966621399
2023-03-28,1.409999966621399
2023-03-29,1.4299999475479126
2023-03-30,1.409999966621399
2023-03-31,1.4199999570846558
2023-04-03,1.4199999570846558
2023-04-04,1.4199999570846558
2023-04-05,1.409999966621399
2023-04-06,1.409999966621399
2023-04-10,1.409999966621399
2023-04-11,1.409999966621399
2023-04-12,1.399999976158142
2023-04-13,1.399999976158142
2023-04-14,1.399999976158142
2023-04-17,1.399999976158142
2023-04-18,1.399999976158142
2023-04-19,1.3799999952316284
2023-04-20,1.409999966621399
2023-04-21,1.399999976158142
2023-04-24,1.3899999856948853
2023-04-25,1.3799999952316284
2023-04-26,1.3799999952316284
2023-04-27,1.4500000476837158
2023-04-28,1.4800000190734863
2023-05-01,1.5499999523162842
2023-05-02,1.5299999713897705
2023-05-03,1.5499999523162842
2023-05-04,1.5299999713897705
2023-05-05,1.5
2023-05-08,1.4800000190734863
2023-05-09,1.4299999475479126
2023-05-10,1.440000057220459
2023-05-11,1.440000057220459
2023-05-12,1.4500000476837158
2023-05-15,1.4199999570846558
2023-05-16,1.4199999570846558
2023-05-17,1.4600000381469727
2023-05-18,1.4500000476837158
2023-05-19,1.4299999475479126
2023-05-22,1.399999976158142
2023-05-23,1.409999966621399
2023-05-24,1.4299999475479126
2023-05-25,1.4900000095367432
2023-05-26,1.440000057220459
2023-05-30,1.4199999570846558
2023-05-31,1.409999966621399
2023-06-01,1.409999966621399
2023-06-02,1.4500000476837158
2023-06-05,1.4500000476837158
2023-06-06,1.4199999570846558
2023-06-07,1.4700000286102295
2023-06-08,1.4700000286102295
2023-06-09,1.4299999475479126
2023-06-12,1.4600000381469727
2023-06-13,1.440000057220459
2023-06-14,1.409999966621399
2023-06-15,1.4199999570846558
2023-06-16,1.409999966621399
2023-06-20,1.3899999856948853
2023-06-21,1.399999976158142
2023-06-22,1.4199999570846558
2023-06-23,1.3799999952316284
2023-06-26,1.399999976158142
2023-06-27,1.3700000047683716
2023-06-28,1.3799999952316284
2023-06-29,1.399999976158142
2023-06-30,1.3899999856948853
2023-07-03,1.409999966621399
2023-07-05,1.3899999856948853
2023-07-06,1.399999976158142
2023-07-07,1.3899999856948853
2023-07-10,1.409999966621399
2023-07-11,1.409999966621399
2023-07-12,1.3899999856948853
2023-07-13,1.3899999856948853
2023-07-14,1.399999976158142
2023-07-17,1.3899999856948853
2023-07-18,1.3899999856948853
2023-07-19,1.4299999475479126
2023-07-20,1.4700000286102295
2023-07-21,1.4900000095367432
2023-07-24,1.4600000381469727
2023-07-25,1.4900000095367432
2023-07-26,1.4800000190734863
2023-07-27,1.4900000095367432
2023-07-28,1.5099999904632568
2023-07-31,1.4700000286102295
2023-08-01,1.5299999713897705
2023-08-02,1.5199999809265137
2023-08-03,1.5299999713897705
2023-08-04,1.5299999713897705
2023-08-07,1.4800000190734863
2023-08-08,1.4700000286102295
2023-08-09,1.4700000286102295
2023-08-10,1.4600000381469727
2023-08-11,1.4500000476837158
2023-08-14,1.440000057220459
2023-08-15,1.4800000190734863
2023-08-16,1.4299999475479126
2023-08-17,1.4500000476837158
2023-08-18,1.4500000476837158
2023-08-21,1.4600000381469727
2023-08-22,1.4299999475479126
2023-08-23,1.4600000381469727
2023-08-24,1.4299999475479126
2023-08-25,1.4299999475479126
2023-08-28,1.399999976158142
2023-08-29,1.399999976158142
2023-08-30,1.409999966621399
2023-08-31,1.3700000047683716
2023-09-01,1.3700000047683716
2023-09-05,1.3600000143051147
2023-09-06,1.3700000047683716
2023-09-07,1.440000057220459
2023-09-08,1.409999966621399
2023-09-11,1.3799999952316284
2023-09-12,1.3799999952316284
2023-09-13,1.3700000047683716
2023-09-14,1.3799999952316284
2023-09-15,1.3700000047683716
2023-09-18,1.409999966621399
2023-09-19,1.3799999952316284
2023-09-20,1.3600000143051147
2023-09-21,1.3700000047683716
2023-09-22,1.3799999952316284
2023-09-25,1.3799999952316284
2023-09-26,1.3600000143051147
2023-09-27,1.3600000143051147
2023-09-28,1.350000023841858
2023-09-29,1.350000023841858
2023-10-02,1.350000023841858
2023-10-03,1.350000023841858
2023-10-04,1.350000023841858
2023-10-05,1.350000023841858
2023-10-06,1.3700000047683716
2023-10-09,1.3700000047683716
2023-10-10,1.3700000047683716
2023-10-11,1.340000033378601
2023-10-12,1.3899999856948853
2023-10-13,1.3899999856948853
2023-10-16,1.3799999952316284
2023-10-17,1.3899999856948853
2023-10-18,1.3799999952316284
2023-10-19,1.3899999856948853
2023-10-20,1.3600000143051147
2023-10-23,1.3600000143051147
2023-10-24,1.3799999952316284
2023-10-25,1.340000033378601
2023-10-26,1.350000023841858
2023-10-27,1.350000023841858
2023-10-30,1.3799999952316284
2023-10-31,1.3799999952316284
2023-11-01,1.3600000143051147
2023-11-02,1.3600000143051147
2023-11-03,1.3600000143051147
2023-11-06,1.3600000143051147
2023-11-07,1.3600000143051147
2023-11-08,1.350000023841858
2023-11-09,1.3700000047683716
2023-11-10,1.3700000047683716
2023-11-13,1.350000023841858
2023-11-14,1.3700000047683716
2023-11-15,1.3799999952316284
2023-11-16,1.399999976158142
2023-11-17,1.3799999952316284
2023-11-20,1.399999976158142
2023-11-21,1.399999976158142
2023-11-22,1.3899999856948853
2023-11-24,1.399999976158142
2023-11-27,1.4299999475479126
2023-11-28,1.440000057220459
2023-11-29,1.4199999570846558
2023-11-30,1.409999966621399
2023-12-01,1.4500000476837158
2023-12-04,1.409999966621399
2023-12-05,1.409999966621399
2023-12-06,1.4500000476837158
2023-12-07,1.4500000476837158
2023-12-08,1.4299999475479126
2023-12-11,1.4299999475479126
2023-12-12,1.4299999475479126
2023-12-13,1.4500000476837158
2023-12-14,1.4500000476837158
2023-12-15,1.4199999570846558
2023-12-18,1.399999976158142
2023-12-19,1.399999976158142
2023-12-20,1.399999976158142
2023-12-21,1.4199999570846558
2023-12-22,1.399999976158142
2023-12-26,1.399999976158142
2023-12-27,1.399999976158142
2023-12-28,1.409999966621399
2023-12-29,1.3899999856948853
2024-01-02,1.399999976158142
2024-01-03,1.3899999856948853
2024-01-04,1.3899999856948853
2024-01-05,1.3899999856948853
2024-01-08,1.3899999856948853
2024-01-09,1.3899999856948853
2024-01-10,1.3899999856948853
2024-01-11,1.3899999856948853
2024-01-12,1.3899999856948853
2024-01-16,1.399999976158142
2024-01-17,1.409999966621399
2024-01-18,1.4299999475479126
2024-01-19,1.409999966621399
2024-01-22,1.4199999570846558
2024-01-23,1.409999966621399
2024-01-24,1.4199999570846558
2024-01-25,1.440000057220459
2024-01-26,1.4199999570846558
2024-01-29,1.409999966621399
2024-01-30,1.4199999570846558
2024-01-31,1.399999976158142
2024-02-01,1.4199999570846558
2024-02-02,1.399999976158142
2024-02-05,1.399999976158142
2024-02-06,1.3799999952316284
2024-02-07,1.3899999856948853
2024-02-08,1.3600000143051147
2024-02-09,1.350000023841858
2024-02-12,1.3899999856948853
2024-02-13,1.3700000047683716
2024-02-14,1.340000033378601
2024-02-15,1.350000023841858
2024-02-16,1.350000023841858
2024-02-20,1.350000023841858
2024-02-21,1.3200000524520874
2024-02-22,1.3200000524520874
2024-02-23,1.309999942779541
2024-02-26,1.2899999618530273
2024-02-27,1.309999942779541
2024-02-28,1.2899999618530273
2024-02-29,1.2899999618530273
2024-03-01,1.2999999523162842
2024-03-04,1.2999999523162842
2024-03-05,1.2999999523162842
2024-03-06,1.2799999713897705
2024-03-07,1.2799999713897705
2024-03-08,1.2799999713897705
2024-03-11,1.25
2024-03-12,1.2400000095367432
2024-03-13,1.2400000095367432
2024-03-14,1.2699999809265137
2024-03-15,1.340000033378601
2024-03-18,1.2899999618530273
2024-03-19,1.2799999713897705
2024-03-20,1.2999999523162842
2024-03-21,1.2799999713897705
2024-03-22,1.340000033378601
2024-03-25,1.2999999523162842
2024-03-26,1.2899999618530273
2024-03-27,1.2899999618530273
2024-03-28,1.2799999713897705
2024-04-01,1.2899999618530273
2024-04-02,1.2699999809265137
2024-04-03,1.2999999523162842
2024-04-04,1.340000033378601
2024-04-05,1.3300000429153442
2024-04-08,1.2999999523162842
2024-04-09,1.3300000429153442
2024-04-10,1.3200000524520874
2024-04-11,1.2999999523162842
2024-04-12,1.309999942779541
2024-04-15,1.2699999809265137
2024-04-16,1.2999999523162842
2024-04-17,1.2899999618530273
2024-04-18,1.309999942779541
2024-04-19,1.309999942779541
2024-04-22,1.309999942779541
2024-04-23,1.3700000047683716
2024-04-24,1.3700000047683716
2024-04-25,1.350000023841858
2024-04-26,1.350000023841858
2024-04-29,1.3200000524520874
2024-04-30,1.350000023841858
2024-05-01,1.3700000047683716
2024-05-02,1.399999976158142
2024-05-03,1.399999976158142
2024-05-06,1.3700000047683716
2024-05-07,1.3700000047683716
2024-05-08,1.3899999856948853
2024-05-09,1.309999942779541
2024-05-10,1.3200000524520874
2024-05-13,1.350000023841858
2024-05-14,1.3300000429153442
2024-05-15,1.3799999952316284
2024-05-16,1.3799999952316284
2024-05-17,1.3600000143051147
2024-05-20,1.3200000524520874
2024-05-21,1.3600000143051147
2024-05-22,1.3200000524520874
2024-05-23,1.340000033378601
2024-05-24,1.309999942779541
2024-05-28,1.2999999523162842
2024-05-29,1.3200000524520874
2024-05-30,1.340000033378601
2024-05-31,1.3200000524520874
2024-06-03,1.309999942779541
2024-06-04,1.309999942779541
2024-06-05,1.3700000047683716
2024-06-06,1.3200000524520874
2024-06-07,1.340000033378601
2024-06-10,1.3300000429153442
2024-06-11,1.350000023841858
2024-06-12,1.3600000143051147
2024-06-13,1.3300000429153442
2024-06-14,1.309999942779541
2024-06-17,1.2899999618530273
2024-06-18,1.2899999618530273
2024-06-20,1.2999999523162842
2024-06-21,1.2899999618530273
2024-06-24,1.309999942779541
2024-06-25,1.3300000429153442
2024-06-26,1.3300000429153442
2024-06-27,1.2999999523162842
2024-06-28,1.2999999523162842
2024-07-01,1.2899999618530273
2024-07-02,1.2599999904632568
2024-07-03,1.2699999809265137
2024-07-05,1.2699999809265137
2024-07-08,1.2699999809265137
2024-07-09,1.2699999809265137
2024-07-10,1.2599999904632568
2024-07-11,1.2599999904632568
2024-07-12,1.2799999713897705
2024-07-15,1.2799999713897705
2024-07-16,1.2899999618530273
2024-07-17,1.2799999713897705
2024-07-18,1.2799999713897705
2024-07-19,1.2899999618530273
2024-07-22,1.2799999713897705
2024-07-23,1.2699999809265137
2024-07-24,1.2699999809265137
2024-07-25,1.3200000524520874
2024-07-26,1.340000033378601
2024-07-29,1.2999999523162842
2024-07-30,1.2899999618530273
2024-07-31,1.350000023841858
2024-08-01,1.340000033378601
2024-08-02,1.3200000524520874
2024-08-05,1.2999999523162842
2024-08-06,1.2799999713897705
2024-08-07,1.3300000429153442
2024-08-08,1.309999942779541
2024-08-09,1.309999942779541
2024-08-12,1.350000023841858
2024-08-13,1.340000033378601
2024-08-14,1.340000033378601
2024-08-15,1.340000033378601
2024-08-16,1.309999942779541
2024-08-19,1.350000023841858
2024-08-20,1.3300000429153442
2024-08-21,1.340000033378601
2024-08-22,1.3200000524520874
2024-08-23,1.340000033378601
2024-08-26,1.2999999523162842
2024-08-27,1.2999999523162842
2024-08-28,1.3200000524520874
2024-08-29,1.3200000524520874
2024-08-30,1.309999942779541
2024-09-03,1.309999942779541
2024-09-04,1.309999942779541
2024-09-05,1.3300000429153442
2024-09-06,1.309999942779541
2024-09-09,1.2999999523162842
2024-09-10,1.2999999523162842
2024-09-11,1.309999942779541
2024-09-12,1.3300000429153442
2024-09-13,1.340000033378601
2024-09-16,1.340000033378601
2024-09-17,1.340000033378601
2024-09-18,1.350000023841858
2024-09-19,1.3200000524520874
2024-09-20,1.309999942779541
2024-09-23,1.350000023841858
2024-09-24,1.399999976158142
2024-09-25,1.399999976158142
2024-09-26,1.3799999952316284
2024-09-27,1.4500000476837158
2024-09-30,1.440000057220459
2024-10-01,1.3899999856948853
2024-10-02,1.350000023841858
2024-10-03,1.3899999856948853
2024-10-04,1.340000033378601
2024-10-07,1.3600000143051147
2024-10-08,1.350000023841858
2024-10-09,1.3700000047683716
2024-10-10,1.3700000047683716
2024-10-11,1.3600000143051147
2024-10-14,1.3700000047683716
2024-10-15,1.350000023841858
2024-10-16,1.3899999856948853
2024-10-17,1.3600000143051147
2024-10-18,1.3600000143051147
2024-10-21,1.350000023841858
2024-10-22,1.3600000143051147
2024-10-23,1.3600000143051147
2024-10-24,1.350000023841858
2024-10-25,1.409999966621399
2024-10-28,1.3899999856948853
2024-10-29,1.3899999856948853
2024-10-30,1.409999966621399
2024-10-31,1.409999966621399
2024-11-01,1.409999966621399
2024-11-04,1.440000057220459
2024-11-05,1.4500000476837158
2024-11-06,1.5
2024-11-07,1.5299999713897705
2024-11-08,1.5099999904632568
2024-11-11,1.5099999904632568
2024-11-12,1.4900000095367432
2024-11-13,1.4900000095367432
2024-11-14,1.4900000095367432
2024-11-15,1.5
2024-11-18,1.5
2024-11-19,1.5
2024-11-20,1.4900000095367432
2024-11-21,1.4900000095367432
2024-11-22,1.4600000381469727
2024-11-25,1.4500000476837158
2024-11-26,1.4500000476837158
2024-11-27,1.4600000381469727
2024-11-29,1.4800000190734863
2024-12-02,1.5099999904632568
2024-12-03,1.4600000381469727
2024-12-04,1.4700000286102295
2024-12-05,1.4700000286102295
2024-12-06,1.5199999809265137
2024-12-09,1.4700000286102295
2024-12-10,1.4600000381469727
2024-12-11,1.4600000381469727
2024-12-12,1.4600000381469727
2024-12-13,1.4600000381469727
2024-12-16,1.4600000381469727
2024-12-17,1.4600000381469727
2024-12-18,1.4600000381469727
2024-12-19,1.4500000476837158
2024-12-20,1.4500000476837158
2024-12-23,1.4500000476837158
2024-12-24,1.4600000381469727
2024-12-26,1.5399999618530273
2024-12-27,1.5800000429153442
2024-12-30,1.5499999523162842
2024-12-31,1.5499999523162842
2025-01-02,1.5
2025-01-03,1.5
2025-01-06,1.7000000476837158
2025-01-07,1.7000000476837158
2025-01-08,1.649999976158142
2025-01-10,1.6699999570846558
2025-01-13,1.649999976158142
2025-01-14,1.6699999570846558
2025-01-15,1.649999976158142
2025-01-16,1.6399999856948853
2025-01-17,1.5800000429153442
2025-01-21,1.600000023841858
2025-01-22,1.590000033378601
2025-01-23,1.649999976158142
2025-01-24,1.600000023841858
2025-01-27,1.5800000429153442
2025-01-28,1.5800000429153442
2025-01-29,1.5199999809265137
2025-01-30,1.5299999713897705
2025-01-31,1.5299999713897705
2025-02-03,1.5499999523162842
2025-02-04,1.5
2025-02-05,1.5
2025-02-06,1.5099999904632568
2025-02-07,1.5
2025-02-10,1.5
2025-02-11,1.4900000095367432
2025-02-12,1.5199999809265137
2025-02-13,1.5299999713897705
2025-02-14,1.5199999809265137
2025-02-18,1.5299999713897705
2025-02-19,1.5199999809265137
2025-02-20,1.5199999809265137
2025-02-21,1.5
2025-02-24,1.5199999809265137
2025-02-25,1.5299999713897705
2025-02-26,1.5499999523162842
2025-02-27,1.5499999523162842
2025-02-28,1.5499999523162842
2025-03-03,1.5499999523162842
2025-03-04,1.559999942779541
2025-03-05,1.5499999523162842
2025-03-06,1.5499999523162842
2025-03-07,1.5800000429153442
2025-03-10,1.5800000429153442
2025-03-11,1.590000033378601
2025-03-12,1.5800000429153442
2025-03-13,1.5800000429153442
2025-03-14,1.590000033378601
2025-03-17,1.590000033378601
2025-03-18,1.600000023841858
2025-03-19,1.600000023841858
2025-03-20,1.600000023841858
2025-03-21,1.600000023841858
2025-03-24,1.6299999952316284
2025-03-25,1.7400000095367432
2025-03-26,1.75
2025-03-27,1.75
2025-03-28,1.7599999904632568
2025-03-31,1.6399999856948853
2025-04-01,1.659999966621399
2025-04-02,1.6799999475479126
2025-04-03,1.659999966621399
2025-04-04,1.6299999952316284
2025-04-07,1.5800000429153442
2025-04-08,1.559999942779541
2025-04-09,1.5399999618530273
2025-04-10,1.559999942779541
2025-04-11,1.5399999618530273
2025-04-14,1.5399999618530273
2025-04-15,1.5399999618530273
2025-04-16,1.590000033378601
2025-04-17,1.559999942779541
2025-04-21,1.5399999618530273
2025-04-22,1.5399999618530273
2025-04-23,1.6200000047683716
2025-04-24,1.5800000429153442
2025-04-25,1.600000023841858
2025-04-28,1.5800000429153442
2025-04-29,1.590000033378601
2025-04-30,1.5700000524520874
2025-05-01,1.5700000524520874
2025-05-02,1.5700000524520874
2025-05-05,1.5499999523162842
2025-05-06,1.5099999904632568
2025-05-07,1.5399999618530273
2025-05-08,1.4700000286102295
2025-05-09,1.4500000476837158
2025-05-12,1.440000057220459
2025-05-13,1.4299999475479126
2025-05-14,1.440000057220459
2025-05-15,1.4299999475479126
2025-05-16,1.440000057220459
2025-05-19,1.440000057220459
2025-05-20,1.440000057220459
2025-05-21,1.4199999570846558
2025-05-22,1.4299999475479126
2025-05-23,1.4600000381469727
2025-05-27,1.440000057220459
2025-05-28,1.4600000381469727
2025-05-29,1.4299999475479126
2025-05-30,1.4299999475479126
2025-06-02,1.4299999475479126
2025-06-03,1.4199999570846558
2025-06-04,1.5199999809265137
2025-06-05,1.5199999809265137
2025-06-06,1.5299999713897705
2025-06-09,1.5099999904632568
2025-06-10,1.5
2025-06-11,1.5099999904632568
2025-06-12,1.5
2025-06-13,1.440000057220459
2025-06-16,1.4199999570846558
2025-06-17,1.3899999856948853
2025-06-18,1.399999976158142
2025-06-20,1.3899999856948853
2025-06-23,1.409999966621399
2025-06-24,1.3899999856948853
2025-06-25,1.3799999952316284
2025-06-26,1.4500000476837158
2025-06-27,1.4199999570846558
2025-06-30,1.409999966621399
2025-07-01,1.3899999856948853
2025-07-02,1.4500000476837158
2025-07-03,1.5199999809265137
2025-07-07,1.4800000190734863
2025-07-08,1.440000057220459
2025-07-09,1.4700000286102295
2025-07-10,1.4600000381469727
2025-07-11,1.5199999809265137
2025-07-14,1.440000057220459
2025-07-15,1.4700000286102295
2025-07-16,1.440000057220459
2025-07-17,1.4199999570846558
2025-07-18,1.4299999475479126
2025-07-21,1.4299999475479126
2025-07-22,1.4199999570846558
2025-07-23,1.4500000476837158
2025-07-24,1.4600000381469727
2025-07-25,1.4600000381469727
2025-07-28,1.4500000476837158
2025-07-29,1.4600000381469727
2025-07-30,1.4299999475479126
2025-07-31,1.5
2025-08-01,1.4299999475479126
2025-08-04,1.4900000095367432
2025-08-05,1.4500000476837158
2025-08-06,1.4800000190734863
2025-08-07,1.5199999809265137
2025-08-08,1.5
2025-08-11,1.5499999523162842
2025-08-12,1.5199999809265137
2025-08-13,1.5199999809265137
2025-08-14,1.5
2025-08-15,1.5099999904632568
2025-08-18,1.5800000429153442
2025-08-19,1.4299999475479126
2025-08-20,1.5099999904632568
2025-08-21,1.4600000381469727
2025-08-22,1.5
2025-08-25,1.5099999904632568
2025-08-26,1.5399999618530273
2025-08-27,1.5800000429153442
2025-08-28,1.559999942779541
2025-08-29,1.5199999809265137
2025-09-02,1.5399999618530273
2025-09-03,1.5399999618530273
2025-09-04,1.5499999523162842
2025-09-05,1.659999966621399
2025-09-08,1.6299999952316284
2025-09-09,1.6799999475479126
2025-09-10,1.7999999523162842
2025-09-11,1.809999942779541
2025-09-12,1.7999999523162842
2025-09-15,1.8600000143051147
2025-09-16,1.8200000524520874
2025-09-17,1.809999942779541
2025-09-18,1.7899999618530273
2025-09-19,1.8300000429153442
2025-09-22,1.7999999523162842
2025-09-23,1.7899999618530273
2025-09-24,1.7699999809265137
2025-09-25,1.7599999904632568
2025-09-26,1.7799999713897705
2025-09-29,1.6399999856948853
2025-09-30,1.6399999856948853
2025-10-01,1.6799999475479126
2025-10-02,1.649999976158142
2025-10-03,1.6799999475479126
2025-10-06,1.649999976158142
2025-10-07,1.6299999952316284
2025-10-08,1.6299999952316284
2025-10-09,1.6399999856948853
2025-10-10,1.6200000047683716
2025-10-13,1.6200000047683716
2025-10-14,1.6399999856948853
2025-10-15,1.649999976158142
2025-10-16,1.6100000143051147
2025-10-17,1.5700000524520874
2025-10-20,1.649999976158142
2025-10-21,1.6100000143051147
2025-10-22,1.6699999570846558
2025-10-23,1.6699999570846558
2025-10-24,1.6200000047683716
2025-10-27,1.659999966621399
2025-10-28,1.659999966621399
2025-10-29,1.659999966621399
2025-10-30,1.6100000143051147
2025-10-31,1.6399999856948853
2025-11-03,1.600000023841858
2025-11-04,1.600000023841858
2025-11-05,1.600000023841858
2025-11-06,1.6200000047683716
2025-11-07,1.590000033378601
2025-11-10,1.5800000429153442
2025-11-11,1.590000033378601
2025-11-12,1.5499999523162842
2025-11-13,1.5199999809265137
2025-11-14,1.5399999618530273
2025-11-17,1.559999942779541
2025-11-18,1.559999942779541
2025-11-19,1.5199999809265137
2025-11-20,1.5199999809265137
2025-11-21,1.5099999904632568
2025-11-24,1.5099999904632568
2025-11-25,1.5199999809265137
2025-11-26,1.5099999904632568
2025-11-28,1.5
2025-12-01,1.5099999904632568
2025-12-02,1.559999942779541
2025-12-03,1.5
2025-12-04,1.5
2025-12-05,1.5299999713897705
2025-12-08,1.5499999523162842
2025-12-09,1.5399999618530273
2025-12-10,1.5099999904632568
2025-12-11,1.5
2025-12-12,1.5800000429153442
2025-12-15,1.590000033378601
2025-12-16,1.5
2025-12-17,1.5
2025-12-18,1.5399999618530273
2025-12-19,1.5
2025-12-22,1.4600000381469727
2025-12-23,1.4600000381469727
2025-12-24,1.5
2025-12-26,1.5
2025-12-29,1.5299999713897705
2025-12-30,1.5299999713897705
2025-12-31,1.5199999809265137
2026-01-02,1.5399999618530273
2026-01-05,1.5199999809265137
2026-01-06,1.4600000381469727
2026-01-07,1.4600000381469727
2026-01-08,1.5
2026-01-09,1.4700000286102295
2026-01-12,1.4600000381469727
2026-01-13,1.4700000286102295
2026-01-14,1.4700000286102295
2026-01-15,1.4700000286102295
2026-01-16,1.4800000190734863
2026-01-20,1.4700000286102295
2026-01-21,1.5099999904632568
2026-01-22,1.5
2026-01-23,1.5099999904632568
2026-01-26,1.5
2026-01-27,1.4900000095367432
2026-01-28,1.4900000095367432
2026-01-29,1.5199999809265137
2026-01-30,1.5299999713897705
2026-02-02,1.5700000524520874
2026-02-03,1.5299999713897705
2026-02-04,1.5399999618530273
2026-02-05,1.5199999809265137
2026-02-06,1.5399999618530273
2026-02-09,1.5299999713897705
2026-02-10,1.5499999523162842
2026-02-11,1.5399999618530273
2026-02-12,1.5800000429153442
2026-02-13,1.559999942779541
2026-02-17,1.5499999523162842
2026-02-18,1.5700000524520874
2026-02-19,1.5499999523162842
2026-02-20,1.5700000524520874
2026-02-23,1.5499999523162842
2026-02-24,1.559999942779541
2026-02-25,1.5700000524520874
2026-02-26,1.559999942779541
2026-02-27,1.5700000524520874
2026-03-02,1.5700000524520874
2026-03-03,1.559999942779541
2026-03-04,1.5399999618530273
2026-03-05,1.559999942779541
2026-03-06,1.5499999523162842
2026-03-09,1.559999942779541
2026-03-10,1.5499999523162842
2026-03-11,1.559999942779541
2026-03-12,1.559999942779541
2026-03-13,1.5499999523162842
2026-03-16,1.5199999809265137
2026-03-17,1.5099999904632568
2026-03-18,1.5099999904632568
2026-03-19,1.5099999904632568
2026-03-20,1.5099999904632568
2026-03-23,1.5299999713897705
2026-03-24,1.4500000476837158
2026-03-25,1.4800000190734863
2026-03-26,1.5
2026-03-27,1.4900000095367432
2026-03-30,1.5
2026-03-31,1.4299999475479126
2026-04-01,1.4299999475479126
2026-04-02,1.4299999475479126
2026-04-06,1.4299999475479126
2026-04-07,1.4299999475479126
2026-04-08,1.399999976158142
2026-04-09,1.3300000429153442
2026-04-10,1.350000023841858
2026-04-13,1.4700000286102295
2026-04-14,1.3600000143051147
2026-04-15,1.350000023841858
2026-04-16,1.409999966621399
2026-04-17,1.4900000095367432
2026-04-20,1.440000057220459
2026-04-21,1.4299999475479126
2026-04-22,1.4199999570846558
2026-04-23,1.4600000381469727
2026-04-24,1.4700000286102295
2026-04-27,1.4900000095367432
2026-04-28,1.4600000381469727
2026-04-29,1.440000057220459
2026-04-30,1.440000057220459
2026-05-01,1.4500000476837158
2026-05-04,1.3799999952316284
2026-05-05,1.350000023841858
2026-05-06,1.3200000524520874
2026-05-07,1.4299999475479126
2026-05-08,1.440000057220459
2026-05-11,1.4900000095367432
