Date,Close
2019-03-21,19.22662925720215
2019-03-22,18.977825164794922
2019-03-25,18.677541732788086
2019-03-26,18.94350814819336
2019-03-27,19.13225555419922
2019-03-28,19.46685791015625
2019-03-29,20.20469093322754
2019-04-01,19.48401641845703
2019-04-02,19.732820510864258
2019-04-03,18.686128616333008
2019-04-04,18.60891342163086
2019-04-05,18.60891342163086
2019-04-08,18.274309158325195
2019-04-09,18.77191925048828
2019-04-10,19.51833152770996
2019-04-11,19.758560180664062
2019-04-12,19.26094627380371
2019-04-15,20.565031051635742
2019-04-16,20.5135555267334
2019-04-17,20.118900299072266
2019-04-18,20.410598754882812
2019-04-22,19.57839012145996
2019-04-23,19.03788185119629
2019-04-24,19.218053817749023
2019-04-25,19.157995223999023
2019-04-26,19.552648544311523
2019-04-29,19.895830154418945
2019-04-30,19.22662925720215
2019-05-01,19.415376663208008
2019-05-02,19.6641845703125
2019-05-03,19.39822006225586
2019-05-06,19.46685791015625
2019-05-07,19.58696746826172
2019-05-08,19.389644622802734
2019-05-09,19.28668785095215
2019-05-10,19.200895309448242
2019-05-13,18.857709884643555
2019-05-14,19.200895309448242
2019-05-15,18.96066665649414
2019-05-16,18.84913444519043
2019-05-17,18.831981658935547
2019-05-20,18.892030715942383
2019-05-21,19.0893611907959
2019-05-22,19.218053817749023
2019-05-23,18.994983673095703
2019-05-24,18.92635154724121
2019-05-28,18.86629295349121
2019-05-29,18.25714874267578
2019-05-30,17.836755752563477
2019-05-31,16.66136360168457
2019-06-03,17.699478149414062
2019-06-04,18.42873764038086
2019-06-05,18.300048828125
2019-06-06,17.862489700317383
2019-06-07,17.99118423461914
2019-06-10,18.57459259033203
2019-06-11,17.939712524414062
2019-06-12,17.699478149414062
2019-06-13,18.171354293823242
2019-06-14,18.43731689453125
2019-06-17,18.729022979736328
2019-06-18,18.668960571289062
2019-06-19,19.14083480834961
2019-06-20,18.686128616333008
2019-06-21,18.668960571289062
2019-06-24,18.06839942932129
2019-06-25,17.80243492126465
2019-06-26,17.76811981201172
2019-06-27,18.076976776123047
2019-06-28,17.913969039916992
2019-07-01,18.231414794921875
2019-07-02,18.325782775878906
2019-07-03,18.694705963134766
2019-07-05,19.106517791748047
2019-07-08,19.895830154418945
2019-07-09,20.29906463623047
2019-07-10,17.862489700317383
2019-07-11,17.37346076965332
2019-07-12,17.261930465698242
2019-07-15,17.261930465698242
2019-07-16,16.987382888793945
2019-07-17,16.206649780273438
2019-07-18,15.786256790161133
2019-07-19,16.086544036865234
2019-07-22,15.811997413635254
2019-07-23,15.872052192687988
2019-07-24,16.506933212280273
2019-07-25,16.575571060180664
2019-07-26,16.61846923828125
2019-07-29,16.54983139038086
2019-07-30,16.146589279174805
2019-07-31,16.35250473022461
2019-08-01,15.7090425491333
2019-08-02,16.198074340820312
2019-08-05,15.992165565490723
2019-08-06,15.880631446838379
2019-08-07,15.383023262023926
2019-08-08,15.108476638793945
2019-08-09,14.868250846862793
2019-08-12,14.679505348205566
2019-08-13,14.76529312133789
2019-08-14,13.941667556762695
2019-08-15,13.830133438110352
2019-08-16,13.984561920166016
2019-08-19,13.993144035339355
2019-08-20,14.121835708618164
2019-08-21,14.567973136901855
2019-08-22,14.756717681884766
2019-08-23,14.293424606323242
2019-08-26,14.696659088134766
2019-08-27,14.336323738098145
2019-08-28,14.679505348205566
2019-08-29,14.88541316986084
2019-08-30,14.499335289001465
2019-09-03,14.559389114379883
2019-09-04,14.88541316986084
2019-09-05,15.082735061645508
2019-09-06,14.653763771057129
2019-09-09,15.606088638305664
2019-09-10,15.89779281616211
2019-09-11,16.30961036682129
2019-09-12,15.932106971740723
2019-09-13,15.44307804107666
2019-09-16,15.365862846374512
2019-09-17,15.666147232055664
2019-09-18,15.700461387634277
2019-09-19,15.863471031188965
2019-09-20,15.657564163208008
2019-09-23,15.743354797363281
2019-09-24,15.606088638305664
2019-09-25,16.223806381225586
2019-09-26,16.369657516479492
2019-09-27,16.48119354248047
2019-09-30,16.335344314575195
2019-10-01,16.30961036682129
2019-10-02,16.54983139038086
2019-10-03,16.81787872314453
2019-10-04,16.679534912109375
2019-10-07,17.094573974609375
2019-10-08,16.394189834594727
2019-10-09,15.166356086730957
2019-10-10,15.175004959106445
2019-10-11,15.053950309753418
2019-10-14,14.803191184997559
2019-10-15,15.028005599975586
2019-10-16,15.244172096252441
2019-10-17,14.742664337158203
2019-10-18,14.794548988342285
2019-10-21,14.716724395751953
2019-10-22,15.200942993164062
2019-10-23,15.09718132019043
2019-10-24,14.682138442993164
2019-10-25,14.803191184997559
2019-10-28,14.846428871154785
2019-10-29,14.976128578186035
2019-10-30,15.391164779663086
2019-10-31,15.408461570739746
2019-11-01,15.408461570739746
2019-11-04,14.803191184997559
2019-11-05,15.002066612243652
2019-11-06,14.829132080078125
2019-11-07,15.140414237976074
2019-11-08,14.811837196350098
2019-11-11,14.742664337158203
2019-11-12,14.699430465698242
2019-11-13,14.65619945526123
2019-11-14,14.708077430725098
2019-11-15,14.855073928833008
2019-11-18,14.751313209533691
2019-11-19,14.708077430725098
2019-11-20,14.154688835144043
2019-11-21,14.327624320983887
2019-11-22,14.690786361694336
2019-11-25,14.742664337158203
2019-11-26,14.569730758666992
2019-11-27,14.682138442993164
2019-11-29,14.509204864501953
2019-12-02,14.388147354125977
2019-12-03,14.604315757751465
2019-12-04,14.690786361694336
2019-12-05,14.86372184753418
2019-12-06,15.071236610412598
2019-12-09,15.053950309753418
2019-12-10,15.538166999816895
2019-12-11,15.58139705657959
2019-12-12,15.918622970581055
2019-12-13,16.394189834594727
2019-12-16,16.238548278808594
2019-12-17,16.670883178710938
2019-12-18,17.163745880126953
2019-12-19,16.887056350708008
2019-12-20,17.215625762939453
2019-12-23,16.878406524658203
2019-12-24,16.97351837158203
2019-12-26,16.999454498291016
2019-12-27,16.64494514465332
2019-12-30,16.4547119140625
2019-12-31,16.679534912109375
2020-01-02,16.53253746032715
2020-01-03,16.593063354492188
2020-01-06,16.489299774169922
2020-01-07,16.64494514465332
2020-01-08,16.53253746032715
2020-01-09,16.178020477294922
2020-01-10,16.126140594482422
2020-01-13,16.299076080322266
2020-01-14,16.420124053955078
2020-01-15,16.489299774169922
2020-01-16,17.025400161743164
2020-01-17,17.27615737915039
2020-01-21,17.293445587158203
2020-01-22,17.198331832885742
2020-01-23,17.250213623046875
2020-01-24,17.414501190185547
2020-01-27,17.509618759155273
2020-01-28,17.034048080444336
2020-01-29,17.120515823364258
2020-01-30,17.0772762298584
2020-01-31,16.982162475585938
2020-02-03,16.567123413085938
2020-02-04,16.688182830810547
2020-02-05,17.206979751586914
2020-02-06,17.111867904663086
2020-02-07,16.731414794921875
2020-02-10,17.258861541748047
2020-02-11,17.336990356445312
2020-02-12,17.71030044555664
2020-02-13,17.779754638671875
2020-02-14,17.554031372070312
2020-02-18,17.215456008911133
2020-02-19,16.82478904724121
2020-02-20,17.3630428314209
2020-02-21,17.119956970214844
2020-02-24,16.59906768798828
2020-02-25,16.312576293945312
2020-02-26,15.435744285583496
2020-02-27,15.218705177307129
2020-02-28,14.749902725219727
2020-03-02,15.513879776000977
2020-03-03,16.02608299255371
2020-03-04,16.269166946411133
2020-03-05,15.531234741210938
2020-03-06,14.949579238891602
2020-03-09,14.289783477783203
2020-03-10,14.46341609954834
2020-03-11,13.46503734588623
2020-03-12,11.43355941772461
2020-03-13,12.518750190734863
2020-03-16,12.28434944152832
2020-03-17,12.049949645996094
2020-03-18,10.756403923034668
2020-03-19,10.73035717010498
2020-03-20,9.949023246765137
2020-03-23,9.00273609161377
2020-03-24,10.869264602661133
2020-03-25,11.407515525817871
2020-03-26,12.475345611572266
2020-03-27,11.077620506286621
2020-03-30,11.303339004516602
2020-03-31,10.791131019592285
2020-04-01,9.245818138122559
2020-04-02,8.742291450500488
2020-04-03,8.256126403808594
2020-04-06,9.497581481933594
2020-04-07,10.42650318145752
2020-04-08,11.398835182189941
2020-04-09,11.963136672973633
2020-04-13,12.006542205810547
2020-04-14,12.084672927856445
2020-04-15,11.28597640991211
2020-04-16,11.008167266845703
2020-04-17,11.720050811767578
2020-04-20,11.164436340332031
2020-04-21,10.695634841918945
2020-04-22,10.930034637451172
2020-04-23,10.798977851867676
2020-04-24,11.008668899536133
2020-04-27,11.454256057739258
2020-04-28,11.489205360412598
2020-04-29,11.67268180847168
2020-04-30,11.262042999267578
2020-05-01,10.956243515014648
2020-05-04,10.781503677368164
2020-05-05,10.519392967224121
2020-05-06,10.309703826904297
2020-05-07,10.327178955078125
2020-05-08,11.218355178833008
2020-05-11,10.833928108215332
2020-05-12,11.008668899536133
2020-05-13,10.353389739990234
2020-05-14,10.659184455871582
2020-05-15,10.563080787658691
2020-05-18,11.41930866241455
2020-05-19,10.860138893127441
2020-05-20,10.860138893127441
2020-05-21,11.410571098327637
2020-05-22,11.288253784179688
2020-05-26,12.3716459274292
2020-05-27,12.738600730895996
2020-05-28,11.908583641052246
2020-05-29,11.786260604858398
2020-06-01,12.065852165222168
2020-06-02,12.47648811340332
2020-06-03,13.402612686157227
2020-06-04,13.489983558654785
2020-06-05,14.040419578552246
2020-06-08,13.813258171081543
2020-06-09,13.489983558654785
2020-06-10,12.782288551330566
2020-06-11,11.934795379638672
2020-06-12,12.048375129699707
2020-06-15,12.354169845581055
2020-06-16,12.598808288574219
2020-06-17,12.389118194580078
2020-06-18,12.03963851928711
2020-06-19,11.698893547058105
2020-06-22,11.751317977905273
2020-06-23,11.795001029968262
2020-06-24,11.358147621154785
2020-06-25,11.296989440917969
2020-06-26,10.70287036895752
2020-06-29,11.56783676147461
2020-06-30,11.70763111114502
2020-07-01,11.969740867614746
2020-07-02,11.663947105407715
2020-07-06,12.590069770812988
2020-07-07,12.08332347869873
2020-07-08,11.078564643859863
2020-07-09,10.860138893127441
2020-07-10,11.008668899536133
2020-07-13,10.825187683105469
2020-07-14,10.746556282043457
2020-07-15,11.034880638122559
2020-07-16,10.877612113952637
2020-07-17,10.798977851867676
2020-07-20,10.484444618225098
2020-07-21,10.61550235748291
2020-07-22,10.519392967224121
2020-07-23,10.650446891784668
2020-07-24,10.772767066955566
2020-07-27,10.641711235046387
2020-07-28,10.982455253601074
2020-07-29,10.764031410217285
2020-07-30,10.70287036895752
2020-07-31,10.624237060546875
2020-08-03,10.554339408874512
2020-08-04,10.624237060546875
2020-08-05,10.833928108215332
2020-08-06,10.545605659484863
2020-08-07,10.921297073364258
2020-08-10,11.279515266418457
2020-08-11,11.279515266418457
2020-08-12,11.244566917419434
2020-08-13,11.165935516357422
2020-08-14,11.148459434509277
2020-08-17,11.183408737182617
2020-08-18,10.667924880981445
2020-08-19,10.729081153869629
2020-08-20,10.737817764282227
2020-08-21,10.694134712219238
2020-08-24,11.096037864685059
2020-08-25,11.069825172424316
2020-08-26,10.860138893127441
2020-08-27,11.087301254272461
2020-08-28,11.262042999267578
2020-08-31,10.764031410217285
2020-09-01,10.842665672302246
2020-09-02,11.13972282409668
2020-09-03,10.964982986450195
2020-09-04,10.851399421691895
2020-09-08,11.157196044921875
2020-09-09,11.20961856842041
2020-09-10,11.550365447998047
2020-09-11,11.594049453735352
2020-09-14,11.961004257202148
2020-09-15,11.768789291381836
2020-09-16,11.786260604858398
2020-09-17,11.532889366149902
2020-09-18,10.93877124786377
2020-09-21,10.484444618225098
2020-09-22,10.798977851867676
2020-09-23,11.200881958007812
2020-09-24,11.244566917419434
2020-09-25,11.288253784179688
2020-09-28,11.873634338378906
2020-09-29,11.628997802734375
2020-09-30,11.70763111114502
2020-10-01,12.17943000793457
2020-10-02,12.362907409667969
2020-10-05,13.114294052124023
2020-10-06,12.878392219543457
2020-10-07,13.533669471740723
2020-10-08,13.594830513000488
2020-10-09,13.289032936096191
2020-10-12,13.804520606994629
2020-10-13,13.664729118347168
2020-10-14,13.551145553588867
2020-10-15,13.996734619140625
2020-10-16,13.734622955322266
2020-10-19,13.874414443969727
2020-10-20,14.293792724609375
2020-10-21,14.232635498046875
2020-10-22,14.459795951843262
2020-10-23,14.695700645446777
2020-10-26,14.215160369873047
2020-10-27,14.433588981628418
2020-10-28,13.848203659057617
2020-10-29,14.162737846374512
2020-10-30,13.7870454788208
2020-11-02,13.830729484558105
2020-11-03,14.040419578552246
2020-11-04,13.664729118347168
2020-11-05,14.101576805114746
2020-11-06,13.594830513000488
2020-11-09,14.416115760803223
2020-11-10,15.132547378540039
2020-11-11,14.721908569335938
2020-11-12,14.381163597106934
2020-11-13,14.97528076171875
2020-11-16,15.464560508728027
2020-11-17,15.927623748779297
2020-11-18,16.355737686157227
2020-11-19,16.530473709106445
2020-11-20,16.399417877197266
2020-11-23,16.609106063842773
2020-11-24,17.037221908569336
2020-11-25,17.028486251831055
2020-11-27,16.740163803100586
2020-11-30,16.067413330078125
2020-12-01,16.408159255981445
2020-12-02,16.486791610717773
2020-12-03,16.94985580444336
2020-12-04,17.325544357299805
2020-12-07,16.967329025268555
2020-12-08,17.290599822998047
2020-12-09,17.692501068115234
2020-12-10,18.155567169189453
2020-12-11,17.902189254760742
2020-12-14,17.76239776611328
2020-12-15,18.190513610839844
2020-12-16,18.65357208251953
2020-12-17,18.758420944213867
2020-12-18,18.828319549560547
2020-12-21,18.810840606689453
2020-12-22,18.452619552612305
2020-12-23,18.46135902404785
2020-12-24,18.007028579711914
2020-12-28,17.76239776611328
2020-12-29,17.316804885864258
2020-12-30,17.84103012084961
2020-12-31,17.543970108032227
2021-01-04,17.16827964782715
2021-01-05,17.44786262512207
2021-01-06,17.963348388671875
2021-01-07,17.753664016723633
2021-01-08,17.910930633544922
2021-01-11,18.627365112304688
2021-01-12,19.649593353271484
2021-01-13,18.845787048339844
2021-01-14,18.91568946838379
2021-01-15,18.644838333129883
2021-01-19,18.46135902404785
2021-01-20,18.46135902404785
2021-01-21,18.216724395751953
2021-01-22,18.173038482666016
2021-01-25,18.55746841430664
2021-01-26,18.65357208251953
2021-01-27,19.221479415893555
2021-01-28,18.12061309814453
2021-01-29,17.220701217651367
2021-02-01,17.194494247436523
2021-02-02,17.24691390991211
2021-02-03,17.24691390991211
2021-02-04,17.578916549682617
2021-02-05,17.46533966064453
2021-02-08,16.99353790283203
2021-02-09,17.9390811920166
2021-02-10,18.4118595123291
2021-02-11,18.315549850463867
2021-02-12,18.30679702758789
2021-02-16,19.138525009155273
2021-02-17,19.23482894897461
2021-02-18,19.164785385131836
2021-02-19,20.18036651611328
2021-02-22,20.635635375976562
2021-02-23,20.197887420654297
2021-02-24,20.3904972076416
2021-02-25,20.408000946044922
2021-02-26,20.36423110961914
2021-03-01,20.644392013549805
2021-03-02,20.92455291748047
2021-03-03,21.117164611816406
2021-03-04,20.93330955505371
2021-03-05,21.073387145996094
2021-03-08,21.694992065429688
2021-03-09,21.703752517700195
2021-03-10,21.563671112060547
2021-03-11,21.43234634399414
2021-03-12,22.010173797607422
2021-03-15,22.509212493896484
2021-03-16,21.88760757446289
2021-03-17,21.948888778686523
2021-03-18,21.878854751586914
2021-03-19,21.896364212036133
2021-03-22,21.73002052307129
2021-03-23,20.162864685058594
2021-03-24,20.171621322631836
2021-03-25,20.89828872680664
2021-03-26,20.93330955505371
2021-03-29,20.68816375732422
2021-03-30,20.854507446289062
2021-03-31,20.93330955505371
2021-04-01,20.740694046020508
2021-04-05,21.204713821411133
2021-04-06,21.117164611816406
2021-04-07,21.41482925415039
2021-04-08,21.905118942260742
2021-04-09,22.47418975830078
2021-04-12,23.17459487915039
2021-04-13,23.410982131958008
2021-04-14,23.839981079101562
2021-04-15,24.146408081054688
2021-04-16,25.415891647338867
2021-04-19,24.750507354736328
2021-04-20,25.310827255249023
2021-04-21,25.450908660888672
2021-04-22,25.319583892822266
2021-04-23,25.879905700683594
2021-04-26,25.34585189819336
2021-04-27,26.063764572143555
2021-04-28,25.801111221313477
2021-04-29,25.468421936035156
2021-04-30,25.26704978942871
2021-05-03,26.68536949157715
2021-05-04,26.352678298950195
2021-05-05,26.597820281982422
2021-05-06,26.615367889404297
2021-05-07,26.431142807006836
2021-05-10,26.203062057495117
2021-05-11,26.001296997070312
2021-05-12,24.22051239013672
2021-05-13,24.404726028442383
2021-05-14,25.50127601623535
2021-05-17,25.746898651123047
2021-05-18,24.860889434814453
2021-05-19,24.00119972229004
2021-05-20,23.895925521850586
2021-05-21,24.00119972229004
2021-05-24,24.150331497192383
2021-05-25,23.76434898376465
2021-05-26,23.86083984375
2021-05-27,23.939796447753906
2021-05-28,23.4748592376709
2021-06-01,24.132783889770508
2021-06-02,23.65030288696289
2021-06-03,23.220455169677734
2021-06-04,22.878337860107422
2021-06-07,23.18536949157715
2021-06-08,23.869611740112305
2021-06-09,23.4748592376709
2021-06-10,23.33449363708496
2021-06-11,23.904699325561523
2021-06-14,23.4748592376709
2021-06-15,23.378360748291016
2021-06-16,23.553808212280273
2021-06-17,23.009923934936523
2021-06-18,21.56247901916504
2021-06-21,21.895830154418945
2021-06-22,22.57130241394043
2021-06-23,22.729204177856445
2021-06-24,23.58012580871582
2021-06-25,24.009971618652344
2021-06-28,24.08892059326172
2021-06-29,23.939796447753906
2021-06-30,24.317005157470703
2021-07-01,24.106468200683594
2021-07-02,24.08892059326172
2021-07-06,24.799488067626953
2021-07-07,24.59772491455078
2021-07-08,24.56262969970703
2021-07-09,24.895980834960938
2021-07-12,25.194242477416992
2021-07-13,25.176692962646484
2021-07-14,26.211835861206055
2021-07-15,24.922298431396484
2021-07-16,24.501222610473633
2021-07-19,23.246776580810547
2021-07-20,24.018741607666016
2021-07-21,24.39595603942871
2021-07-22,23.63275909423828
2021-07-23,23.34327507019043
2021-07-26,23.82575035095215
2021-07-27,23.246776580810547
2021-07-28,23.27309226989746
2021-07-29,24.08892059326172
2021-07-30,24.212095260620117
2021-08-02,25.07430076599121
2021-08-03,24.66959571838379
2021-08-04,24.10651969909668
2021-08-05,24.34406852722168
2021-08-06,23.912965774536133
2021-08-09,23.270709991455078
2021-08-10,24.0361385345459
2021-08-11,25.144683837890625
2021-08-12,24.871950149536133
2021-08-13,24.68718719482422
2021-08-16,24.44084358215332
2021-08-17,24.317670822143555
2021-08-18,24.0361385345459
2021-08-19,23.288301467895508
2021-08-20,23.385086059570312
2021-08-23,23.833782196044922
2021-08-24,24.33527183532715
2021-08-25,24.33527183532715
2021-08-26,23.552248001098633
2021-08-27,23.640222549438477
2021-08-30,23.745803833007812
2021-08-31,23.05955696105957
2021-09-01,23.499454498291016
2021-09-02,23.393878936767578
2021-09-03,23.314697265625
2021-09-07,23.42027473449707
2021-09-08,23.27950668334961
2021-09-09,23.32349967956543
2021-09-10,23.314697265625
2021-09-13,23.393878936767578
2021-09-14,23.32349967956543
2021-09-15,23.209123611450195
2021-09-16,22.514081954956055
2021-09-17,22.33812141418457
2021-09-20,21.484716415405273
2021-09-21,21.423128128051758
2021-09-22,21.783843994140625
2021-09-23,22.364517211914062
2021-09-24,22.3469181060791
2021-09-27,22.734031677246094
2021-09-28,22.41730499267578
2021-09-29,22.56686782836914
2021-09-30,21.563899993896484
2021-10-01,21.9950008392334
2021-10-04,22.13576889038086
2021-10-05,22.478891372680664
2021-10-06,21.326353073120117
2021-10-07,23.12993812561035
2021-10-08,22.478891372680664
2021-10-11,21.53750228881836
2021-10-12,21.54629898071289
2021-10-13,21.73105812072754
2021-10-14,21.801441192626953
2021-10-15,21.77504539489746
2021-10-18,21.933412551879883
2021-10-19,21.88942527770996
2021-10-20,22.61965560913086
2021-10-21,22.646053314208984
2021-10-22,23.033164978027344
2021-10-25,23.094749450683594
2021-10-26,23.490663528442383
2021-10-27,22.707639694213867
2021-10-28,23.060651779174805
2021-10-29,23.104780197143555
2021-11-01,23.64312744140625
2021-11-02,23.40484046936035
2021-11-03,23.704904556274414
2021-11-04,23.810806274414062
2021-11-05,23.828458786010742
2021-11-08,23.978485107421875
2021-11-09,24.322675704956055
2021-11-10,23.81963348388672
2021-11-11,23.960840225219727
2021-11-12,24.296201705932617
2021-11-15,23.996139526367188
2021-11-16,24.331499099731445
2021-11-17,24.61391258239746
2021-11-18,24.940452575683594
2021-11-19,24.38445281982422
2021-11-22,24.958101272583008
2021-11-23,24.649213790893555
2021-11-24,24.87867546081543
2021-11-26,24.004966735839844
2021-11-29,23.39601707458496
2021-11-30,22.566431045532227
2021-12-01,21.73685073852539
2021-12-02,22.398752212524414
2021-12-03,22.239892959594727
2021-12-06,22.49582862854004
2021-12-07,22.689985275268555
2021-12-08,22.92827033996582
2021-12-09,22.51348114013672
2021-12-10,22.301673889160156
2021-12-13,21.657421112060547
2021-12-14,21.525033950805664
2021-12-15,21.53386116027832
2021-12-16,21.339706420898438
2021-12-17,21.145549774169922
2021-12-20,20.333620071411133
2021-12-21,21.20733070373535
2021-12-22,21.32205581665039
2021-12-23,21.728023529052734
2021-12-27,21.948657989501953
2021-12-28,21.719200134277344
2021-12-29,22.089862823486328
2021-12-30,22.09868812561035
2021-12-31,22.089862823486328
2022-01-03,21.754499435424805
2022-01-04,21.622121810913086
2022-01-05,20.960220336914062
2022-01-06,20.960220336914062
2022-01-07,20.536602020263672
2022-01-10,20.148284912109375
2022-01-11,20.37774085998535
2022-01-12,20.08650779724121
2022-01-13,20.510122299194336
2022-01-14,20.386573791503906
2022-01-18,19.636417388916016
2022-01-19,19.54816246032715
2022-01-20,18.77153205871582
2022-01-21,18.84212875366211
2022-01-24,19.23044776916504
2022-01-25,18.533241271972656
2022-01-26,17.933122634887695
2022-01-27,19.43343162536621
2022-01-28,19.345178604125977
2022-01-31,19.354005813598633
2022-02-01,20.263011932373047
2022-02-02,20.45717430114746
2022-02-03,19.71584701538086
2022-02-04,19.83939552307129
2022-02-07,19.998252868652344
2022-02-08,20.76059913635254
2022-02-09,21.150638580322266
2022-02-10,20.778329849243164
2022-02-11,19.971664428710938
2022-02-14,19.687999725341797
2022-02-15,20.104623794555664
2022-02-16,20.140085220336914
2022-02-17,19.289094924926758
2022-02-18,19.519573211669922
2022-02-22,19.457521438598633
2022-02-23,19.17385482788086
2022-02-24,19.581621170043945
2022-02-25,20.237594604492188
2022-02-28,20.078031539916992
2022-03-01,18.65085220336914
2022-03-02,19.164993286132812
2022-03-03,18.615392684936523
2022-03-04,17.40096664428711
2022-03-07,15.93832015991211
2022-03-08,16.000377655029297
2022-03-09,16.71839714050293
2022-03-10,16.33722686767578
2022-03-11,16.151071548461914
2022-03-14,16.151071548461914
2022-03-15,16.487924575805664
2022-03-16,17.799863815307617
2022-03-17,18.163307189941406
2022-03-18,18.78382110595703
2022-03-21,18.17217445373535
2022-03-22,18.402647018432617
2022-03-23,17.84418487548828
2022-03-24,17.994882583618164
2022-03-25,17.923965454101562
2022-03-28,17.959426879882812
2022-03-29,18.92565155029297
2022-03-30,18.251953125
2022-03-31,17.51620101928711
2022-04-01,17.5782527923584
2022-04-04,18.056934356689453
2022-04-05,17.471879959106445
2022-04-06,17.205942153930664
2022-04-07,17.08184242248535
2022-04-08,16.656347274780273
2022-04-11,16.71839714050293
2022-04-12,16.620891571044922
2022-04-13,16.904550552368164
2022-04-14,16.957735061645508
2022-04-18,16.665212631225586
2022-04-19,17.42755699157715
2022-04-20,17.58711814880371
2022-04-21,17.53392791748047
2022-04-22,16.922279357910156
2022-04-25,17.05524444580078
2022-04-26,16.479061126708984
2022-04-27,16.124473571777344
2022-04-28,16.70953369140625
2022-04-29,16.053565979003906
2022-05-02,16.620891571044922
2022-05-03,16.487924575805664
2022-05-04,16.82477378845215
2022-05-05,16.263351440429688
2022-05-06,15.862334251403809
2022-05-09,15.372209548950195
2022-05-10,15.22962760925293
2022-05-11,14.71276569366455
2022-05-12,15.193981170654297
2022-05-13,15.514788627624512
2022-05-16,15.63064193725586
2022-05-17,15.693018913269043
2022-05-18,14.953375816345215
2022-05-19,14.605827331542969
2022-05-20,14.489977836608887
2022-05-23,14.721678733825684
2022-05-24,14.59691333770752
2022-05-25,15.318744659423828
2022-05-26,15.93362808227539
2022-05-27,16.432666778564453
2022-05-31,16.183149337768555
2022-06-01,16.370285034179688
2022-06-02,17.01190948486328
2022-06-03,16.94953155517578
2022-06-06,17.083209991455078
2022-06-07,17.092113494873047
2022-06-08,17.003000259399414
2022-06-09,16.628719329833984
2022-06-10,16.040563583374023
2022-06-13,15.24744987487793
2022-06-14,15.434586524963379
2022-06-15,15.363297462463379
2022-06-16,14.40086555480957
2022-06-17,14.748408317565918
2022-06-21,14.989019393920898
2022-06-22,14.78405475616455
2022-06-23,14.917725563049316
2022-06-24,15.425677299499512
2022-06-27,15.176158905029297
2022-06-28,14.971195220947266
2022-06-29,14.819700241088867
2022-06-30,14.543447494506836
2022-07-01,14.267192840576172
2022-07-05,14.48106575012207
2022-07-06,14.08005428314209
2022-07-07,14.623650550842285
2022-07-08,14.775145530700684
2022-07-11,15.051397323608398
2022-07-12,15.015752792358398
2022-07-13,15.006837844848633
2022-07-14,15.202892303466797
2022-07-15,15.532612800598145
2022-07-18,15.817780494689941
2022-07-19,16.298995971679688
2022-07-20,16.851499557495117
2022-07-21,17.109935760498047
2022-07-22,17.288166046142578
2022-07-25,17.020822525024414
2022-07-26,15.799954414367676
2022-07-27,16.27226448059082
2022-07-28,16.664365768432617
2022-07-29,16.96930694580078
2022-08-01,17.148693084716797
2022-08-02,16.90652847290039
2022-08-03,17.381885528564453
2022-08-04,17.36394691467285
2022-08-05,17.11281394958496
2022-08-08,17.453638076782227
2022-08-09,16.5029239654541
2022-08-10,17.29219627380371
2022-08-11,17.50745391845703
2022-08-12,17.516420364379883
2022-08-15,17.516420364379883
2022-08-16,18.144248962402344
2022-08-17,17.498485565185547
2022-08-18,17.283226013183594
2022-08-19,17.059001922607422
2022-08-22,16.5029239654541
2022-08-23,16.583642959594727
2022-08-24,16.62848663330078
2022-08-25,16.978281021118164
2022-08-26,16.25179100036621
2022-08-29,15.884063720703125
2022-08-30,15.65984058380127
2022-08-31,15.148608207702637
2022-09-01,15.444584846496582
2022-09-02,15.884063720703125
2022-09-06,15.52530574798584
2022-09-07,15.641902923583984
2022-09-08,15.112732887268066
2022-09-09,15.70468521118164
2022-09-12,16.458080291748047
2022-09-13,15.579118728637695
2022-09-14,15.534276962280273
2022-09-15,15.62396240234375
2022-09-16,15.80334186553955
2022-09-19,15.928908348083496
2022-09-20,15.301080703735352
2022-09-21,15.336956977844238
2022-09-22,14.843664169311523
2022-09-23,14.789847373962402
2022-09-26,14.377276420593262
2022-09-27,14.296553611755371
2022-09-28,14.556655883789062
2022-09-29,13.937795639038086
2022-09-30,12.978114128112793
2022-10-03,13.973670959472656
2022-10-04,14.87057113647461
2022-10-05,14.87057113647461
2022-10-06,14.287586212158203
2022-10-07,12.619356155395508
2022-10-10,12.843579292297363
2022-10-11,12.951207160949707
2022-10-12,12.924300193786621
2022-10-13,12.987082481384277
2022-10-14,12.861517906188965
2022-10-17,13.08574390411377
2022-10-18,13.04089641571045
2022-10-19,12.753891944885254
2022-10-20,12.619356155395508
2022-10-21,12.744921684265137
2022-10-24,12.816672325134277
2022-10-25,13.596975326538086
2022-10-26,13.5610990524292
2022-10-27,13.5610990524292
2022-10-28,13.64181900024414
2022-10-31,13.417594909667969
2022-11-01,13.614913940429688
2022-11-02,13.26512336730957
2022-11-03,13.445966720581055
2022-11-04,13.807662963867188
2022-11-07,13.870959281921387
2022-11-08,13.43692684173584
2022-11-09,13.120443344116211
2022-11-10,13.961381912231445
2022-11-11,14.757110595703125
2022-11-14,14.44062614440918
2022-11-15,14.811363220214844
2022-11-16,14.187439918518066
2022-11-17,14.078930854797363
2022-11-18,14.241693496704102
2022-11-21,14.214569091796875
2022-11-22,14.58530330657959
2022-11-23,14.540092468261719
2022-11-25,14.567221641540527
2022-11-28,14.531048774719238
2022-11-29,14.612430572509766
2022-11-30,14.946999549865723
2022-12-01,14.937959671020508
2022-12-02,15.3900728225708
2022-12-05,14.829446792602539
2022-12-06,14.729984283447266
2022-12-07,14.838492393493652
2022-12-08,15.218267440795898
2022-12-09,14.820405006408691
2022-12-12,15.362945556640625
2022-12-13,15.20922565460205
2022-12-14,15.16401481628418
2022-12-15,14.485838890075684
2022-12-16,14.359245300292969
2022-12-19,14.250736236572266
2022-12-20,13.97042465209961
2022-12-21,13.852874755859375
2022-12-22,13.952341079711914
2022-12-23,13.997551918029785
2022-12-27,13.988509178161621
2022-12-28,13.898087501525879
2022-12-29,14.13318920135498
2022-12-30,14.033720970153809
2023-01-03,14.069890975952148
2023-01-04,14.892742156982422
2023-01-05,14.748065948486328
2023-01-06,14.937959671020508
2023-01-09,15.227309226989746
2023-01-10,15.462413787841797
2023-01-11,15.191142082214355
2023-01-12,15.05550765991211
2023-01-13,14.956040382385254
2023-01-17,14.720939636230469
2023-01-18,14.666686058044434
2023-01-19,14.395416259765625
2023-01-20,14.784235954284668
2023-01-23,15.20922565460205
2023-01-24,15.11880111694336
2023-01-25,14.919872283935547
2023-01-26,16.03207778930664
2023-01-27,16.086332321166992
2023-01-30,16.077289581298828
2023-01-31,16.637914657592773
2023-02-01,17.071945190429688
2023-02-02,17.298006057739258
2023-02-03,17.225669860839844
2023-02-06,16.628875732421875
2023-02-07,16.628875732421875
2023-02-08,16.064565658569336
2023-02-09,16.346721649169922
2023-02-10,16.474143981933594
2023-02-13,16.49234962463379
2023-02-14,16.26480484008789
2023-02-15,16.228395462036133
2023-02-16,15.973548889160156
2023-02-17,16.20108985900879
2023-02-21,15.782414436340332
2023-02-22,16.128276824951172
2023-02-23,16.20108985900879
2023-02-24,16.00995635986328
2023-02-27,16.02815818786621
2023-02-28,16.328514099121094
2023-03-01,16.110078811645508
2023-03-02,16.237499237060547
2023-03-03,16.219297409057617
2023-03-06,15.66408920288086
2023-03-07,15.58217716217041
2023-03-08,15.573075294494629
2023-03-09,15.045172691345215
2023-03-10,14.653797149658203
2023-03-13,14.389845848083496
2023-03-14,14.480865478515625
2023-03-15,14.41715145111084
2023-03-16,14.67199993133545
2023-03-17,14.353439331054688
2023-03-20,14.75391674041748
2023-03-21,15.099782943725586
2023-03-22,14.881341934204102
2023-03-23,14.75391674041748
2023-03-24,14.999661445617676
2023-03-27,15.172595024108887
2023-03-28,16.000858306884766
2023-03-29,16.237499237060547
2023-03-30,16.374025344848633
2023-03-31,16.59246826171875
2023-04-03,16.52875518798828
2023-04-04,16.49234962463379
2023-04-05,16.410432815551758
2023-04-06,13.780030250549316
2023-04-10,14.335235595703125
2023-04-11,14.116796493530273
2023-04-12,13.743623733520508
2023-04-13,13.843742370605469
2023-04-14,13.80733585357666
2023-04-17,13.761826515197754
2023-04-18,13.843742370605469
2023-04-19,13.761826515197754
2023-04-20,13.54338550567627
2023-04-21,13.57068920135498
2023-04-24,13.37955379486084
2023-04-25,13.006383895874023
2023-04-26,12.942669868469238
2023-04-27,13.024587631225586
2023-04-28,13.161111831665039
2023-05-01,13.179316520690918
2023-05-02,13.070094108581543
2023-05-03,12.895705223083496
2023-05-04,12.601994514465332
2023-05-05,13.005846977233887
2023-05-08,12.959954261779785
2023-05-09,12.813098907470703
2023-05-10,12.556102752685547
2023-05-11,12.37253475189209
2023-05-12,12.409246444702148
2023-05-15,12.601994514465332
2023-05-16,12.179787635803223
2023-05-17,12.253213882446289
2023-05-18,12.280749320983887
2023-05-19,11.913612365722656
2023-05-22,12.133896827697754
2023-05-23,12.01457405090332
2023-05-24,12.051287651062012
2023-05-25,12.106356620788574
2023-05-26,12.326642036437988
2023-05-30,12.445962905883789
2023-05-31,12.143074035644531
2023-06-01,11.977860450744629
2023-06-02,12.390891075134277
2023-06-05,12.54692554473877
2023-06-06,12.776386260986328
2023-06-07,13.226127624511719
2023-06-08,13.299555778503418
2023-06-09,13.07927417755127
2023-06-12,13.17105770111084
2023-06-13,13.62080192565918
2023-06-14,13.703407287597656
2023-06-15,13.767655372619629
2023-06-16,13.831905364990234
2023-06-20,13.685050010681152
2023-06-21,13.501482963562012
2023-06-22,13.556554794311523
2023-06-23,13.226127624511719
2023-06-26,13.299555778503418
2023-06-27,13.391342163085938
2023-06-28,13.16187858581543
2023-06-29,13.299555778503418
2023-06-30,13.244486808776855
2023-07-03,13.216951370239258
2023-07-05,12.959954261779785
2023-07-06,13.06091594696045
2023-07-07,12.051287651062012
2023-07-10,12.161431312561035
2023-07-11,12.813098907470703
2023-07-12,13.06091594696045
2023-07-13,12.959954261779785
2023-07-14,12.473496437072754
2023-07-17,12.354177474975586
2023-07-18,12.45513916015625
2023-07-19,12.987488746643066
2023-07-20,12.858993530273438
2023-07-21,12.8406343460083
2023-07-24,13.115986824035645
2023-07-25,13.152704238891602
2023-07-26,13.53819465637207
2023-07-27,13.483126640319824
2023-07-28,13.767655372619629
2023-07-31,13.831905364990234
2023-08-01,13.88697624206543
2023-08-02,13.529016494750977
2023-08-03,13.81588363647461
2023-08-04,13.723345756530762
2023-08-07,13.371703147888184
2023-08-08,13.316181182861328
2023-08-09,13.343940734863281
2023-08-10,13.741854667663574
2023-08-11,13.482748031616211
2023-08-14,13.4920015335083
2023-08-15,13.242152214050293
2023-08-16,13.103343963623047
2023-08-17,12.95528507232666
2023-08-18,13.149612426757812
2023-08-21,12.95528507232666
2023-08-22,12.909014701843262
2023-08-23,12.881254196166992
2023-08-24,12.946028709411621
2023-08-25,12.97379207611084
2023-08-28,12.890509605407715
2023-08-29,13.149612426757812
2023-08-30,13.047821998596191
2023-08-31,12.742446899414062
2023-09-01,12.890509605407715
2023-09-05,12.723938941955566
2023-09-06,12.834983825683594
2023-09-07,12.770207405090332
2023-09-08,13.00155258178711
2023-09-11,12.409309387207031
2023-09-12,12.483339309692383
2023-09-13,12.437070846557617
2023-09-14,12.705430030822754
2023-09-15,12.742446899414062
2023-09-18,12.261250495910645
2023-09-19,12.46483325958252
2023-09-20,12.400056838989258
2023-09-21,11.863337516784668
2023-09-22,11.88184642791748
2023-09-25,12.057665824890137
2023-09-26,11.955878257751465
2023-09-27,12.214980125427246
2023-09-28,12.251996040344238
2023-09-29,12.566624641418457
2023-10-02,12.520355224609375
2023-10-03,12.214980125427246
2023-10-04,12.42781925201416
2023-10-05,12.224234580993652
2023-10-06,12.122445106506348
2023-10-09,12.594385147094727
2023-10-10,12.96453857421875
2023-10-11,13.380955696105957
2023-10-12,13.00155258178711
2023-10-13,12.825730323791504
2023-10-16,13.223642349243164
2023-10-17,13.556777954101562
2023-10-18,13.5382719039917
2023-10-19,13.140358924865723
2023-10-20,12.909014701843262
2023-10-23,12.936776161193848
2023-10-24,13.158866882324219
2023-10-25,13.214862823486328
2023-10-26,13.056206703186035
2023-10-27,12.757568359375
2023-10-30,12.925554275512695
2023-10-31,12.757568359375
2023-11-01,12.785564422607422
2023-11-02,13.102871894836426
2023-11-03,13.522834777832031
2023-11-06,13.709485054016113
2023-11-07,13.532166481018066
2023-11-08,13.756148338317871
2023-11-09,13.308187484741211
2023-11-10,13.224193572998047
2023-11-13,13.298853874206543
2023-11-14,13.980128288269043
2023-11-15,14.204110145568848
2023-11-16,14.045455932617188
2023-11-17,14.17611312866211
2023-11-20,14.596075057983398
2023-11-21,14.512083053588867
2023-11-22,14.474752426147461
2023-11-24,14.362764358520508
2023-11-27,14.446755409240723
2023-11-28,14.241439819335938
2023-11-29,14.362764358520508
2023-11-30,14.456087112426758
2023-12-01,14.661402702331543
2023-12-04,14.642739295959473
2023-12-05,14.185442924499512
2023-12-06,14.166781425476074
2023-12-07,14.297433853149414
2023-12-08,14.026792526245117
2023-12-11,14.325432777404785
2023-12-12,14.054789543151855
2023-12-13,14.512083053588867
2023-12-14,14.87605094909668
2023-12-15,14.37209415435791
2023-12-18,14.521415710449219
2023-12-19,14.605409622192383
2023-12-20,14.381424903869629
2023-12-21,14.978708267211914
2023-12-22,15.333345413208008
2023-12-26,15.799973487854004
2023-12-27,15.82796859741211
2023-12-28,15.59465503692627
2023-12-29,15.436004638671875
2024-01-02,15.174692153930664
2024-01-03,14.54941463470459
2024-01-04,14.558748245239258
2024-01-05,15.016040802001953
2024-01-08,15.193359375
2024-01-09,15.165358543395996
2024-01-10,15.26801872253418
2024-01-11,15.165358543395996
2024-01-12,14.838720321655273
2024-01-16,14.22277545928955
2024-01-17,14.39076042175293
2024-01-18,14.474752426147461
2024-01-19,14.558748245239258
2024-01-22,14.782726287841797
2024-01-23,14.69873332977295
2024-01-24,14.670736312866211
2024-01-25,14.69873332977295
2024-01-26,14.885385513305664
2024-01-29,15.473336219787598
2024-01-30,15.69731330871582
2024-01-31,15.193359375
2024-02-01,15.613323211669922
2024-02-02,15.137362480163574
2024-02-05,15.314679145812988
2024-02-06,15.812950134277344
2024-02-07,16.104385375976562
2024-02-08,16.762475967407227
2024-02-09,16.706069946289062
2024-02-12,16.88469123840332
2024-02-13,16.555646896362305
2024-02-14,16.630859375
2024-02-15,16.800085067749023
2024-02-16,16.79068374633789
2024-02-20,16.92229652404785
2024-02-21,16.86589241027832
2024-02-22,16.941102981567383
2024-02-23,17.091520309448242
2024-02-26,17.025714874267578
2024-02-27,17.157329559326172
2024-02-28,16.90349578857422
2024-02-29,17.08211898803711
2024-03-01,17.147926330566406
2024-03-04,17.241941452026367
2024-03-05,17.204336166381836
2024-03-06,17.194936752319336
2024-03-07,17.241941452026367
2024-03-08,17.12912368774414
2024-03-11,17.166730880737305
2024-03-12,17.429969787597656
2024-03-13,17.655593872070312
2024-03-14,17.22313690185547
2024-03-15,17.100923538208008
2024-03-18,17.185535430908203
2024-03-19,17.58978843688965
2024-03-20,17.59918785095215
2024-03-21,17.853025436401367
2024-03-22,17.542781829833984
2024-03-25,17.52398109436035
2024-03-26,17.674400329589844
2024-03-27,18.21027183532715
2024-03-28,18.79315185546875
2024-04-01,19.084590911865234
2024-04-02,17.617996215820312
2024-04-03,17.542781829833984
2024-04-04,19.7144775390625
2024-04-05,19.319622039794922
2024-04-08,19.319622039794922
2024-04-09,19.27261734008789
2024-04-10,18.887165069580078
2024-04-11,18.67093849182129
2024-04-12,18.078655242919922
2024-04-15,18.539318084716797
2024-04-16,19.188005447387695
2024-04-17,19.423038482666016
2024-04-18,19.282020568847656
2024-04-19,19.319622039794922
2024-04-22,20.02471923828125
2024-04-23,20.739215850830078
2024-04-24,20.27855682373047
2024-04-25,19.827295303344727
2024-04-26,19.864898681640625
2024-04-29,20.428974151611328
2024-04-30,19.94951057434082
2024-05-01,19.89310073852539
2024-05-02,20.607601165771484
2024-05-03,20.682809829711914
2024-05-06,20.833229064941406
2024-05-07,20.9178409576416
2024-05-08,20.77605628967285
2024-05-09,21.437715530395508
2024-05-10,21.381004333496094
2024-05-13,21.437715530395508
2024-05-14,21.711833953857422
2024-05-15,20.908390045166016
2024-05-16,20.984010696411133
2024-05-17,20.870580673217773
2024-05-20,20.643726348876953
2024-05-21,20.747699737548828
2024-05-22,20.549203872680664
2024-05-23,20.501943588256836
2024-05-24,20.92729377746582
2024-05-28,21.381004333496094
2024-05-29,21.532238006591797
2024-05-30,22.203350067138672
2024-05-31,22.694868087768555
2024-06-03,22.83664894104004
2024-06-04,22.449106216430664
2024-06-05,22.846099853515625
2024-06-06,22.534177780151367
2024-06-07,22.24115753173828
2024-06-10,22.28841781616211
2024-06-11,22.401845932006836
2024-06-12,22.41129493713379
2024-06-13,22.0993709564209
2024-06-14,21.598405838012695
2024-06-17,22.19389533996582
2024-06-18,22.2506103515625
2024-06-20,21.759090423583984
2024-06-21,21.749635696411133
2024-06-24,21.948137283325195
2024-06-25,21.74018669128418
2024-06-26,21.853612899780273
2024-06-27,18.488609313964844
2024-06-28,18.22395133972168
2024-07-01,18.167232513427734
2024-07-02,18.03490447998047
2024-07-03,17.99709701538086
2024-07-05,18.08216094970703
2024-07-08,17.92147445678711
2024-07-09,17.373245239257812
2024-07-10,17.543386459350586
2024-07-11,18.072710037231445
2024-07-12,18.063261032104492
2024-07-15,17.600101470947266
2024-07-16,17.912023544311523
2024-07-17,17.486671447753906
2024-07-18,17.354341506958008
2024-07-19,17.325984954833984
2024-07-22,17.4677677154541
2024-07-23,17.09912872314453
2024-07-24,16.54145050048828
2024-07-25,16.418567657470703
2024-07-26,16.900630950927734
2024-07-29,17.307079315185547
2024-07-30,17.25981903076172
2024-07-31,17.325984954833984
2024-08-01,16.89118194580078
2024-08-02,16.329410552978516
2024-08-05,16.13898277282715
2024-08-06,16.67218589782715
2024-08-07,16.357975006103516
2024-08-08,16.83405303955078
2024-08-09,16.681705474853516
2024-08-12,16.93878936767578
2024-08-13,17.376779556274414
2024-08-14,17.19586753845215
2024-08-15,17.909984588623047
2024-08-16,18.081369400024414
2024-08-19,18.43366813659668
2024-08-20,18.071849822998047
2024-08-21,18.367015838623047
2024-08-22,18.033763885498047
2024-08-23,18.56696891784668
2024-08-26,18.081369400024414
2024-08-27,18.376535415649414
2024-08-28,17.919504165649414
2024-08-29,18.128978729248047
2024-08-30,18.347972869873047
2024-09-03,18.281322479248047
2024-09-04,18.167064666748047
2024-09-05,17.929025650024414
2024-09-06,17.719552993774414
2024-09-09,17.929025650024414
2024-09-10,18.30988311767578
2024-09-11,18.367015838623047
2024-09-12,18.319408416748047
2024-09-13,18.976394653320312
2024-09-16,18.54792594909668
2024-09-17,18.757396697998047
2024-09-18,18.83357048034668
2024-09-19,18.966873168945312
2024-09-20,19.195390701293945
2024-09-23,19.442947387695312
2024-09-24,19.690509796142578
2024-09-25,19.880939483642578
2024-09-26,20.433185577392578
2024-09-27,20.61409568786621
2024-09-30,20.75691795349121
2024-10-01,20.64266014099121
2024-10-02,20.052324295043945
2024-10-03,18.50984001159668
2024-10-04,18.871658325195312
2024-10-07,18.719310760498047
2024-10-08,18.347972869873047
2024-10-09,17.98615264892578
2024-10-10,17.824289321899414
2024-10-11,18.224193572998047
2024-10-14,18.128978729248047
2024-10-15,18.395580291748047
2024-10-16,17.843334197998047
2024-10-17,17.624338150024414
2024-10-18,17.767160415649414
2024-10-21,17.75763702392578
2024-10-22,17.433908462524414
2024-10-23,16.92926788330078
2024-10-24,16.653141021728516
2024-10-25,16.643619537353516
2024-10-28,16.815004348754883
2024-10-29,16.68071937561035
2024-10-30,16.69990348815918
2024-10-31,16.392955780029297
2024-11-01,16.488876342773438
2024-11-04,16.306623458862305
2024-11-05,16.19152069091797
2024-11-06,16.335403442382812
2024-11-07,16.37377166748047
2024-11-08,16.239482879638672
2024-11-11,16.277849197387695
2024-11-12,16.172334671020508
2024-11-13,16.28744125366211
2024-11-14,16.076416015625
2024-11-15,15.8941650390625
2024-11-18,15.52007007598877
2024-11-19,15.337820053100586
2024-11-20,15.155570030212402
2024-11-21,15.318635940551758
2024-11-22,15.654361724853516
2024-11-25,16.412139892578125
2024-11-26,16.095598220825195
2024-11-27,16.22029685974121
2024-11-29,16.74786376953125
2024-12-02,17.438495635986328
2024-12-03,17.649524688720703
2024-12-04,17.73585319519043
2024-12-05,17.169918060302734
2024-12-06,17.045217514038086
2024-12-09,16.834190368652344
2024-12-10,16.719087600708008
2024-12-11,16.767045974731445
2024-12-12,16.661535263061523
2024-12-13,16.594388961791992
2024-12-16,16.412139892578125
2024-12-17,16.258665084838867
2024-12-18,16.105194091796875
2024-12-19,15.970901489257812
2024-12-20,16.68071937561035
2024-12-23,16.61357307434082
2024-12-24,16.72867774963379
2024-12-26,16.75745391845703
2024-12-27,16.488876342773438
2024-12-30,16.63275909423828
2024-12-31,16.594388961791992
2025-01-02,16.709495544433594
2025-01-03,16.89174461364746
2025-01-06,17.11236572265625
2025-01-07,16.949296951293945
2025-01-08,17.131549835205078
2025-01-10,16.901338577270508
2025-01-13,16.709495544433594
2025-01-14,16.68071937561035
2025-01-15,16.997257232666016
2025-01-16,16.853376388549805
2025-01-17,16.661535263061523
2025-01-21,16.824602127075195
2025-01-22,16.901338577270508
2025-01-23,17.083587646484375
2025-01-24,16.824602127075195
2025-01-27,17.496047973632812
2025-01-28,17.611156463623047
2025-01-29,17.3521671295166
2025-01-30,18.08116912841797
2025-01-31,18.253829956054688
2025-02-03,17.89891815185547
2025-02-04,18.436079025268555
2025-02-05,18.407304763793945
2025-02-06,18.282604217529297
2025-02-07,17.687894821166992
2025-02-10,17.46727180480957
2025-02-11,17.06440544128418
2025-02-12,16.890474319458008
2025-02-13,17.605518341064453
2025-02-14,17.653831481933594
2025-02-18,17.479902267456055
2025-02-19,17.605518341064453
2025-02-20,18.040342330932617
2025-02-21,17.769784927368164
2025-02-24,18.272247314453125
2025-02-25,17.537879943847656
2025-02-26,17.170692443847656
2025-02-27,16.900135040283203
2025-02-28,17.363948822021484
2025-03-03,16.648906707763672
2025-03-04,15.991840362548828
2025-03-05,16.098127365112305
2025-03-06,15.924199104309082
2025-03-07,15.924199104309082
2025-03-10,15.643980026245117
2025-03-11,15.68263053894043
2025-03-12,15.808246612548828
2025-03-13,15.064217567443848
2025-03-14,15.566679954528809
2025-03-17,15.885550498962402
2025-03-18,15.286458969116211
2025-03-19,15.537690162658691
2025-03-20,15.267134666442871
2025-03-21,15.508700370788574
2025-03-24,15.499040603637695
2025-03-25,15.547353744506836
2025-03-26,15.499040603637695
2025-03-27,15.441062927246094
2025-03-28,15.160843849182129
2025-03-31,15.064217567443848
2025-04-01,15.827571868896484
2025-04-02,16.165767669677734
2025-04-03,13.95300006866455
2025-04-04,13.421549797058105
2025-04-07,13.044702529907227
2025-04-08,12.001126289367676
2025-04-09,14.42647647857666
2025-04-10,14.030302047729492
2025-04-11,14.53276538848877
2025-04-14,14.455463409423828
2025-04-15,13.866036415100098
2025-04-16,13.634129524230957
2025-04-17,14.15591812133789
2025-04-21,14.513440132141113
2025-04-22,14.948264122009277
2025-04-23,15.160843849182129
2025-04-24,15.550581932067871
2025-04-25,15.667503356933594
2025-04-28,15.472635269165039
2025-04-29,15.365456581115723
2025-04-30,15.599299430847168
2025-05-01,15.40442943572998
2025-05-02,15.794168472290039
2025-05-05,15.87211799621582
2025-05-06,15.755195617675781
2025-05-07,16.12544822692871
2025-05-08,16.632108688354492
2025-05-09,16.768516540527344
2025-05-12,17.28491973876953
2025-05-13,17.343379974365234
2025-05-14,17.080307006835938
2025-05-15,17.060821533203125
2025-05-16,17.216716766357422
2025-05-19,17.129024505615234
2025-05-20,17.382356643676758
2025-05-21,16.875694274902344
2025-05-22,17.470048904418945
2025-05-23,17.28491973876953
2025-05-27,17.91824722290039
2025-05-28,17.577226638793945
2025-05-29,17.28491973876953
2025-05-30,16.90492820739746
2025-06-02,16.651594161987305
2025-06-03,16.62236213684082
2025-06-04,16.446983337402344
2025-06-05,16.836721420288086
2025-06-06,17.002361297607422
2025-06-09,17.07056427001953
2025-06-10,17.099794387817383
2025-06-11,16.88543701171875
2025-06-12,16.661338806152344
2025-06-13,16.29108428955078
2025-06-16,17.099794387817383
2025-06-17,16.992616653442383
2025-06-18,17.158254623413086
2025-06-20,17.138769149780273
2025-06-23,17.54799461364746
2025-06-24,18.142345428466797
2025-06-25,17.606454849243164
2025-06-26,17.762351989746094
2025-06-27,18.054655075073242
2025-06-30,18.01568031311035
2025-07-01,18.385934829711914
2025-07-02,18.736696243286133
2025-07-03,18.619779586791992
2025-07-07,19.04848861694336
2025-07-08,19.01926040649414
2025-07-09,18.9023380279541
2025-07-10,19.2238712310791
2025-07-11,21.38692283630371
2025-07-14,20.821802139282227
2025-07-15,20.75359535217285
2025-07-16,20.43206214904785
2025-07-17,20.519752502441406
2025-07-18,20.373600006103516
2025-07-21,20.207962036132812
2025-07-22,20.412574768066406
2025-07-23,20.54898452758789
2025-07-24,20.16644859313965
2025-07-25,20.058557510375977
2025-07-28,20.254724502563477
2025-07-29,20.117406845092773
2025-07-30,19.3719539642334
2025-07-31,19.3131046295166
2025-08-01,18.871715545654297
2025-08-04,19.55831527709961
2025-08-05,19.60736083984375
2025-08-06,19.98989486694336
2025-08-07,19.754487991333008
2025-08-08,19.626977920532227
2025-08-11,19.832956314086914
2025-08-12,20.146833419799805
2025-08-13,20.568601608276367
2025-08-14,20.333194732666016
2025-08-15,20.7353458404541
2025-08-18,20.63726234436035
2025-08-19,20.480323791503906
2025-08-20,20.411664962768555
2025-08-21,20.352811813354492
2025-08-22,20.90209197998047
2025-08-25,21.01979637145996
2025-08-26,21.54945945739746
2025-08-27,21.735824584960938
2025-08-28,21.833908081054688
2025-08-29,21.941802978515625
2025-09-02,22.196826934814453
2025-09-03,22.088932037353516
2025-09-04,22.118356704711914
2025-09-05,21.794673919677734
2025-09-08,21.706396102905273
2025-09-09,21.28462791442871
2025-09-10,21.294435501098633
2025-09-11,21.6573543548584
2025-09-12,21.49060821533203
2025-09-15,22.1575927734375
2025-09-16,22.06931495666504
2025-09-17,22.265485763549805
2025-09-18,22.589170455932617
2025-09-19,22.22625160217285
2025-09-22,22.461658477783203
2025-09-23,22.648021697998047
2025-09-24,22.765724182128906
2025-09-25,22.373380661010742
2025-09-26,22.579360961914062
2025-09-29,22.844192504882812
2025-09-30,22.854000091552734
2025-10-01,23.93294334411621
2025-10-02,23.913328170776367
2025-10-03,23.98198890686035
2025-10-06,23.83485984802246
2025-10-07,24.001604080200195
2025-10-08,24.187969207763672
2025-10-09,24.070266723632812
2025-10-10,21.04922103881836
2025-10-13,20.75496482849121
2025-10-14,20.970752716064453
2025-10-15,21.01979637145996
2025-10-16,20.75496482849121
2025-10-17,20.470518112182617
2025-10-20,20.312517166137695
2025-10-21,20.944507598876953
2025-10-22,20.984006881713867
2025-10-23,21.072879791259766
2025-10-24,20.5100154876709
2025-10-27,21.151880264282227
2025-10-28,20.993881225585938
2025-10-29,20.15452003479004
2025-10-30,20.03602409362793
2025-10-31,20.02614974975586
2025-11-03,19.739778518676758
2025-11-04,19.226287841796875
2025-11-05,19.907649993896484
2025-11-06,19.75952911376953
2025-11-07,19.986648559570312
2025-11-10,20.82600975036621
2025-11-11,21.102506637573242
2025-11-12,21.48762321472168
2025-11-13,21.38887596130371
2025-11-14,21.142004013061523
2025-11-17,20.213769912719727
2025-11-18,20.085397720336914
2025-11-19,19.84840202331543
2025-11-20,19.779277801513672
2025-11-21,20.500139236450195
2025-11-24,20.490264892578125
2025-11-25,21.428375244140625
2025-11-26,21.546871185302734
2025-11-28,21.754243850708008
2025-12-01,22.010990142822266
2025-12-02,21.803617477416992
2025-12-03,22.15911293029785
2025-12-04,21.912240982055664
2025-12-05,21.991239547729492
2025-12-08,21.369123458862305
2025-12-09,21.49749755859375
2025-12-10,21.369123458862305
2025-12-11,21.339502334594727
2025-12-12,21.230876922607422
2025-12-15,21.66537094116211
2025-12-16,22.267732620239258
2025-12-17,21.49749755859375
2025-12-18,21.645620346069336
2025-12-19,21.438247680664062
2025-12-22,20.964256286621094
2025-12-23,20.70751190185547
2025-12-24,20.91488265991211
2025-12-26,20.845760345458984
2025-12-29,20.82600975036621
2025-12-30,20.81613540649414
2025-12-31,20.480390548706055
2026-01-02,20.559389114379883
2026-01-05,20.954381942749023
2026-01-06,21.240753173828125
2026-01-07,21.02350616455078
2026-01-08,21.655494689941406
2026-01-09,21.47774887084961
2026-01-12,21.132129669189453
2026-01-13,21.201251983642578
2026-01-14,21.191377639770508
2026-01-15,21.47774887084961
2026-01-16,21.48762321472168
2026-01-20,20.697635650634766
2026-01-21,21.556745529174805
2026-01-22,21.280250549316406
2026-01-23,20.974130630493164
2026-01-26,20.964256286621094
2026-01-27,20.984006881713867
2026-01-28,20.213769912719727
2026-01-29,20.282896041870117
2026-01-30,19.631155014038086
2026-02-02,19.433658599853516
2026-02-03,19.17691421508789
2026-02-04,20.03602409362793
2026-02-05,19.68052864074707
2026-02-06,20.292766571044922
2026-02-09,21.063003540039062
2026-02-10,21.768749237060547
2026-02-11,21.927791595458984
2026-02-12,21.629589080810547
2026-02-13,21.778690338134766
2026-02-17,21.699169158935547
2026-02-18,22.116653442382812
2026-02-19,22.116653442382812
2026-02-20,22.742876052856445
2026-02-23,21.629589080810547
2026-02-24,21.957611083984375
2026-02-25,22.00731086730957
2026-02-26,22.424795150756836
2026-02-27,22.027193069458008
2026-03-02,21.41090965270996
2026-03-03,20.645523071289062
2026-03-04,20.68528175354004
2026-03-05,20.15846061706543
2026-03-06,19.482534408569336
2026-03-09,18.746971130371094
2026-03-10,18.67738914489746
2026-03-11,18.180387496948242
2026-03-12,18.01140594482422
2026-03-13,17.802663803100586
2026-03-16,18.409008026123047
2026-03-17,18.558109283447266
2026-03-18,18.389127731323242
2026-03-19,18.22014617919922
2026-03-20,17.82254409790039
2026-03-23,18.50840950012207
2026-03-24,18.319547653198242
2026-03-25,18.369247436523438
2026-03-26,18.190324783325195
2026-03-27,18.15056610107422
2026-03-30,18.051164627075195
2026-03-31,18.379186630249023
2026-04-01,18.886131286621094
2026-04-02,18.78672981262207
2026-04-06,19.53223419189453
2026-04-07,19.591875076293945
2026-04-08,21.679288864135742
2026-04-09,22.62359619140625
2026-04-10,22.613656997680664
2026-04-13,22.1961727142334
2026-04-14,22.255813598632812
2026-04-15,22.136533737182617
2026-04-16,22.07689094543457
2026-04-17,22.76275634765625
2026-04-20,22.971498489379883
2026-04-21,23.220001220703125
2026-04-22,22.81999969482422
2026-04-23,22.489999771118164
2026-04-24,22.309999465942383
2026-04-27,22.829999923706055
2026-04-28,22.299999237060547
2026-04-29,21.889999389648438
2026-04-30,22.280000686645508
2026-05-01,22.280000686645508
2026-05-04,22.09000015258789
2026-05-05,22.299999237060547
2026-05-06,23.030000686645508
2026-05-07,22.75
2026-05-08,22.670000076293945
2026-05-11,21.954999923706055
