Date,Close
1990-04-03,2.109131097793579
1990-04-04,2.109131097793579
1990-04-05,2.3311445713043213
1990-04-06,2.3311445713043213
1990-04-09,2.275641441345215
1990-04-10,2.22013783454895
1990-04-11,2.275641441345215
1990-04-12,2.1646344661712646
1990-04-16,2.275641441345215
1990-04-17,2.22013783454895
1990-04-18,2.22013783454895
1990-04-19,2.109131097793579
1990-04-20,2.22013783454895
1990-04-23,2.22013783454895
1990-04-24,2.22013783454895
1990-04-25,2.109131097793579
1990-04-26,2.22013783454895
1990-04-27,2.0536277294158936
1990-04-30,2.22013783454895
1990-05-01,2.0536277294158936
1990-05-02,2.1923866271972656
1990-05-03,2.22013783454895
1990-05-04,2.22013783454895
1990-05-07,2.0536277294158936
1990-05-08,2.22013783454895
1990-05-09,2.0536277294158936
1990-05-10,2.0536277294158936
1990-05-11,2.22013783454895
1990-05-14,2.22013783454895
1990-05-15,2.275641441345215
1990-05-16,2.275641441345215
1990-05-17,2.275641441345215
1990-05-18,2.275641441345215
1990-05-21,2.275641441345215
1990-05-22,2.275641441345215
1990-05-23,2.3311445713043213
1990-05-24,2.6086626052856445
1990-05-25,2.553158760070801
1990-05-29,2.6086626052856445
1990-05-30,2.7196693420410156
1990-05-31,2.7751729488372803
1990-06-01,2.7751729488372803
1990-06-04,2.664165735244751
1990-06-05,2.7751729488372803
1990-06-06,2.8306760787963867
1990-06-07,2.7751729488372803
1990-06-08,2.7474210262298584
1990-06-11,2.664165735244751
1990-06-12,2.7751729488372803
1990-06-13,2.7751729488372803
1990-06-14,2.7751729488372803
1990-06-15,2.7751729488372803
1990-06-18,2.7751729488372803
1990-06-19,2.8306760787963867
1990-06-20,2.7196693420410156
1990-06-21,2.7196693420410156
1990-06-22,2.802924156188965
1990-06-25,2.8861794471740723
1990-06-26,2.941683053970337
1990-06-27,3.3857107162475586
1990-06-28,3.6632275581359863
1990-06-29,3.441213846206665
1990-07-02,3.6632275581359863
1990-07-03,3.607724666595459
1990-07-05,3.607724666595459
1990-07-06,3.496717691421509
1990-07-09,3.330207109451294
1990-07-10,3.219200372695923
1990-07-11,3.3857107162475586
1990-07-12,3.1636970043182373
1990-07-13,3.1636970043182373
1990-07-16,3.1636970043182373
1990-07-17,3.2747042179107666
1990-07-18,3.2747042179107666
1990-07-19,3.1636970043182373
1990-07-20,3.2469522953033447
1990-07-23,3.19144868850708
1990-07-24,3.19144868850708
1990-07-25,3.219200372695923
1990-07-26,3.2747042179107666
1990-07-27,3.219200372695923
1990-07-30,3.2747042179107666
1990-07-31,3.219200372695923
1990-08-01,3.2747042179107666
1990-08-02,3.2469522953033447
1990-08-03,3.2469522953033447
1990-08-06,3.052689790725708
1990-08-07,2.941683053970337
1990-08-08,2.8861794471740723
1990-08-09,3.052689790725708
1990-08-10,2.9971866607666016
1990-08-13,3.052689790725708
1990-08-14,3.052689790725708
1990-08-15,3.052689790725708
1990-08-16,2.8861794471740723
1990-08-17,2.8861794471740723
1990-08-20,2.8584277629852295
1990-08-21,2.941683053970337
1990-08-22,2.941683053970337
1990-08-23,2.7196693420410156
1990-08-24,2.7196693420410156
1990-08-27,2.8861794471740723
1990-08-28,2.8861794471740723
1990-08-29,2.8861794471740723
1990-08-30,2.941683053970337
1990-08-31,3.052689790725708
1990-09-04,3.1081933975219727
1990-09-05,3.1081933975219727
1990-09-06,2.941683053970337
1990-09-07,3.1636970043182373
1990-09-10,3.1636970043182373
1990-09-11,3.052689790725708
1990-09-12,3.1081933975219727
1990-09-13,3.1081933975219727
1990-09-14,3.052689790725708
1990-09-17,3.052689790725708
1990-09-18,2.9971866607666016
1990-09-19,3.1081933975219727
1990-09-20,2.9971866607666016
1990-09-21,2.941683053970337
1990-09-24,2.8306760787963867
1990-09-25,2.9971866607666016
1990-09-26,2.8306760787963867
1990-09-27,2.7196693420410156
1990-09-28,2.7196693420410156
1990-10-01,2.7196693420410156
1990-10-02,2.664165735244751
1990-10-03,2.6086626052856445
1990-10-04,2.7196693420410156
1990-10-05,2.7196693420410156
1990-10-08,2.636414051055908
1990-10-09,2.636414051055908
1990-10-10,2.636414051055908
1990-10-11,2.6919171810150146
1990-10-12,2.553158760070801
1990-10-15,2.664165735244751
1990-10-16,2.4976556301116943
1990-10-17,2.4976556301116943
1990-10-18,2.664165735244751
1990-10-19,2.6086626052856445
1990-10-22,2.7196693420410156
1990-10-23,2.8584277629852295
1990-10-24,2.8584277629852295
1990-10-25,2.664165735244751
1990-10-26,2.7196693420410156
1990-10-29,2.6086626052856445
1990-10-30,2.553158760070801
1990-10-31,2.525407314300537
1990-11-01,2.525407314300537
1990-11-02,2.442152261734009
1990-11-05,2.7474210262298584
1990-11-06,2.7474210262298584
1990-11-07,2.553158760070801
1990-11-08,2.7474210262298584
1990-11-09,2.664165735244751
1990-11-12,2.941683053970337
1990-11-13,2.941683053970337
1990-11-14,3.052689790725708
1990-11-15,2.941683053970337
1990-11-16,2.941683053970337
1990-11-19,2.8861794471740723
1990-11-20,2.8861794471740723
1990-11-21,2.8861794471740723
1990-11-23,2.8306760787963867
1990-11-26,2.664165735244751
1990-11-27,2.664165735244751
1990-11-28,2.7196693420410156
1990-11-29,2.7196693420410156
1990-11-30,2.8306760787963867
1990-12-03,2.802924156188965
1990-12-04,2.8306760787963867
1990-12-05,2.8861794471740723
1990-12-06,2.941683053970337
1990-12-07,3.1081933975219727
1990-12-10,3.1636970043182373
1990-12-11,3.052689790725708
1990-12-12,3.1359450817108154
1990-12-13,3.1081933975219727
1990-12-14,3.052689790725708
1990-12-17,3.052689790725708
1990-12-18,3.3857107162475586
1990-12-19,3.468966007232666
1990-12-20,3.6632275581359863
1990-12-21,3.8297383785247803
1990-12-24,3.718731164932251
1990-12-26,3.7742340564727783
1990-12-27,3.8297383785247803
1990-12-28,3.718731164932251
1990-12-31,3.885242223739624
1991-01-02,3.8297383785247803
1991-01-03,3.8297383785247803
1991-01-04,3.7742340564727783
1991-01-07,3.7742340564727783
1991-01-08,3.718731164932251
1991-01-09,3.8297383785247803
1991-01-10,3.885242223739624
1991-01-11,3.885242223739624
1991-01-14,3.8019866943359375
1991-01-15,3.8019866943359375
1991-01-16,3.8019866943359375
1991-01-17,4.05175256729126
1991-01-18,3.8297383785247803
1991-01-21,3.885242223739624
1991-01-22,3.8297383785247803
1991-01-23,3.885242223739624
1991-01-24,3.8297383785247803
1991-01-25,3.718731164932251
1991-01-28,3.7742340564727783
1991-01-29,3.718731164932251
1991-01-30,3.9407453536987305
1991-01-31,4.4402756690979
1991-02-01,4.273766040802002
1991-02-04,4.218262195587158
1991-02-05,4.24601411819458
1991-02-06,4.273766040802002
1991-02-07,4.218262195587158
1991-02-08,4.218262195587158
1991-02-11,4.162758827209473
1991-02-12,4.162758827209473
1991-02-13,4.384773254394531
1991-02-14,4.606786727905273
1991-02-15,4.662289142608643
1991-02-19,4.4957804679870605
1991-02-20,4.384773254394531
1991-02-21,4.606786727905273
1991-02-22,4.606786727905273
1991-02-25,4.55128288269043
1991-02-26,4.4402756690979
1991-02-27,4.55128288269043
1991-02-28,4.662289142608643
1991-03-01,4.55128288269043
1991-03-04,4.662289142608643
1991-03-05,4.662289142608643
1991-03-06,4.884304523468018
1991-03-07,4.884304523468018
1991-03-08,4.995311260223389
1991-03-11,5.050814628601074
1991-03-12,5.1618218421936035
1991-03-13,5.106317520141602
1991-03-14,5.494842052459717
1991-03-15,5.5503458976745605
1991-03-18,5.5503458976745605
1991-03-19,5.328331470489502
1991-03-20,5.1618218421936035
1991-03-21,5.1618218421936035
1991-03-22,5.106317520141602
1991-03-25,5.050814628601074
1991-03-26,5.050814628601074
1991-03-27,4.995311260223389
1991-03-28,5.134068965911865
1991-04-01,5.522593975067139
1991-04-02,5.63360071182251
1991-04-03,5.494842052459717
1991-04-04,5.60584831237793
1991-04-05,5.661352157592773
1991-04-08,5.356082916259766
1991-04-09,5.050814628601074
1991-04-10,5.272828102111816
1991-04-11,5.5503458976745605
1991-04-12,5.467090129852295
1991-04-15,5.661352157592773
1991-04-16,6.049875736236572
1991-04-17,6.4939045906066895
1991-04-18,6.715917587280273
1991-04-19,6.38289737701416
1991-04-22,6.216386795043945
1991-04-23,6.466152191162109
1991-04-24,6.438400745391846
1991-04-25,6.438400745391846
1991-04-26,6.327394008636475
1991-04-29,6.327394008636475
1991-04-30,6.4939045906066895
1991-05-01,6.771421432495117
1991-05-02,6.771421432495117
1991-05-03,6.771421432495117
1991-05-06,7.048938274383545
1991-05-07,7.520717620849609
1991-05-08,7.881490707397461
1991-05-09,7.548468112945557
1991-05-10,7.492966651916504
1991-05-13,7.548468112945557
1991-05-14,7.437462329864502
1991-05-15,7.270952224731445
1991-05-16,7.4097113609313965
1991-05-17,7.492966651916504
1991-05-20,7.270952224731445
1991-05-21,7.492966651916504
1991-05-22,7.992497444152832
1991-05-23,8.159008026123047
1991-05-24,8.325517654418945
1991-05-28,8.381021499633789
1991-05-29,8.658537864685059
1991-05-30,8.991560935974121
1991-05-31,9.047063827514648
1991-06-03,8.991560935974121
1991-06-04,9.10256576538086
1991-06-05,8.991560935974121
1991-06-06,8.936056137084961
1991-06-07,8.658537864685059
1991-06-10,8.603036880493164
1991-06-11,8.8805513381958
1991-06-12,8.49202823638916
1991-06-13,8.769546508789062
1991-06-14,8.8805513381958
1991-06-17,9.07481575012207
1991-06-18,9.047063827514648
1991-06-19,8.936056137084961
1991-06-20,8.82504940032959
1991-06-21,8.936056137084961
1991-06-24,8.547532081604004
1991-06-25,7.770484447479248
1991-06-26,8.159008026123047
1991-06-27,8.214510917663574
1991-06-28,8.048001289367676
1991-07-01,8.381021499633789
1991-07-02,8.436524391174316
1991-07-03,8.49202823638916
1991-07-05,8.714042663574219
1991-07-08,8.82504940032959
1991-07-09,8.936056137084961
1991-07-10,9.047063827514648
1991-07-11,9.380084037780762
1991-07-12,9.879615783691406
1991-07-15,10.26813793182373
1991-07-16,10.101629257202148
1991-07-17,10.434650421142578
1991-07-18,10.434650421142578
1991-07-19,10.212635040283203
1991-07-22,10.26813793182373
1991-07-23,10.212635040283203
1991-07-24,10.157132148742676
1991-07-25,10.26813793182373
1991-07-26,10.157132148742676
1991-07-29,10.046125411987305
1991-07-30,9.879615783691406
1991-07-31,9.602097511291504
1991-08-01,9.768609046936035
1991-08-02,10.046125411987305
1991-08-05,10.101629257202148
1991-08-06,10.656662940979004
1991-08-07,10.767668724060059
1991-08-08,10.490151405334473
1991-08-09,10.434650421142578
1991-08-12,10.823173522949219
1991-08-13,10.656662940979004
1991-08-14,10.712165832519531
1991-08-15,10.545656204223633
1991-08-16,10.379145622253418
1991-08-19,9.990622520446777
1991-08-20,10.212635040283203
1991-08-21,10.656662940979004
1991-08-22,11.100691795349121
1991-08-23,11.988746643066406
1991-08-26,11.766732215881348
1991-08-27,11.544717788696289
1991-08-28,11.766732215881348
1991-08-29,11.433711051940918
1991-08-30,11.322704315185547
1991-09-03,11.100691795349121
1991-09-04,10.545656204223633
1991-09-05,10.767668724060059
1991-09-06,10.656662940979004
1991-09-09,11.26720142364502
1991-09-10,11.433711051940918
1991-09-11,11.822236061096191
1991-09-12,12.210759162902832
1991-09-13,12.099751472473145
1991-09-16,11.877739906311035
1991-09-17,12.65478801727295
1991-09-18,12.987809181213379
1991-09-19,13.320828437805176
1991-09-20,13.986870765686035
1991-09-23,14.874924659729004
1991-09-24,15.041435241699219
1991-09-25,15.318953514099121
1991-09-26,14.652910232543945
1991-09-27,14.042375564575195
1991-09-30,15.096936225891113
1991-10-01,15.762981414794922
1991-10-02,15.096936225891113
1991-10-03,13.931367874145508
1991-10-04,13.931367874145508
1991-10-07,13.653850555419922
1991-10-08,13.653850555419922
1991-10-09,12.65478801727295
1991-10-10,12.76579475402832
1991-10-11,12.43277359008789
1991-10-14,13.431835174560547
1991-10-15,14.208883285522461
1991-10-16,15.651975631713867
1991-10-17,15.096936225891113
1991-10-18,15.87398624420166
1991-10-21,15.096936225891113
1991-10-22,15.540968894958496
1991-10-23,15.096936225891113
1991-10-24,14.985933303833008
1991-10-25,14.54190444946289
1991-10-28,15.318953514099121
1991-10-29,15.984994888305664
1991-10-30,15.984994888305664
1991-10-31,15.87398624420166
1991-11-01,16.09600257873535
1991-11-04,15.762981414794922
1991-11-05,16.09600257873535
1991-11-06,16.98405647277832
1991-11-07,17.7611026763916
1991-11-08,18.094127655029297
1991-11-11,18.14963150024414
1991-11-12,18.982181549072266
1991-11-13,18.31614112854004
1991-11-14,18.20513153076172
1991-11-15,16.540027618408203
1991-11-18,17.095064163208008
1991-11-19,15.984994888305664
1991-11-20,15.87398624420166
1991-11-21,14.985933303833008
1991-11-22,15.096936225891113
1991-11-25,14.319891929626465
1991-11-26,14.874924659729004
1991-11-27,15.096936225891113
1991-11-29,15.096936225891113
1991-12-02,15.651975631713867
1991-12-03,15.984994888305664
1991-12-04,16.762042999267578
1991-12-05,16.98405647277832
1991-12-06,16.873048782348633
1991-12-09,17.039562225341797
1991-12-10,17.317075729370117
1991-12-11,17.095064163208008
1991-12-12,16.98405647277832
1991-12-13,16.98405647277832
1991-12-16,16.98405647277832
1991-12-17,16.98405647277832
1991-12-18,16.873048782348633
1991-12-19,16.42902183532715
1991-12-20,16.20701026916504
1991-12-23,16.873048782348633
1991-12-24,16.873048782348633
1991-12-26,17.48358917236328
1991-12-27,18.260639190673828
1991-12-30,19.315202713012695
1991-12-31,19.093185424804688
1992-01-02,17.983121871948242
1992-01-03,18.094127655029297
1992-01-06,18.59365463256836
1992-01-07,18.871173858642578
1992-01-08,19.53721809387207
1992-01-09,19.981245040893555
1992-01-10,19.093185424804688
1992-01-13,18.760168075561523
1992-01-14,19.981245040893555
1992-01-15,19.870237350463867
1992-01-16,19.204195022583008
1992-01-17,18.31614112854004
1992-01-20,17.7611026763916
1992-01-21,16.928552627563477
1992-01-22,18.760168075561523
1992-01-23,18.53815269470215
1992-01-24,19.53721809387207
1992-01-27,19.53721809387207
1992-01-28,19.648221969604492
1992-01-29,18.982181549072266
1992-01-30,18.871173858642578
1992-01-31,18.427146911621094
1992-02-03,18.982181549072266
1992-02-04,18.64915657043457
1992-02-05,18.53815269470215
1992-02-06,18.53815269470215
1992-02-07,18.64915657043457
1992-02-10,19.093185424804688
1992-02-11,18.482650756835938
1992-02-12,18.64915657043457
1992-02-13,18.760168075561523
1992-02-14,18.53815269470215
1992-02-18,17.65009880065918
1992-02-19,16.873048782348633
1992-02-20,17.428085327148438
1992-02-21,16.873048782348633
1992-02-24,16.20701026916504
1992-02-25,15.540968894958496
1992-02-26,16.20701026916504
1992-02-27,17.095064163208008
1992-02-28,16.20701026916504
1992-03-02,15.87398624420166
1992-03-03,15.87398624420166
1992-03-04,15.707476615905762
1992-03-05,15.096936225891113
1992-03-06,14.59740924835205
1992-03-09,14.09787654876709
1992-03-10,14.54190444946289
1992-03-11,14.48640251159668
1992-03-12,14.09787654876709
1992-03-13,14.54190444946289
1992-03-16,14.09787654876709
1992-03-17,14.76391887664795
1992-03-18,15.096936225891113
1992-03-19,15.096936225891113
1992-03-20,14.54190444946289
1992-03-23,13.320828437805176
1992-03-24,11.877739906311035
1992-03-25,12.32176685333252
1992-03-26,11.822236061096191
1992-03-27,12.32176685333252
1992-03-30,11.933243751525879
1992-03-31,12.099751472473145
1992-04-01,12.099751472473145
1992-04-02,11.100691795349121
1992-04-03,9.879615783691406
1992-04-06,9.15807056427002
1992-04-07,9.324578285217285
1992-04-08,9.380084037780762
1992-04-09,9.768609046936035
1992-04-10,9.990622520446777
1992-04-13,9.768609046936035
1992-04-14,8.658537864685059
1992-04-15,9.435586929321289
1992-04-16,8.547532081604004
1992-04-20,8.325517654418945
1992-04-21,8.214510917663574
1992-04-22,7.6594767570495605
1992-04-23,7.770484447479248
1992-04-24,7.326455116271973
1992-04-27,6.715917587280273
1992-04-28,6.771421432495117
1992-04-29,7.326455116271973
1992-04-30,8.325517654418945
1992-05-01,7.93699312210083
1992-05-04,8.10350513458252
1992-05-05,8.214510917663574
1992-05-06,7.992497444152832
1992-05-07,7.326455116271973
1992-05-08,7.1044416427612305
1992-05-11,7.326455116271973
1992-05-12,7.1044416427612305
1992-05-13,7.1044416427612305
1992-05-14,6.88242769241333
1992-05-15,6.993435382843018
1992-05-18,7.048938274383545
1992-05-19,7.548468112945557
1992-05-20,7.437462329864502
1992-05-21,7.326455116271973
1992-05-22,7.1044416427612305
1992-05-26,7.215449333190918
1992-05-27,6.937932014465332
1992-05-28,6.88242769241333
1992-05-29,7.270952224731445
1992-06-01,7.93699312210083
1992-06-02,8.991560935974121
1992-06-03,9.213573455810547
1992-06-04,9.546592712402344
1992-06-05,8.8805513381958
1992-06-08,8.8805513381958
1992-06-09,8.214510917663574
1992-06-10,7.881490707397461
1992-06-11,7.881490707397461
1992-06-12,8.436524391174316
1992-06-15,8.769546508789062
1992-06-16,8.547532081604004
1992-06-17,7.6594767570495605
1992-06-18,7.603973388671875
1992-06-19,7.881490707397461
1992-06-22,7.6594767570495605
1992-06-23,7.770484447479248
1992-06-24,7.881490707397461
1992-06-25,7.770484447479248
1992-06-26,7.770484447479248
1992-06-29,8.436524391174316
1992-06-30,8.8805513381958
1992-07-01,8.769546508789062
1992-07-02,8.547532081604004
1992-07-06,8.547532081604004
1992-07-07,7.881490707397461
1992-07-08,7.992497444152832
1992-07-09,8.547532081604004
1992-07-10,8.325517654418945
1992-07-13,7.992497444152832
1992-07-14,8.214510917663574
1992-07-15,8.436524391174316
1992-07-16,8.8805513381958
1992-07-17,8.603036880493164
1992-07-20,8.658537864685059
1992-07-21,8.769546508789062
1992-07-22,8.769546508789062
1992-07-23,8.658537864685059
1992-07-24,8.82504940032959
1992-07-27,8.769546508789062
1992-07-28,9.10256576538086
1992-07-29,9.824110984802246
1992-07-30,10.323643684387207
1992-07-31,9.768609046936035
1992-08-03,9.657601356506348
1992-08-04,9.879615783691406
1992-08-05,9.990622520446777
1992-08-06,9.435586929321289
1992-08-07,9.324578285217285
1992-08-10,9.768609046936035
1992-08-11,9.546592712402344
1992-08-12,8.936056137084961
1992-08-13,8.8805513381958
1992-08-14,8.991560935974121
1992-08-17,8.658537864685059
1992-08-18,8.436524391174316
1992-08-19,8.270013809204102
1992-08-20,8.547532081604004
1992-08-21,8.270013809204102
1992-08-24,7.6594767570495605
1992-08-25,7.93699312210083
1992-08-26,7.992497444152832
1992-08-27,8.159008026123047
1992-08-28,7.881490707397461
1992-08-31,7.93699312210083
1992-09-01,7.770484447479248
1992-09-02,8.325517654418945
1992-09-03,8.325517654418945
1992-09-04,8.214510917663574
1992-09-08,7.881490707397461
1992-09-09,7.770484447479248
1992-09-10,7.992497444152832
1992-09-11,7.881490707397461
1992-09-14,8.658537864685059
1992-09-15,8.8805513381958
1992-09-16,8.436524391174316
1992-09-17,8.436524391174316
1992-09-18,8.714042663574219
1992-09-21,8.325517654418945
1992-09-22,7.992497444152832
1992-09-23,8.10350513458252
1992-09-24,8.214510917663574
1992-09-25,7.992497444152832
1992-09-28,7.6594767570495605
1992-09-29,7.770484447479248
1992-09-30,7.992497444152832
1992-10-01,7.881490707397461
1992-10-02,7.548468112945557
1992-10-05,7.1044416427612305
1992-10-06,7.548468112945557
1992-10-07,7.437462329864502
1992-10-08,7.548468112945557
1992-10-09,7.437462329864502
1992-10-12,7.603973388671875
1992-10-13,7.6594767570495605
1992-10-14,7.992497444152832
1992-10-15,6.993435382843018
1992-10-16,6.549408435821533
1992-10-19,6.327394008636475
1992-10-20,6.771421432495117
1992-10-21,6.88242769241333
1992-10-22,6.6049113273620605
1992-10-23,6.438400745391846
1992-10-26,6.216386795043945
1992-10-27,6.216386795043945
1992-10-28,6.216386795043945
1992-10-29,6.771421432495117
1992-10-30,7.1044416427612305
1992-11-02,6.88242769241333
1992-11-03,6.549408435821533
1992-11-04,6.216386795043945
1992-11-05,6.993435382843018
1992-11-06,7.326455116271973
1992-11-09,7.1044416427612305
1992-11-10,7.159945964813232
1992-11-11,7.1044416427612305
1992-11-12,7.215449333190918
1992-11-13,7.215449333190918
1992-11-16,7.215449333190918
1992-11-17,7.215449333190918
1992-11-18,7.1044416427612305
1992-11-19,7.215449333190918
1992-11-20,7.215449333190918
1992-11-23,7.215449333190918
1992-11-24,7.770484447479248
1992-11-25,7.992497444152832
1992-11-27,8.214510917663574
1992-11-30,8.547532081604004
1992-12-01,8.547532081604004
1992-12-02,8.436524391174316
1992-12-03,8.048001289367676
1992-12-04,7.437462329864502
1992-12-07,7.548468112945557
1992-12-08,7.603973388671875
1992-12-09,7.770484447479248
1992-12-10,7.6594767570495605
1992-12-11,7.492966651916504
1992-12-14,7.270952224731445
1992-12-15,7.548468112945557
1992-12-16,7.770484447479248
1992-12-17,7.770484447479248
1992-12-18,8.10350513458252
1992-12-21,8.10350513458252
1992-12-22,7.881490707397461
1992-12-23,7.93699312210083
1992-12-24,8.10350513458252
1992-12-28,7.992497444152832
1992-12-29,7.881490707397461
1992-12-30,7.93699312210083
1992-12-31,8.10350513458252
1993-01-04,8.769546508789062
1993-01-05,8.991560935974121
1993-01-06,8.769546508789062
1993-01-07,8.325517654418945
1993-01-08,8.381021499633789
1993-01-11,8.436524391174316
1993-01-12,8.10350513458252
1993-01-13,8.49202823638916
1993-01-14,8.547532081604004
1993-01-15,8.658537864685059
1993-01-18,8.436524391174316
1993-01-19,8.436524391174316
1993-01-20,8.547532081604004
1993-01-21,8.658537864685059
1993-01-22,8.658537864685059
1993-01-25,8.547532081604004
1993-01-26,8.769546508789062
1993-01-27,8.658537864685059
1993-01-28,8.49202823638916
1993-01-29,8.436524391174316
1993-02-01,8.381021499633789
1993-02-02,8.214510917663574
1993-02-03,8.10350513458252
1993-02-04,8.214510917663574
1993-02-05,7.992497444152832
1993-02-08,8.325517654418945
1993-02-09,6.6049113273620605
1993-02-10,6.049875736236572
1993-02-11,6.105379581451416
1993-02-12,5.994373321533203
1993-02-16,6.549408435821533
1993-02-17,6.660414218902588
1993-02-18,6.549408435821533
1993-02-19,6.771421432495117
1993-02-22,6.438400745391846
1993-02-23,6.549408435821533
1993-02-24,6.549408435821533
1993-02-25,6.771421432495117
1993-02-26,6.88242769241333
1993-03-01,7.215449333190918
1993-03-02,7.1044416427612305
1993-03-03,7.215449333190918
1993-03-04,7.437462329864502
1993-03-05,7.437462329864502
1993-03-08,7.326455116271973
1993-03-09,7.548468112945557
1993-03-10,7.881490707397461
1993-03-11,8.214510917663574
1993-03-12,7.992497444152832
1993-03-15,7.992497444152832
1993-03-16,7.825987815856934
1993-03-17,7.215449333190918
1993-03-18,7.326455116271973
1993-03-19,7.215449333190918
1993-03-22,7.1044416427612305
1993-03-23,6.660414218902588
1993-03-24,6.771421432495117
1993-03-25,7.437462329864502
1993-03-26,7.437462329864502
1993-03-29,7.6594767570495605
1993-03-30,7.437462329864502
1993-03-31,6.993435382843018
1993-04-01,7.1044416427612305
1993-04-02,7.1044416427612305
1993-04-05,6.771421432495117
1993-04-06,6.438400745391846
1993-04-07,6.327394008636475
1993-04-08,6.660414218902588
1993-04-12,6.993435382843018
1993-04-13,7.215449333190918
1993-04-14,6.993435382843018
1993-04-15,7.048938274383545
1993-04-16,6.993435382843018
1993-04-19,7.048938274383545
1993-04-20,6.937932014465332
1993-04-21,6.993435382843018
1993-04-22,6.993435382843018
1993-04-23,6.88242769241333
1993-04-26,6.993435382843018
1993-04-27,6.993435382843018
1993-04-28,6.826925277709961
1993-04-29,6.771421432495117
1993-04-30,6.660414218902588
1993-05-03,6.826925277709961
1993-05-04,6.771421432495117
1993-05-05,6.937932014465332
1993-05-06,7.326455116271973
1993-05-07,7.1044416427612305
1993-05-10,7.1044416427612305
1993-05-11,6.993435382843018
1993-05-12,7.215449333190918
1993-05-13,6.993435382843018
1993-05-14,6.993435382843018
1993-05-17,7.215449333190918
1993-05-18,7.326455116271973
1993-05-19,7.437462329864502
1993-05-20,7.437462329864502
1993-05-21,7.437462329864502
1993-05-24,7.437462329864502
1993-05-25,7.215449333190918
1993-05-26,7.215449333190918
1993-05-27,7.215449333190918
1993-05-28,7.437462329864502
1993-06-01,7.270952224731445
1993-06-02,7.326455116271973
1993-06-03,7.1044416427612305
1993-06-04,7.1044416427612305
1993-06-07,7.159945964813232
1993-06-08,7.159945964813232
1993-06-09,6.771421432495117
1993-06-10,6.549408435821533
1993-06-11,6.88242769241333
1993-06-14,6.771421432495117
1993-06-15,6.937932014465332
1993-06-16,7.1044416427612305
1993-06-17,6.826925277709961
1993-06-18,6.327394008636475
1993-06-21,6.438400745391846
1993-06-22,6.549408435821533
1993-06-23,6.660414218902588
1993-06-24,6.660414218902588
1993-06-25,6.88242769241333
1993-06-28,6.88242769241333
1993-06-29,6.771421432495117
1993-06-30,6.771421432495117
1993-07-01,6.549408435821533
1993-07-02,6.771421432495117
1993-07-06,6.660414218902588
1993-07-07,6.6049113273620605
1993-07-08,6.88242769241333
1993-07-09,6.993435382843018
1993-07-12,6.937932014465332
1993-07-13,6.993435382843018
1993-07-14,6.660414218902588
1993-07-15,6.771421432495117
1993-07-16,6.6049113273620605
1993-07-19,6.6049113273620605
1993-07-20,6.660414218902588
1993-07-21,6.6049113273620605
1993-07-22,6.4939045906066895
1993-07-23,6.438400745391846
1993-07-26,6.216386795043945
1993-07-27,6.327394008636475
1993-07-28,5.994373321533203
1993-07-29,6.216386795043945
1993-07-30,6.271890163421631
1993-08-02,5.994373321533203
1993-08-03,6.105379581451416
1993-08-04,6.327394008636475
1993-08-05,6.327394008636475
1993-08-06,6.327394008636475
1993-08-09,6.327394008636475
1993-08-10,5.994373321533203
1993-08-11,6.216386795043945
1993-08-12,6.049875736236572
1993-08-13,6.105379581451416
1993-08-16,6.105379581451416
1993-08-17,5.994373321533203
1993-08-18,6.105379581451416
1993-08-19,6.327394008636475
1993-08-20,6.88242769241333
1993-08-23,6.88242769241333
1993-08-24,6.771421432495117
1993-08-25,6.993435382843018
1993-08-26,6.993435382843018
1993-08-27,6.993435382843018
1993-08-30,6.993435382843018
1993-08-31,6.993435382843018
1993-09-01,7.326455116271973
1993-09-02,7.881490707397461
1993-09-03,8.325517654418945
1993-09-07,7.548468112945557
1993-09-08,7.437462329864502
1993-09-09,7.770484447479248
1993-09-10,8.10350513458252
1993-09-13,7.770484447479248
1993-09-14,7.6594767570495605
1993-09-15,7.548468112945557
1993-09-16,7.437462329864502
1993-09-17,7.548468112945557
1993-09-20,7.6594767570495605
1993-09-21,7.326455116271973
1993-09-22,7.437462329864502
1993-09-23,7.215449333190918
1993-09-24,7.326455116271973
1993-09-27,7.714980125427246
1993-09-28,7.881490707397461
1993-09-29,7.881490707397461
1993-09-30,7.881490707397461
1993-10-01,7.548468112945557
1993-10-04,7.6594767570495605
1993-10-05,7.437462329864502
1993-10-06,7.437462329864502
1993-10-07,7.326455116271973
1993-10-08,7.326455116271973
1993-10-11,7.326455116271973
1993-10-12,7.992497444152832
1993-10-13,8.10350513458252
1993-10-14,8.436524391174316
1993-10-15,8.10350513458252
1993-10-18,8.214510917663574
1993-10-19,8.325517654418945
1993-10-20,8.048001289367676
1993-10-21,8.10350513458252
1993-10-22,8.214510917663574
1993-10-25,8.10350513458252
1993-10-26,8.10350513458252
1993-10-27,8.10350513458252
1993-10-28,8.10350513458252
1993-10-29,8.214510917663574
1993-11-01,8.658537864685059
1993-11-02,8.991560935974121
1993-11-03,8.991560935974121
1993-11-04,8.936056137084961
1993-11-05,8.769546508789062
1993-11-08,9.10256576538086
1993-11-09,9.879615783691406
1993-11-10,10.434650421142578
1993-11-11,10.767668724060059
1993-11-12,10.212635040283203
1993-11-15,9.879615783691406
1993-11-16,10.212635040283203
1993-11-17,10.101629257202148
1993-11-18,10.101629257202148
1993-11-19,9.768609046936035
1993-11-22,9.324578285217285
1993-11-23,9.657601356506348
1993-11-24,9.990622520446777
1993-11-26,10.323643684387207
1993-11-29,9.879615783691406
1993-11-30,9.768609046936035
1993-12-01,9.879615783691406
1993-12-02,9.879615783691406
1993-12-03,9.879615783691406
1993-12-06,9.879615783691406
1993-12-07,10.212635040283203
1993-12-08,10.323643684387207
1993-12-09,10.323643684387207
1993-12-10,10.046125411987305
1993-12-13,9.879615783691406
1993-12-14,9.657601356506348
1993-12-15,9.713103294372559
1993-12-16,9.546592712402344
1993-12-17,9.879615783691406
1993-12-20,10.323643684387207
1993-12-21,10.545656204223633
1993-12-22,10.656662940979004
1993-12-23,10.656662940979004
1993-12-27,10.434650421142578
1993-12-28,10.323643684387207
1993-12-29,10.212635040283203
1993-12-30,10.212635040283203
1993-12-31,10.212635040283203
1994-01-03,9.768609046936035
1994-01-04,10.212635040283203
1994-01-05,10.323643684387207
1994-01-06,10.212635040283203
1994-01-07,10.323643684387207
1994-01-10,10.101629257202148
1994-01-11,9.990622520446777
1994-01-12,9.657601356506348
1994-01-13,9.990622520446777
1994-01-14,10.101629257202148
1994-01-17,10.212635040283203
1994-01-18,9.935118675231934
1994-01-19,9.879615783691406
1994-01-20,9.990622520446777
1994-01-21,9.879615783691406
1994-01-24,9.768609046936035
1994-01-25,9.435586929321289
1994-01-26,9.324578285217285
1994-01-27,8.8805513381958
1994-01-28,9.213573455810547
1994-01-31,9.10256576538086
1994-02-01,9.324578285217285
1994-02-02,9.324578285217285
1994-02-03,10.212635040283203
1994-02-04,10.212635040283203
1994-02-07,10.434650421142578
1994-02-08,10.545656204223633
1994-02-09,11.21169662475586
1994-02-10,10.767668724060059
1994-02-11,10.767668724060059
1994-02-14,11.100691795349121
1994-02-15,11.26720142364502
1994-02-16,10.545656204223633
1994-02-17,10.767668724060059
1994-02-18,10.989684104919434
1994-02-22,11.100691795349121
1994-02-23,11.322704315185547
1994-02-24,11.100691795349121
1994-02-25,11.766732215881348
1994-02-28,12.266263961791992
1994-03-01,12.543780326843262
1994-03-02,12.32176685333252
1994-03-03,12.543780326843262
1994-03-04,12.543780326843262
1994-03-07,12.821297645568848
1994-03-08,12.43277359008789
1994-03-09,12.43277359008789
1994-03-10,12.43277359008789
1994-03-11,12.32176685333252
1994-03-14,12.32176685333252
1994-03-15,12.43277359008789
1994-03-16,13.154317855834961
1994-03-17,13.320828437805176
1994-03-18,13.320828437805176
1994-03-21,12.65478801727295
1994-03-22,12.210759162902832
1994-03-23,12.43277359008789
1994-03-24,11.988746643066406
1994-03-25,12.543780326843262
1994-03-28,12.155256271362305
1994-03-29,11.988746643066406
1994-03-30,11.378209114074707
1994-03-31,11.544717788696289
1994-04-04,11.544717788696289
1994-04-05,12.32176685333252
1994-04-06,12.987809181213379
1994-04-07,13.209822654724121
1994-04-08,13.431835174560547
1994-04-11,12.76579475402832
1994-04-12,12.76579475402832
1994-04-13,12.43277359008789
1994-04-14,12.099751472473145
1994-04-15,11.794485092163086
1994-04-18,11.433711051940918
1994-04-19,10.767668724060059
1994-04-20,10.323643684387207
1994-04-21,10.545656204223633
1994-04-22,11.378209114074707
1994-04-25,11.766732215881348
1994-04-26,11.322704315185547
1994-04-28,11.322704315185547
1994-04-29,11.433711051940918
1994-05-02,11.711230278015137
1994-05-03,12.210759162902832
1994-05-04,12.099751472473145
1994-05-05,11.766732215881348
1994-05-06,11.21169662475586
1994-05-09,10.989684104919434
1994-05-10,11.100691795349121
1994-05-11,11.21169662475586
1994-05-12,11.21169662475586
1994-05-13,11.21169662475586
1994-05-16,10.767668724060059
1994-05-17,10.823173522949219
1994-05-18,11.433711051940918
1994-05-19,11.544717788696289
1994-05-20,11.433711051940918
1994-05-23,11.544717788696289
1994-05-24,11.489215850830078
1994-05-25,11.544717788696289
1994-05-26,11.433711051940918
1994-05-27,11.433711051940918
1994-05-31,11.322704315185547
1994-06-01,11.322704315185547
1994-06-02,11.26720142364502
1994-06-03,11.433711051940918
1994-06-06,11.045187950134277
1994-06-07,10.767668724060059
1994-06-08,10.379145622253418
1994-06-09,10.212635040283203
1994-06-10,10.212635040283203
1994-06-13,10.545656204223633
1994-06-14,10.323643684387207
1994-06-15,10.323643684387207
1994-06-16,9.990622520446777
1994-06-17,9.324578285217285
1994-06-20,9.10256576538086
1994-06-21,8.991560935974121
1994-06-22,8.8805513381958
1994-06-23,8.436524391174316
1994-06-24,8.436524391174316
1994-06-27,8.547532081604004
1994-06-28,8.325517654418945
1994-06-29,8.325517654418945
1994-06-30,8.436524391174316
1994-07-01,8.769546508789062
1994-07-05,8.436524391174316
1994-07-06,8.547532081604004
1994-07-07,8.991560935974121
1994-07-08,9.380084037780762
1994-07-11,9.546592712402344
1994-07-12,10.101629257202148
1994-07-13,10.323643684387207
1994-07-14,10.379145622253418
1994-07-15,9.657601356506348
1994-07-18,10.157132148742676
1994-07-19,9.879615783691406
1994-07-20,9.435586929321289
1994-07-21,9.269076347351074
1994-07-22,9.324578285217285
1994-07-25,9.213573455810547
1994-07-26,9.324578285217285
1994-07-27,9.213573455810547
1994-07-28,9.657601356506348
1994-07-29,10.212635040283203
1994-08-01,10.989684104919434
1994-08-02,11.21169662475586
1994-08-03,10.989684104919434
1994-08-04,10.767668724060059
1994-08-05,10.656662940979004
1994-08-08,10.878677368164062
1994-08-09,11.544717788696289
1994-08-10,11.877739906311035
1994-08-11,11.65572452545166
1994-08-12,11.544717788696289
1994-08-15,11.544717788696289
1994-08-16,11.65572452545166
1994-08-17,11.322704315185547
1994-08-18,10.989684104919434
1994-08-19,11.100691795349121
1994-08-22,10.989684104919434
1994-08-23,11.045187950134277
1994-08-24,11.100691795349121
1994-08-25,10.989684104919434
1994-08-26,10.878677368164062
1994-08-29,11.045187950134277
1994-08-30,11.21169662475586
1994-08-31,10.989684104919434
1994-09-01,11.433711051940918
1994-09-02,11.100691795349121
1994-09-06,10.878677368164062
1994-09-07,10.656662940979004
1994-09-08,10.767668724060059
1994-09-09,10.656662940979004
1994-09-12,10.767668724060059
1994-09-13,10.767668724060059
1994-09-14,10.767668724060059
1994-09-15,10.878677368164062
1994-09-16,11.100691795349121
1994-09-19,11.378209114074707
1994-09-20,11.322704315185547
1994-09-21,10.878677368164062
1994-09-22,11.100691795349121
1994-09-23,11.433711051940918
1994-09-26,11.433711051940918
1994-09-27,10.878677368164062
1994-09-28,11.100691795349121
1994-09-29,11.21169662475586
1994-09-30,11.433711051940918
1994-10-03,11.100691795349121
1994-10-04,11.322704315185547
1994-10-05,11.100691795349121
1994-10-06,11.100691795349121
1994-10-07,10.989684104919434
1994-10-10,11.322704315185547
1994-10-11,11.65572452545166
1994-10-12,11.877739906311035
1994-10-13,11.600221633911133
1994-10-14,11.544717788696289
1994-10-17,11.322704315185547
1994-10-18,11.433711051940918
1994-10-19,11.322704315185547
1994-10-20,11.378209114074707
1994-10-21,11.045187950134277
1994-10-24,10.93418025970459
1994-10-25,10.767668724060059
1994-10-26,11.100691795349121
1994-10-27,11.544717788696289
1994-10-28,12.099751472473145
1994-10-31,12.32176685333252
1994-11-01,12.543780326843262
1994-11-02,12.099751472473145
1994-11-03,12.099751472473145
1994-11-04,11.65572452545166
1994-11-07,11.322704315185547
1994-11-08,11.544717788696289
1994-11-09,11.544717788696289
1994-11-10,11.65572452545166
1994-11-11,11.65572452545166
1994-11-14,11.65572452545166
1994-11-15,11.544717788696289
1994-11-16,10.989684104919434
1994-11-17,11.21169662475586
1994-11-18,11.21169662475586
1994-11-21,11.100691795349121
1994-11-22,11.100691795349121
1994-11-23,10.656662940979004
1994-11-25,10.656662940979004
1994-11-28,10.767668724060059
1994-11-29,10.989684104919434
1994-11-30,11.322704315185547
1994-12-01,11.21169662475586
1994-12-02,11.100691795349121
1994-12-05,10.989684104919434
1994-12-06,10.989684104919434
1994-12-07,10.767668724060059
1994-12-08,10.212635040283203
1994-12-09,9.990622520446777
1994-12-12,10.545656204223633
1994-12-13,10.434650421142578
1994-12-14,10.434650421142578
1994-12-15,10.545656204223633
1994-12-16,10.323643684387207
1994-12-19,10.545656204223633
1994-12-20,10.767668724060059
1994-12-21,10.989684104919434
1994-12-22,11.045187950134277
1994-12-23,11.21169662475586
1994-12-27,11.378209114074707
1994-12-28,11.378209114074707
1994-12-29,11.21169662475586
1994-12-30,11.433711051940918
1995-01-03,10.878677368164062
1995-01-04,10.989684104919434
1995-01-05,10.989684104919434
1995-01-06,10.989684104919434
1995-01-09,11.100691795349121
1995-01-10,11.322704315185547
1995-01-11,11.128442764282227
1995-01-12,11.21169662475586
1995-01-13,11.21169662475586
1995-01-16,11.100691795349121
1995-01-17,11.100691795349121
1995-01-18,11.322704315185547
1995-01-19,11.988746643066406
1995-01-20,12.210759162902832
1995-01-23,11.544717788696289
1995-01-24,11.766732215881348
1995-01-25,12.099751472473145
1995-01-26,12.266263961791992
1995-01-27,12.37726879119873
1995-01-30,12.099751472473145
1995-01-31,11.65572452545166
1995-02-01,11.988746643066406
1995-02-02,12.43277359008789
1995-02-03,13.320828437805176
1995-02-06,13.875864028930664
1995-02-07,14.54190444946289
1995-02-08,15.096936225891113
1995-02-09,14.76391887664795
1995-02-10,14.319891929626465
1995-02-13,14.985933303833008
1995-02-14,15.540968894958496
1995-02-15,15.651975631713867
1995-02-16,14.985933303833008
1995-02-17,14.874924659729004
1995-02-21,14.319891929626465
1995-02-22,14.54190444946289
1995-02-23,15.235696792602539
1995-02-24,15.318953514099121
1995-02-27,14.985933303833008
1995-02-28,15.096936225891113
1995-03-01,15.096936225891113
1995-03-02,15.15244197845459
1995-03-03,15.87398624420166
1995-03-06,16.09600257873535
1995-03-07,15.59646987915039
1995-03-08,15.374457359313965
1995-03-09,15.20794677734375
1995-03-10,14.985933303833008
1995-03-13,15.59646987915039
1995-03-14,15.429960250854492
1995-03-15,15.20794677734375
1995-03-16,15.540968894958496
1995-03-17,15.540968894958496
1995-03-20,15.20794677734375
1995-03-21,15.096936225891113
1995-03-22,14.985933303833008
1995-03-23,15.15244197845459
1995-03-24,15.318953514099121
1995-03-27,15.15244197845459
1995-03-28,15.20794677734375
1995-03-29,14.985933303833008
1995-03-30,14.985933303833008
1995-03-31,15.096936225891113
1995-04-03,15.20794677734375
1995-04-04,15.429960250854492
1995-04-05,15.429960250854492
1995-04-06,14.985933303833008
1995-04-07,15.096936225891113
1995-04-10,15.041435241699219
1995-04-11,16.09600257873535
1995-04-12,16.42902183532715
1995-04-13,16.040496826171875
1995-04-17,16.540027618408203
1995-04-18,16.09600257873535
1995-04-19,16.318016052246094
1995-04-20,15.762981414794922
1995-04-21,15.540968894958496
1995-04-24,16.09600257873535
1995-04-25,15.929491996765137
1995-04-26,15.87398624420166
1995-04-27,16.42902183532715
1995-04-28,17.095064163208008
1995-05-01,17.70560073852539
1995-05-02,17.539093017578125
1995-05-03,17.206073760986328
1995-05-04,16.65103530883789
1995-05-05,16.59553337097168
1995-05-08,17.428085327148438
1995-05-09,17.539093017578125
1995-05-10,17.317075729370117
1995-05-11,18.20513153076172
1995-05-12,17.539093017578125
1995-05-15,17.317075729370117
1995-05-16,18.038623809814453
1995-05-17,17.7611026763916
1995-05-18,17.206073760986328
1995-05-19,17.206073760986328
1995-05-22,17.65009880065918
1995-05-23,17.7611026763916
1995-05-24,17.428085327148438
1995-05-25,17.317075729370117
1995-05-26,17.428085327148438
1995-05-30,17.539093017578125
1995-05-31,17.539093017578125
1995-06-01,17.539093017578125
1995-06-02,17.7611026763916
1995-06-05,17.788854598999023
1995-06-06,17.65009880065918
1995-06-07,17.122812271118164
1995-06-08,17.37257957458496
1995-06-09,17.317075729370117
1995-06-12,17.317075729370117
1995-06-13,17.7611026763916
1995-06-14,17.594593048095703
1995-06-15,17.37257957458496
1995-06-16,17.816606521606445
1995-06-19,19.093185424804688
1995-06-20,19.093185424804688
1995-06-21,19.53721809387207
1995-06-22,18.982181549072266
1995-06-23,19.426206588745117
1995-06-26,19.53721809387207
1995-06-27,19.093185424804688
1995-06-28,18.64915657043457
1995-06-29,19.315202713012695
1995-06-30,19.953489303588867
1995-07-03,20.09225082397461
1995-07-05,20.203258514404297
1995-07-06,19.870237350463867
1995-07-07,20.25876235961914
1995-07-10,20.31426429748535
1995-07-11,20.758291244506836
1995-07-12,21.86836051940918
1995-07-13,20.53627586364746
1995-07-14,19.814735412597656
1995-07-17,19.981245040893555
1995-07-18,19.92574119567871
1995-07-19,18.871173858642578
1995-07-20,19.870237350463867
1995-07-21,20.31426429748535
1995-07-24,20.09918785095215
1995-07-25,20.425270080566406
1995-07-26,21.091312408447266
1995-07-27,20.758291244506836
1995-07-28,21.535337448120117
1995-07-31,21.091312408447266
1995-08-01,20.980302810668945
1995-08-02,20.980302810668945
1995-08-03,20.980302810668945
1995-08-04,21.091312408447266
1995-08-07,21.091312408447266
1995-08-08,21.091312408447266
1995-08-09,21.091312408447266
1995-08-10,20.869300842285156
1995-08-11,20.647287368774414
1995-08-14,21.19538116455078
1995-08-15,20.869300842285156
1995-08-16,20.980302810668945
1995-08-17,21.202322006225586
1995-08-18,21.091312408447266
1995-08-21,21.646347045898438
1995-08-22,21.750417709350586
1995-08-23,21.535337448120117
1995-08-24,21.202322006225586
1995-08-25,21.313325881958008
1995-08-28,21.091312408447266
1995-08-29,20.425270080566406
1995-08-30,20.203258514404297
1995-08-31,20.869300842285156
1995-09-01,20.31426429748535
1995-09-05,20.25876235961914
1995-09-06,20.425270080566406
1995-09-07,20.869300842285156
1995-09-08,21.091312408447266
1995-09-11,21.202322006225586
1995-09-12,20.980302810668945
1995-09-13,20.980302810668945
1995-09-14,20.869300842285156
1995-09-15,20.869300842285156
1995-09-18,20.869300842285156
1995-09-19,21.757354736328125
1995-09-20,22.867422103881836
1995-09-21,22.645408630371094
1995-09-22,21.535337448120117
1995-09-25,21.535337448120117
1995-09-26,22.201383590698242
1995-09-27,20.869300842285156
1995-09-28,21.313325881958008
1995-09-29,21.47983741760254
1995-10-02,20.425270080566406
1995-10-03,19.315202713012695
1995-10-04,18.871173858642578
1995-10-05,19.53721809387207
1995-10-06,20.203258514404297
1995-10-09,18.64915657043457
1995-10-10,17.095064163208008
1995-10-11,17.983121871948242
1995-10-12,18.64915657043457
1995-10-13,18.427146911621094
1995-10-16,17.261571884155273
1995-10-17,17.7611026763916
1995-10-18,18.20513153076172
1995-10-19,17.983121871948242
1995-10-20,17.095064163208008
1995-10-23,16.65103530883789
1995-10-24,16.873048782348633
1995-10-25,17.095064163208008
1995-10-26,17.317075729370117
1995-10-27,17.317075729370117
1995-10-30,18.427146911621094
1995-10-31,18.14963150024414
1995-11-01,16.65103530883789
1995-11-02,16.762042999267578
1995-11-03,16.42902183532715
1995-11-06,16.20701026916504
1995-11-07,15.87398624420166
1995-11-08,15.762981414794922
1995-11-09,15.984994888305664
1995-11-10,15.096936225891113
1995-11-13,16.859172821044922
1995-11-14,16.20701026916504
1995-11-15,15.984994888305664
1995-11-16,16.415145874023438
1995-11-17,15.984994888305664
1995-11-20,16.20701026916504
1995-11-21,15.984994888305664
1995-11-22,15.984994888305664
1995-11-24,15.984994888305664
1995-11-27,16.20701026916504
1995-11-28,15.762981414794922
1995-11-29,16.873048782348633
1995-11-30,17.095064163208008
1995-12-01,16.540027618408203
1995-12-04,16.42902183532715
1995-12-05,16.42902183532715
1995-12-06,16.20701026916504
1995-12-07,16.20701026916504
1995-12-08,16.42902183532715
1995-12-11,16.65103530883789
1995-12-12,16.42902183532715
1995-12-13,16.762042999267578
1995-12-14,17.095064163208008
1995-12-15,17.095064163208008
1995-12-18,16.42902183532715
1995-12-19,15.984994888305664
1995-12-20,16.762042999267578
1995-12-21,16.65103530883789
1995-12-22,16.65103530883789
1995-12-26,16.65103530883789
1995-12-27,16.42902183532715
1995-12-28,16.42902183532715
1995-12-29,17.7611026763916
1996-01-02,17.983121871948242
1996-01-03,17.095064163208008
1996-01-04,17.317075729370117
1996-01-05,18.14963150024414
1996-01-08,18.427146911621094
1996-01-09,17.539093017578125
1996-01-10,16.42902183532715
1996-01-11,16.42902183532715
1996-01-12,16.318016052246094
1996-01-15,15.984994888305664
1996-01-16,15.762981414794922
1996-01-17,15.096936225891113
1996-01-18,14.874924659729004
1996-01-19,15.096936225891113
1996-01-22,15.762981414794922
1996-01-23,15.984994888305664
1996-01-24,16.42902183532715
1996-01-25,15.984994888305664
1996-01-26,15.984994888305664
1996-01-29,15.540968894958496
1996-01-30,16.318016052246094
1996-01-31,15.87398624420166
1996-02-01,13.320828437805176
1996-02-02,12.43277359008789
1996-02-05,12.76579475402832
1996-02-06,12.210759162902832
1996-02-07,12.099751472473145
1996-02-08,12.543780326843262
1996-02-09,11.877739906311035
1996-02-12,12.099751472473145
1996-02-13,12.099751472473145
1996-02-14,12.210759162902832
1996-02-15,11.988746643066406
1996-02-16,12.210759162902832
1996-02-20,12.210759162902832
1996-02-21,11.766732215881348
1996-02-22,13.653850555419922
1996-02-23,13.320828437805176
1996-02-26,12.876801490783691
1996-02-27,12.76579475402832
1996-02-28,12.43277359008789
1996-02-29,13.098816871643066
1996-03-01,12.876801490783691
1996-03-04,13.209822654724121
1996-03-05,12.876801490783691
1996-03-06,12.987809181213379
1996-03-07,12.43277359008789
1996-03-08,11.988746643066406
1996-03-11,12.210759162902832
1996-03-12,12.876801490783691
1996-03-13,12.76579475402832
1996-03-14,12.76579475402832
1996-03-15,12.65478801727295
1996-03-18,12.65478801727295
1996-03-19,12.987809181213379
1996-03-20,13.098816871643066
1996-03-21,14.09787654876709
1996-03-22,13.320828437805176
1996-03-25,13.098816871643066
1996-03-26,13.431835174560547
1996-03-27,13.431835174560547
1996-03-28,12.987809181213379
1996-03-29,13.542842864990234
1996-04-01,13.986870765686035
1996-04-02,14.430898666381836
1996-04-03,15.318953514099121
1996-04-04,14.985933303833008
1996-04-08,14.54190444946289
1996-04-09,14.76391887664795
1996-04-10,14.430898666381836
1996-04-11,14.319891929626465
1996-04-12,13.986870765686035
1996-04-15,14.319891929626465
1996-04-16,14.208883285522461
1996-04-17,14.208883285522461
1996-04-18,13.986870765686035
1996-04-19,13.986870765686035
1996-04-22,13.542842864990234
1996-04-23,13.209822654724121
1996-04-24,13.098816871643066
1996-04-25,13.653850555419922
1996-04-26,13.653850555419922
1996-04-29,13.653850555419922
1996-04-30,13.48733901977539
1996-05-01,13.986870765686035
1996-05-02,14.555780410766602
1996-05-03,14.652910232543945
1996-05-06,17.206073760986328
1996-05-07,16.540027618408203
1996-05-08,16.318016052246094
1996-05-09,16.262514114379883
1996-05-10,16.48452377319336
1996-05-13,16.762042999267578
1996-05-14,17.095064163208008
1996-05-15,17.317075729370117
1996-05-16,17.65009880065918
1996-05-17,17.317075729370117
1996-05-20,17.65009880065918
1996-05-21,17.74723243713379
1996-05-22,17.317075729370117
1996-05-23,17.539093017578125
1996-05-24,17.7611026763916
1996-05-28,17.539093017578125
1996-05-29,17.317075729370117
1996-05-30,18.371644973754883
1996-05-31,19.759231567382812
1996-06-03,20.31426429748535
1996-06-04,20.425270080566406
1996-06-05,20.425270080566406
1996-06-06,18.871173858642578
1996-06-07,19.426206588745117
1996-06-10,19.315202713012695
1996-06-11,18.982181549072266
1996-06-12,19.53721809387207
1996-06-13,18.982181549072266
1996-06-14,17.872112274169922
1996-06-17,17.095064163208008
1996-06-18,17.7611026763916
1996-06-19,16.873048782348633
1996-06-20,16.42902183532715
1996-06-21,16.42902183532715
1996-06-24,16.762042999267578
1996-06-25,16.762042999267578
1996-06-26,15.998870849609375
1996-06-27,15.984994888305664
1996-06-28,20.647287368774414
1996-07-01,21.091312408447266
1996-07-02,20.09225082397461
1996-07-03,19.53721809387207
1996-07-05,18.871173858642578
1996-07-08,19.48171043395996
1996-07-09,19.093185424804688
1996-07-10,18.094127655029297
1996-07-11,19.53721809387207
1996-07-12,18.20513153076172
1996-07-15,16.873048782348633
1996-07-16,17.206073760986328
1996-07-17,18.871173858642578
1996-07-18,19.093185424804688
1996-07-19,19.315202713012695
1996-07-22,18.53815269470215
1996-07-23,17.317075729370117
1996-07-24,17.317075729370117
1996-07-25,17.261571884155273
1996-07-26,17.872112274169922
1996-07-29,17.095064163208008
1996-07-30,17.428085327148438
1996-07-31,17.539093017578125
1996-08-01,17.872112274169922
1996-08-02,19.315202713012695
1996-08-05,19.315202713012695
1996-08-06,19.648221969604492
1996-08-07,19.53721809387207
1996-08-08,19.759231567382812
1996-08-09,19.315202713012695
1996-08-12,19.204195022583008
1996-08-13,18.427146911621094
1996-08-14,19.093185424804688
1996-08-15,18.64915657043457
1996-08-16,19.426206588745117
1996-08-19,20.09225082397461
1996-08-20,20.31426429748535
1996-08-21,19.870237350463867
1996-08-22,19.981245040893555
1996-08-23,20.203258514404297
1996-08-26,20.425270080566406
1996-08-27,21.757354736328125
1996-08-28,21.979368209838867
1996-08-29,21.979368209838867
1996-08-30,21.86836051940918
1996-09-03,21.646347045898438
1996-09-04,22.090375900268555
1996-09-05,21.86836051940918
1996-09-06,22.090375900268555
1996-09-09,22.201383590698242
1996-09-10,22.53440284729004
1996-09-11,21.757354736328125
1996-09-12,20.980302810668945
1996-09-13,21.313325881958008
1996-09-16,21.313325881958008
1996-09-17,21.86836051940918
1996-09-18,21.86836051940918
1996-09-19,21.36882972717285
1996-09-20,22.201383590698242
1996-09-23,22.201383590698242
1996-09-24,21.979368209838867
1996-09-25,21.979368209838867
1996-09-26,21.535337448120117
1996-09-27,21.202322006225586
1996-09-30,22.090375900268555
1996-10-01,21.757354736328125
1996-10-02,21.979368209838867
1996-10-03,21.757354736328125
1996-10-04,21.757354736328125
1996-10-07,21.757354736328125
1996-10-08,22.090375900268555
1996-10-09,21.535337448120117
1996-10-10,20.31426429748535
1996-10-11,18.982181549072266
1996-10-14,19.648221969604492
1996-10-15,18.871173858642578
1996-10-16,19.315202713012695
1996-10-17,19.093185424804688
1996-10-18,18.871173858642578
1996-10-21,17.539093017578125
1996-10-22,18.20513153076172
1996-10-23,18.094127655029297
1996-10-24,17.539093017578125
1996-10-25,17.872112274169922
1996-10-28,16.98405647277832
1996-10-29,16.20701026916504
1996-10-30,16.20701026916504
1996-10-31,16.20701026916504
1996-11-01,15.984994888305664
1996-11-04,15.762981414794922
1996-11-05,15.984994888305664
1996-11-06,16.09600257873535
1996-11-07,16.318016052246094
1996-11-08,16.762042999267578
1996-11-11,17.317075729370117
1996-11-12,17.317075729370117
1996-11-13,17.317075729370117
1996-11-14,17.095064163208008
1996-11-15,17.37257957458496
1996-11-18,17.37257957458496
1996-11-19,17.317075729370117
1996-11-20,16.98405647277832
1996-11-21,16.98405647277832
1996-11-22,16.98405647277832
1996-11-25,17.095064163208008
1996-11-26,16.873048782348633
1996-11-27,17.539093017578125
1996-11-29,17.428085327148438
1996-12-02,17.095064163208008
1996-12-03,16.65103530883789
1996-12-04,16.873048782348633
1996-12-05,16.873048782348633
1996-12-06,16.98405647277832
1996-12-09,16.7065372467041
1996-12-10,16.873048782348633
1996-12-11,16.873048782348633
1996-12-12,16.65103530883789
1996-12-13,16.09600257873535
1996-12-16,15.984994888305664
1996-12-17,15.651975631713867
1996-12-18,15.762981414794922
1996-12-19,16.09600257873535
1996-12-20,15.540968894958496
1996-12-23,15.429960250854492
1996-12-24,15.59646987915039
1996-12-26,15.20794677734375
1996-12-27,14.736167907714844
1996-12-30,14.985933303833008
1996-12-31,14.819422721862793
1997-01-02,15.540968894958496
1997-01-03,15.87398624420166
1997-01-06,15.429960250854492
1997-01-07,15.318953514099121
1997-01-08,15.20794677734375
1997-01-09,15.096936225891113
1997-01-10,14.652910232543945
1997-01-13,15.096936225891113
1997-01-14,15.096936225891113
1997-01-15,15.20794677734375
1997-01-16,14.985933303833008
1997-01-17,14.430898666381836
1997-01-20,14.430898666381836
1997-01-21,14.430898666381836
1997-01-22,15.540968894958496
1997-01-23,16.318016052246094
1997-01-24,16.09600257873535
1997-01-27,16.42902183532715
1997-01-28,15.762981414794922
1997-01-29,15.59646987915039
1997-01-30,15.429960250854492
1997-01-31,15.20794677734375
1997-02-03,14.48640251159668
1997-02-04,15.318953514099121
1997-02-05,15.984994888305664
1997-02-06,15.540968894958496
1997-02-07,15.762981414794922
1997-02-10,15.318953514099121
1997-02-11,15.096936225891113
1997-02-12,14.985933303833008
1997-02-13,14.985933303833008
1997-02-14,14.874924659729004
1997-02-18,15.20794677734375
1997-02-19,15.20794677734375
1997-02-20,15.15244197845459
1997-02-21,14.76391887664795
1997-02-24,15.20794677734375
1997-02-25,14.76391887664795
1997-02-26,14.76391887664795
1997-02-27,14.59740924835205
1997-02-28,14.54190444946289
1997-03-03,14.54190444946289
1997-03-04,14.319891929626465
1997-03-05,14.430898666381836
1997-03-06,14.54190444946289
1997-03-07,14.042375564575195
1997-03-10,14.09787654876709
1997-03-11,14.430898666381836
1997-03-12,14.153380393981934
1997-03-13,13.653850555419922
1997-03-14,13.320828437805176
1997-03-17,13.431835174560547
1997-03-18,13.098816871643066
1997-03-19,12.65478801727295
1997-03-20,12.543780326843262
1997-03-21,12.987809181213379
1997-03-24,12.65478801727295
1997-03-25,12.876801490783691
1997-03-26,13.04331111907959
1997-03-27,12.32176685333252
1997-03-31,11.877739906311035
1997-04-01,12.210759162902832
1997-04-02,12.210759162902832
1997-04-03,12.099751472473145
1997-04-04,12.32176685333252
1997-04-07,13.209822654724121
1997-04-08,13.320828437805176
1997-04-09,13.986870765686035
1997-04-10,13.653850555419922
1997-04-11,13.320828437805176
1997-04-14,13.653850555419922
1997-04-15,14.430898666381836
1997-04-16,15.318953514099121
1997-04-17,14.985933303833008
1997-04-18,14.708415985107422
1997-04-21,14.54190444946289
1997-04-22,14.430898666381836
1997-04-23,14.09787654876709
1997-04-24,13.320828437805176
1997-04-25,13.653850555419922
1997-04-28,14.09787654876709
1997-04-29,14.09787654876709
1997-04-30,14.09787654876709
1997-05-01,14.430898666381836
1997-05-02,14.985933303833008
1997-05-05,15.762981414794922
1997-05-06,16.20701026916504
1997-05-07,16.20701026916504
1997-05-08,15.984994888305664
1997-05-09,16.318016052246094
1997-05-12,16.318016052246094
1997-05-13,16.873048782348633
1997-05-14,16.873048782348633
1997-05-15,16.762042999267578
1997-05-16,16.873048782348633
1997-05-19,16.873048782348633
1997-05-20,17.317075729370117
1997-05-21,18.427146911621094
1997-05-22,18.64915657043457
1997-05-23,18.704662322998047
1997-05-27,18.53815269470215
1997-05-28,18.53815269470215
1997-05-29,17.7611026763916
1997-05-30,17.539093017578125
1997-06-02,17.539093017578125
1997-06-03,17.7611026763916
1997-06-04,18.871173858642578
1997-06-05,18.427146911621094
1997-06-06,18.20513153076172
1997-06-09,18.427146911621094
1997-06-10,17.983121871948242
1997-06-11,17.983121871948242
1997-06-12,17.983121871948242
1997-06-13,17.539093017578125
1997-06-16,18.64915657043457
1997-06-17,17.983121871948242
1997-06-18,18.094127655029297
1997-06-19,18.64915657043457
1997-06-20,19.53721809387207
1997-06-23,18.53815269470215
1997-06-24,19.426206588745117
1997-06-25,19.53721809387207
1997-06-26,19.426206588745117
1997-06-27,19.53721809387207
1997-06-30,19.981245040893555
1997-07-01,19.204195022583008
1997-07-02,18.760168075561523
1997-07-03,19.204195022583008
1997-07-07,19.981245040893555
1997-07-08,20.31426429748535
1997-07-09,20.31426429748535
1997-07-10,20.425270080566406
1997-07-11,20.758291244506836
1997-07-14,21.313325881958008
1997-07-15,20.647287368774414
1997-07-16,21.202322006225586
1997-07-17,20.980302810668945
1997-07-18,21.757354736328125
1997-07-21,21.36882972717285
1997-07-22,21.424331665039062
1997-07-23,21.535337448120117
1997-07-24,21.424331665039062
1997-07-25,21.646347045898438
1997-07-28,21.313325881958008
1997-07-29,21.646347045898438
1997-07-30,21.757354736328125
1997-07-31,21.979368209838867
1997-08-01,21.646347045898438
1997-08-04,22.201383590698242
1997-08-05,21.757354736328125
1997-08-06,21.47983741760254
1997-08-07,20.758291244506836
1997-08-08,20.09225082397461
1997-08-11,19.315202713012695
1997-08-12,21.36882972717285
1997-08-13,22.201383590698242
1997-08-14,21.757354736328125
1997-08-15,21.923864364624023
1997-08-18,21.757354736328125
1997-08-19,22.53440284729004
1997-08-20,23.089435577392578
1997-08-21,22.922922134399414
1997-08-22,22.53440284729004
1997-08-25,22.53440284729004
1997-08-26,22.31238555908203
1997-08-27,22.42339324951172
1997-08-28,22.31238555908203
1997-08-29,22.31238555908203
1997-09-02,23.089435577392578
1997-09-03,22.645408630371094
1997-09-04,22.978431701660156
1997-09-05,23.31144905090332
1997-09-08,23.31144905090332
1997-09-09,23.75547981262207
1997-09-10,23.533464431762695
1997-09-11,23.533464431762695
1997-09-12,23.31144905090332
1997-09-15,23.588970184326172
1997-09-16,23.977493286132812
1997-09-17,24.255008697509766
1997-09-18,24.64353370666504
1997-09-19,25.19856834411621
1997-09-22,25.975618362426758
1997-09-23,26.530651092529297
1997-09-24,26.64165687561035
1997-09-25,25.3095760345459
1997-09-26,26.08662223815918
1997-09-29,25.53158950805664
1997-09-30,25.753602981567383
1997-10-01,26.808170318603516
1997-10-02,27.64072036743164
1997-10-03,27.52971076965332
1997-10-06,28.19575309753418
1997-10-07,28.417766571044922
1997-10-08,27.751728057861328
1997-10-09,27.307701110839844
1997-10-10,27.307701110839844
1997-10-13,28.417766571044922
1997-10-14,28.473268508911133
1997-10-15,27.418704986572266
1997-10-16,28.08475112915039
1997-10-17,27.307701110839844
1997-10-20,27.418704986572266
1997-10-21,28.19575309753418
1997-10-22,28.97280502319336
1997-10-23,28.63978385925293
1997-10-24,31.081937789916992
1997-10-27,27.64072036743164
1997-10-28,28.63978385925293
1997-10-29,27.97374153137207
1997-10-30,27.97374153137207
1997-10-31,28.63978385925293
1997-11-03,26.64165687561035
1997-11-04,28.08475112915039
1997-11-05,27.918235778808594
1997-11-06,27.64072036743164
1997-11-07,26.919172286987305
1997-11-10,26.863670349121094
1997-11-11,26.752662658691406
1997-11-12,23.533464431762695
1997-11-13,24.86554718017578
1997-11-14,25.975618362426758
1997-11-17,26.419645309448242
1997-11-18,26.197633743286133
1997-11-19,25.19856834411621
1997-11-20,23.977493286132812
1997-11-21,24.532527923583984
1997-11-24,23.977493286132812
1997-11-25,24.421518325805664
1997-11-26,24.588029861450195
1997-11-28,25.087560653686523
1997-12-01,23.75547981262207
1997-12-02,23.75547981262207
1997-12-03,23.31144905090332
1997-12-04,23.31144905090332
1997-12-05,23.866487503051758
1997-12-08,23.200443267822266
1997-12-09,23.699974060058594
1997-12-10,22.978431701660156
1997-12-11,21.646347045898438
1997-12-12,21.81285858154297
1997-12-15,21.757354736328125
1997-12-16,25.19856834411621
1997-12-17,24.088499069213867
1997-12-18,23.866487503051758
1997-12-19,23.422460556030273
1997-12-22,23.977493286132812
1997-12-23,24.477022171020508
1997-12-24,25.087560653686523
1997-12-26,25.3095760345459
1997-12-29,24.921052932739258
1997-12-30,23.866487503051758
1997-12-31,24.088499069213867
1998-01-02,25.3095760345459
1998-01-05,26.197633743286133
1998-01-06,25.753602981567383
1998-01-07,24.86554718017578
1998-01-08,24.810043334960938
1998-01-09,23.089435577392578
1998-01-12,23.089435577392578
1998-01-13,25.087560653686523
1998-01-14,24.75453758239746
1998-01-15,25.03205680847168
1998-01-16,25.587093353271484
1998-01-20,25.53158950805664
1998-01-21,24.86554718017578
1998-01-22,22.867422103881836
1998-01-23,22.201383590698242
1998-01-26,21.47983741760254
1998-01-27,20.53627586364746
1998-01-28,21.424331665039062
1998-01-29,20.924802780151367
1998-01-30,21.091312408447266
1998-02-02,20.869300842285156
1998-02-03,22.978431701660156
1998-02-04,24.31051254272461
1998-02-05,24.421518325805664
1998-02-06,23.977493286132812
1998-02-09,23.977493286132812
1998-02-10,24.14400291442871
1998-02-11,24.19950294494629
1998-02-12,23.977493286132812
1998-02-13,24.86554718017578
1998-02-17,25.143064498901367
1998-02-18,24.86554718017578
1998-02-19,25.3095760345459
1998-02-20,25.3095760345459
1998-02-23,24.86554718017578
1998-02-24,24.75453758239746
1998-02-25,25.19856834411621
1998-02-26,25.53158950805664
1998-02-27,25.087560653686523
1998-03-02,25.087560653686523
1998-03-03,24.86554718017578
1998-03-04,24.421518325805664
1998-03-05,22.978431701660156
1998-03-06,23.25594711303711
1998-03-09,22.978431701660156
1998-03-10,22.756418228149414
1998-03-11,22.53440284729004
1998-03-12,22.201383590698242
1998-03-13,21.979368209838867
1998-03-16,23.200443267822266
1998-03-17,22.867422103881836
1998-03-18,23.422460556030273
1998-03-19,22.839672088623047
1998-03-20,23.089435577392578
1998-03-23,23.366952896118164
1998-03-24,23.200443267822266
1998-03-25,24.14400291442871
1998-03-26,24.75453758239746
1998-03-27,25.53158950805664
1998-03-30,24.31051254272461
1998-03-31,25.03205680847168
1998-04-01,25.087560653686523
1998-04-02,24.31051254272461
1998-04-03,24.421518325805664
1998-04-06,24.86554718017578
1998-04-07,24.255008697509766
1998-04-08,23.31144905090332
1998-04-09,24.86554718017578
1998-04-13,24.421518325805664
1998-04-14,22.867422103881836
1998-04-15,22.867422103881836
1998-04-16,22.31238555908203
1998-04-17,21.535337448120117
1998-04-20,19.981245040893555
1998-04-21,20.25876235961914
1998-04-22,19.204195022583008
1998-04-23,18.64915657043457
1998-04-24,18.704662322998047
1998-04-27,17.872112274169922
1998-04-28,17.65009880065918
1998-04-29,18.427146911621094
1998-04-30,17.816606521606445
1998-05-01,17.206073760986328
1998-05-04,17.7611026763916
1998-05-05,17.400331497192383
1998-05-06,16.20701026916504
1998-05-07,16.873048782348633
1998-05-08,16.42902183532715
1998-05-11,15.929491996765137
1998-05-12,15.984994888305664
1998-05-13,15.81848430633545
1998-05-14,15.87398624420166
1998-05-15,15.984994888305664
1998-05-18,15.59646987915039
1998-05-19,15.318953514099121
1998-05-20,14.874924659729004
1998-05-21,15.01368522644043
1998-05-22,14.652910232543945
1998-05-26,14.48640251159668
1998-05-27,12.821297645568848
1998-05-28,14.430898666381836
1998-05-29,13.875864028930664
1998-06-01,13.76485538482666
1998-06-02,13.653850555419922
1998-06-03,13.431835174560547
1998-06-04,13.76485538482666
1998-06-05,13.76485538482666
1998-06-08,13.76485538482666
1998-06-09,13.82036018371582
1998-06-10,13.598346710205078
1998-06-11,13.82036018371582
1998-06-12,13.098816871643066
1998-06-15,12.43277359008789
1998-06-16,12.43277359008789
1998-06-17,12.571532249450684
1998-06-18,12.43277359008789
1998-06-19,12.099751472473145
1998-06-22,12.155256271362305
1998-06-23,12.210759162902832
1998-06-24,12.099751472473145
1998-06-25,12.32176685333252
1998-06-26,11.877739906311035
1998-06-29,11.933243751525879
1998-06-30,12.32176685333252
1998-07-01,13.875864028930664
1998-07-02,13.598346710205078
1998-07-06,13.320828437805176
1998-07-07,12.821297645568848
1998-07-08,13.431835174560547
1998-07-09,13.098816871643066
1998-07-10,12.599284172058105
1998-07-13,12.987809181213379
1998-07-14,12.183009147644043
1998-07-15,14.208883285522461
1998-07-16,14.09787654876709
1998-07-17,13.154317855834961
1998-07-20,12.43277359008789
1998-07-21,13.320828437805176
1998-07-22,12.099751472473145
1998-07-23,12.044249534606934
1998-07-24,12.43277359008789
1998-07-27,12.044249534606934
1998-07-28,11.766732215881348
1998-07-29,12.044249534606934
1998-07-30,12.099751472473145
1998-07-31,11.544717788696289
1998-08-03,11.21169662475586
1998-08-04,10.878677368164062
1998-08-05,10.878677368164062
1998-08-06,11.26720142364502
1998-08-07,11.433711051940918
1998-08-10,10.601161003112793
1998-08-11,9.990622520446777
1998-08-12,9.990622520446777
1998-08-13,10.212635040283203
1998-08-14,10.26813793182373
1998-08-17,9.879615783691406
1998-08-18,10.878677368164062
1998-08-19,10.212635040283203
1998-08-20,9.990622520446777
1998-08-21,9.324578285217285
1998-08-24,9.213573455810547
1998-08-25,9.10256576538086
1998-08-26,9.047063827514648
1998-08-27,8.381021499633789
1998-08-28,8.10350513458252
1998-08-31,7.825987815856934
1998-09-01,8.10350513458252
1998-09-02,8.436524391174316
1998-09-03,8.214510917663574
1998-09-04,7.992497444152832
1998-09-08,9.15807056427002
1998-09-09,8.10350513458252
1998-09-10,8.048001289367676
1998-09-11,8.769546508789062
1998-09-14,8.214510917663574
1998-09-15,8.381021499633789
1998-09-16,8.10350513458252
1998-09-17,8.020248413085938
1998-09-18,7.867614269256592
1998-09-21,7.1044416427612305
1998-09-22,7.437462329864502
1998-09-23,7.881490707397461
1998-09-24,7.603973388671875
1998-09-25,7.548468112945557
1998-09-28,7.770484447479248
1998-09-29,8.10350513458252
1998-09-30,7.270952224731445
1998-10-01,7.492966651916504
1998-10-02,7.590097427368164
1998-10-05,7.270952224731445
1998-10-06,6.826925277709961
1998-10-07,6.660414218902588
1998-10-08,6.216386795043945
1998-10-09,6.133131980895996
1998-10-12,6.216386795043945
1998-10-13,7.048938274383545
1998-10-14,8.10350513458252
1998-10-15,7.548468112945557
1998-10-16,7.992497444152832
1998-10-19,7.6594767570495605
1998-10-20,7.770484447479248
1998-10-21,7.437462329864502
1998-10-22,7.326455116271973
1998-10-23,7.992497444152832
1998-10-26,8.214510917663574
1998-10-27,7.992497444152832
1998-10-28,8.325517654418945
1998-10-29,8.381021499633789
1998-10-30,8.325517654418945
1998-11-02,9.463339805603027
1998-11-03,10.101629257202148
1998-11-04,9.990622520446777
1998-11-05,9.491090774536133
1998-11-06,9.324578285217285
1998-11-09,9.380084037780762
1998-11-10,9.15807056427002
1998-11-11,8.575284004211426
1998-11-12,8.658537864685059
1998-11-13,8.658537864685059
1998-11-16,8.769546508789062
1998-11-17,8.436524391174316
1998-11-18,8.214510917663574
1998-11-19,8.075753211975098
1998-11-20,7.992497444152832
1998-11-23,8.547532081604004
1998-11-24,8.714042663574219
1998-11-25,7.992497444152832
1998-11-27,8.658537864685059
1998-11-30,7.881490707397461
1998-12-01,7.770484447479248
1998-12-02,7.881490707397461
1998-12-03,8.10350513458252
1998-12-04,7.881490707397461
1998-12-07,7.603973388671875
1998-12-08,7.437462329864502
1998-12-09,7.326455116271973
1998-12-10,7.326455116271973
1998-12-11,7.326455116271973
1998-12-14,6.88242769241333
1998-12-15,6.88242769241333
1998-12-16,6.660414218902588
1998-12-17,7.048938274383545
1998-12-18,7.1321940422058105
1998-12-21,6.715917587280273
1998-12-22,7.326455116271973
1998-12-23,7.159945964813232
1998-12-24,7.215449333190918
1998-12-28,8.10350513458252
1998-12-29,7.326455116271973
1998-12-30,7.6594767570495605
1998-12-31,7.992497444152832
1999-01-04,8.10350513458252
1999-01-05,8.381021499633789
1999-01-06,8.8805513381958
1999-01-07,8.35326862335205
1999-01-08,9.324578285217285
1999-01-11,9.10256576538086
1999-01-12,8.991560935974121
1999-01-13,9.768609046936035
1999-01-14,9.768609046936035
1999-01-15,9.435586929321289
1999-01-19,9.879615783691406
1999-01-20,10.656662940979004
1999-01-21,10.379145622253418
1999-01-22,10.212635040283203
1999-01-25,11.26720142364502
1999-01-26,10.878677368164062
1999-01-27,10.212635040283203
1999-01-28,10.157132148742676
1999-01-29,11.322704315185547
1999-02-01,11.21169662475586
1999-02-02,10.323643684387207
1999-02-03,10.545656204223633
1999-02-04,10.212635040283203
1999-02-05,10.212635040283203
1999-02-08,10.767668724060059
1999-02-09,9.990622520446777
1999-02-10,10.656662940979004
1999-02-11,10.490151405334473
1999-02-12,10.184882164001465
1999-02-16,9.824110984802246
1999-02-17,9.824110984802246
1999-02-18,9.879615783691406
1999-02-19,10.323643684387207
1999-02-22,10.157132148742676
1999-02-23,10.101629257202148
1999-02-24,9.768609046936035
1999-02-25,9.768609046936035
1999-02-26,9.879615783691406
1999-03-01,10.712165832519531
1999-03-02,11.433711051940918
1999-03-03,11.045187950134277
1999-03-04,11.156192779541016
1999-03-05,11.100691795349121
1999-03-08,10.823173522949219
1999-03-09,10.656662940979004
1999-03-10,10.379145622253418
1999-03-11,10.212635040283203
1999-03-12,10.101629257202148
1999-03-15,10.157132148742676
1999-03-16,10.212635040283203
1999-03-17,10.545656204223633
1999-03-18,10.323643684387207
1999-03-19,10.989684104919434
1999-03-22,11.711230278015137
1999-03-23,11.100691795349121
1999-03-24,11.322704315185547
1999-03-25,11.405960083007812
1999-03-26,10.656662940979004
1999-03-29,11.156192779541016
1999-03-30,11.100691795349121
1999-03-31,11.100691795349121
1999-04-01,11.100691795349121
1999-04-05,11.100691795349121
1999-04-06,11.572468757629395
1999-04-07,11.572468757629395
1999-04-08,11.21169662475586
1999-04-09,11.711230278015137
1999-04-12,11.988746643066406
1999-04-13,11.988746643066406
1999-04-14,12.821297645568848
1999-04-15,11.711230278015137
1999-04-16,11.766732215881348
1999-04-19,11.5169677734375
1999-04-20,11.489215850830078
1999-04-21,11.572468757629395
1999-04-22,11.21169662475586
1999-04-23,11.21169662475586
1999-04-26,11.433711051940918
1999-04-27,11.988746643066406
1999-04-28,12.65478801727295
1999-04-29,12.543780326843262
1999-04-30,12.488276481628418
1999-05-03,12.821297645568848
1999-05-04,12.849048614501953
1999-05-05,12.821297645568848
1999-05-06,13.04331111907959
1999-05-07,13.320828437805176
1999-05-10,14.847174644470215
1999-05-11,16.98405647277832
1999-05-12,16.873048782348633
1999-05-13,17.428085327148438
1999-05-14,16.59553337097168
1999-05-17,16.65103530883789
1999-05-18,15.87398624420166
1999-05-19,15.318953514099121
1999-05-20,15.762981414794922
1999-05-21,15.87398624420166
1999-05-24,15.901739120483398
1999-05-25,15.096936225891113
1999-05-26,14.930429458618164
1999-05-27,14.874924659729004
1999-05-28,14.652910232543945
1999-06-01,16.040496826171875
1999-06-02,15.540968894958496
1999-06-03,15.15244197845459
1999-06-04,14.930429458618164
1999-06-07,15.59646987915039
1999-06-08,15.263449668884277
1999-06-09,15.485464096069336
1999-06-10,14.985933303833008
1999-06-11,15.041435241699219
1999-06-14,14.54190444946289
1999-06-15,15.318953514099121
1999-06-16,15.263449668884277
1999-06-17,15.263449668884277
1999-06-18,14.930429458618164
1999-06-21,15.318953514099121
1999-06-22,15.540968894958496
1999-06-23,15.707476615905762
1999-06-24,15.651975631713867
1999-06-25,16.20701026916504
1999-06-28,16.98405647277832
1999-06-29,17.7611026763916
1999-06-30,18.815670013427734
1999-07-01,18.95442771911621
1999-07-02,18.871173858642578
1999-07-06,19.759231567382812
1999-07-07,18.982181549072266
1999-07-08,18.871173858642578
1999-07-09,17.539093017578125
1999-07-12,18.482650756835938
1999-07-13,18.14963150024414
1999-07-14,17.983121871948242
1999-07-15,17.65009880065918
1999-07-16,20.203258514404297
1999-07-19,20.36976432800293
1999-07-20,20.09225082397461
1999-07-21,19.814735412597656
1999-07-22,18.871173858642578
1999-07-23,19.093185424804688
1999-07-26,19.204195022583008
1999-07-27,17.539093017578125
1999-07-28,17.7611026763916
1999-07-29,18.038623809814453
1999-07-30,18.427146911621094
1999-08-02,17.788854598999023
1999-08-03,17.428085327148438
1999-08-04,16.845300674438477
1999-08-05,16.20701026916504
1999-08-06,16.42902183532715
1999-08-09,16.42902183532715
1999-08-10,15.984994888305664
1999-08-11,16.65103530883789
1999-08-12,16.734291076660156
1999-08-13,16.762042999267578
1999-08-16,16.873048782348633
1999-08-17,17.7611026763916
1999-08-18,17.317075729370117
1999-08-19,17.317075729370117
1999-08-20,17.7611026763916
1999-08-23,17.816606521606445
1999-08-24,17.37257957458496
1999-08-25,17.206073760986328
1999-08-26,17.788854598999023
1999-08-27,17.37257957458496
1999-08-30,17.317075729370117
1999-08-31,17.15056800842285
1999-09-01,17.539093017578125
1999-09-02,17.428085327148438
1999-09-03,17.65009880065918
1999-09-07,17.37257957458496
1999-09-08,17.7611026763916
1999-09-09,17.7611026763916
1999-09-10,17.7611026763916
1999-09-13,17.7611026763916
1999-09-14,17.983121871948242
1999-09-15,17.816606521606445
1999-09-16,17.261571884155273
1999-09-17,17.872112274169922
1999-09-20,17.539093017578125
1999-09-21,17.7611026763916
1999-09-22,17.428085327148438
1999-09-23,17.095064163208008
1999-09-24,17.17831802368164
1999-09-27,17.15056800842285
1999-09-28,17.428085327148438
1999-09-29,18.53815269470215
1999-09-30,20.14775276184082
1999-10-01,20.203258514404297
1999-10-04,21.757354736328125
1999-10-05,22.090375900268555
1999-10-06,22.728662490844727
1999-10-07,23.25594711303711
1999-10-08,22.922922134399414
1999-10-11,23.50571060180664
1999-10-12,22.034870147705078
1999-10-13,22.201383590698242
1999-10-14,23.200443267822266
1999-10-15,24.14400291442871
1999-10-18,25.753602981567383
1999-10-19,25.670347213745117
1999-10-20,25.17081642150879
1999-10-21,24.31051254272461
1999-10-22,25.19856834411621
1999-10-25,24.421518325805664
1999-10-26,24.032997131347656
1999-10-27,23.866487503051758
1999-10-28,24.726789474487305
1999-10-29,24.64353370666504
1999-11-01,25.254072189331055
1999-11-02,25.3095760345459
1999-11-03,25.753602981567383
1999-11-04,27.862735748291016
1999-11-05,28.14025115966797
1999-11-08,28.417766571044922
1999-11-09,28.417766571044922
1999-11-10,27.418704986572266
1999-11-11,28.750789642333984
1999-11-12,28.417766571044922
1999-11-15,28.861797332763672
1999-11-16,28.695283889770508
1999-11-17,28.861797332763672
1999-11-18,29.1948184967041
1999-11-19,28.91729736328125
1999-11-22,28.91729736328125
1999-11-23,28.91729736328125
1999-11-24,28.501028060913086
1999-11-26,28.63978385925293
1999-11-29,28.584278106689453
1999-11-30,28.750789642333984
1999-12-01,28.029245376586914
1999-12-02,27.64072036743164
1999-12-03,28.14025115966797
1999-12-06,27.196693420410156
1999-12-07,25.864608764648438
1999-12-08,28.861797332763672
1999-12-09,28.473268508911133
1999-12-10,28.306760787963867
1999-12-13,28.19575309753418
1999-12-14,27.474212646484375
1999-12-15,28.417766571044922
1999-12-16,28.417766571044922
1999-12-17,29.30582046508789
1999-12-20,30.360389709472656
1999-12-21,31.081937789916992
1999-12-22,31.525962829589844
1999-12-23,33.19106674194336
1999-12-27,37.35382843017578
1999-12-28,37.4648323059082
1999-12-29,37.63134002685547
1999-12-30,36.60452651977539
1999-12-31,35.966243743896484
2000-01-03,34.99492645263672
2000-01-04,34.495399475097656
2000-01-05,33.746097564697266
2000-01-06,33.19106674194336
2000-01-07,33.30207061767578
2000-01-10,34.13462829589844
2000-01-11,34.106868743896484
2000-01-12,35.5222053527832
2000-01-13,36.60452651977539
2000-01-14,36.41026306152344
2000-01-18,36.85429382324219
2000-01-19,37.24282455444336
2000-01-20,38.07537078857422
2000-01-21,39.12993240356445
2000-01-24,39.85148239135742
2000-01-25,38.9356689453125
2000-01-26,37.131813049316406
2000-01-27,38.186370849609375
2000-01-28,39.102176666259766
2000-01-31,36.188255310058594
2000-02-01,36.8265380859375
2000-02-02,36.41026306152344
2000-02-03,29.30582046508789
2000-02-04,20.61953353881836
2000-02-07,20.41139793395996
2000-02-08,19.648221969604492
2000-02-09,19.25969886779785
2000-02-10,19.53721809387207
2000-02-11,18.815670013427734
2000-02-14,18.12187957763672
2000-02-15,18.787918090820312
2000-02-16,18.64915657043457
2000-02-17,18.64915657043457
2000-02-18,19.426206588745117
2000-02-22,20.036746978759766
2000-02-23,21.313325881958008
2000-02-24,21.81285858154297
2000-02-25,20.508527755737305
2000-02-28,19.67597198486328
2000-02-29,20.203258514404297
2000-03-01,19.009933471679688
2000-03-02,19.509464263916016
2000-03-03,19.426206588745117
2000-03-06,20.036746978759766
2000-03-07,19.37070655822754
2000-03-08,18.815670013427734
2000-03-09,18.482650756835938
2000-03-10,18.14963150024414
2000-03-13,18.20513153076172
2000-03-14,17.6778507232666
2000-03-15,19.315202713012695
2000-03-16,19.315202713012695
2000-03-17,18.982181549072266
2000-03-20,18.982181549072266
2000-03-21,18.59365463256836
2000-03-22,18.815670013427734
2000-03-23,18.482650756835938
2000-03-24,17.539093017578125
2000-03-27,18.31614112854004
2000-03-28,17.7611026763916
2000-03-29,18.64915657043457
2000-03-30,17.816606521606445
2000-03-31,15.984994888305664
2000-04-03,15.929491996765137
2000-04-04,17.7611026763916
2000-04-05,17.70560073852539
2000-04-06,17.983121871948242
2000-04-07,18.59365463256836
2000-04-10,17.983121871948242
2000-04-11,18.760168075561523
2000-04-12,18.20513153076172
2000-04-13,17.428085327148438
2000-04-14,17.9276180267334
2000-04-17,18.53815269470215
2000-04-18,19.53721809387207
2000-04-19,19.759231567382812
2000-04-20,20.09225082397461
2000-04-24,19.870237350463867
2000-04-25,21.091312408447266
2000-04-26,20.647287368774414
2000-04-27,22.756418228149414
2000-04-28,23.089435577392578
2000-05-01,24.14400291442871
2000-05-02,23.25594711303711
2000-05-03,21.257822036743164
2000-05-04,21.535337448120117
2000-05-05,22.31238555908203
2000-05-08,21.535337448120117
2000-05-09,23.25594711303711
2000-05-10,21.535337448120117
2000-05-11,23.422460556030273
2000-05-12,22.922922134399414
2000-05-15,23.200443267822266
2000-05-16,23.866487503051758
2000-05-17,23.644472122192383
2000-05-18,23.81098175048828
2000-05-19,23.089435577392578
2000-05-22,21.86836051940918
2000-05-23,22.867422103881836
2000-05-24,22.201383590698242
2000-05-25,20.480772018432617
2000-05-26,22.201383590698242
2000-05-30,22.811920166015625
2000-05-31,23.477962493896484
2000-06-01,23.977493286132812
2000-06-02,24.19950294494629
2000-06-05,24.088499069213867
2000-06-06,24.421518325805664
2000-06-07,23.866487503051758
2000-06-08,24.64353370666504
2000-06-09,26.752662658691406
2000-06-12,26.25313377380371
2000-06-13,26.475147247314453
2000-06-14,26.752662658691406
2000-06-15,27.58521842956543
2000-06-16,28.19575309753418
2000-06-19,27.196693420410156
2000-06-20,26.475147247314453
2000-06-21,27.08568572998047
2000-06-22,27.08568572998047
2000-06-23,26.97467803955078
2000-06-26,28.861797332763672
2000-06-27,30.082870483398438
2000-06-28,32.41402053833008
2000-06-29,29.30582046508789
2000-06-30,30.915422439575195
2000-07-03,30.4158935546875
2000-07-05,32.025489807128906
2000-07-06,30.859920501708984
2000-07-07,33.91261291503906
2000-07-10,33.30207061767578
2000-07-11,32.747039794921875
2000-07-12,33.63508987426758
2000-07-13,36.188255310058594
2000-07-14,35.41120147705078
2000-07-17,35.46670913696289
2000-07-18,35.30019760131836
2000-07-19,36.354759216308594
2000-07-20,38.019866943359375
2000-07-21,37.4648323059082
2000-07-24,37.131813049316406
2000-07-25,34.4676513671875
2000-07-26,37.020809173583984
2000-07-27,35.46670913696289
2000-07-28,35.244693756103516
2000-07-31,37.020809173583984
2000-08-01,36.965301513671875
2000-08-02,33.746097564697266
2000-08-03,35.3557014465332
2000-08-04,33.746097564697266
2000-08-07,35.13368606567383
2000-08-08,34.3011360168457
2000-08-09,32.96904754638672
2000-08-10,32.691532135009766
2000-08-11,32.913551330566406
2000-08-14,32.7747917175293
2000-08-15,32.830291748046875
2000-08-16,32.913551330566406
2000-08-17,32.913551330566406
2000-08-18,32.80253982543945
2000-08-21,32.30301284790039
2000-08-22,32.41402053833008
2000-08-23,34.634151458740234
2000-08-24,34.24562454223633
2000-08-25,33.524085998535156
2000-08-28,34.3011360168457
2000-08-29,37.52033615112305
2000-08-30,37.96436309814453
2000-08-31,38.74141311645508
2000-09-01,38.186370849609375
2000-09-05,37.63134002685547
2000-09-06,37.4648323059082
2000-09-07,37.96436309814453
2000-09-08,36.79878616333008
2000-09-11,35.41120147705078
2000-09-12,36.63228225708008
2000-09-13,37.63134002685547
2000-09-14,38.46389389038086
2000-09-15,37.52033615112305
2000-09-18,36.743289947509766
2000-09-19,36.79878616333008
2000-09-20,37.409324645996094
2000-09-21,42.51564407348633
2000-09-22,41.96060562133789
2000-09-25,46.62289810180664
2000-09-26,44.069740295410156
2000-09-27,43.015174865722656
2000-09-28,45.29081726074219
2000-09-29,48.176998138427734
2000-10-02,48.39900588989258
2000-10-03,47.39994812011719
2000-10-04,46.06787109375
2000-10-05,44.2085075378418
2000-10-06,42.40464401245117
2000-10-09,42.12712860107422
2000-10-10,39.85148239135742
2000-10-11,38.907920837402344
2000-10-12,39.740474700927734
2000-10-13,43.84772872924805
2000-10-16,41.57209014892578
2000-10-17,39.740474700927734
2000-10-18,41.128055572509766
2000-10-19,44.29176330566406
2000-10-20,44.84678649902344
2000-10-23,44.79128646850586
2000-10-24,44.23625183105469
2000-10-25,42.460140228271484
2000-10-26,42.12712860107422
2000-10-27,42.34913635253906
2000-10-30,41.68309020996094
2000-10-31,47.954986572265625
2000-11-01,44.069740295410156
2000-11-02,44.84678649902344
2000-11-03,44.84678649902344
2000-11-06,42.18262481689453
2000-11-07,42.68215560913086
2000-11-08,42.01611328125
2000-11-09,41.18355941772461
2000-11-10,38.019866943359375
2000-11-13,36.85429382324219
2000-11-14,36.41026306152344
2000-11-15,40.01799392700195
2000-11-16,36.85429382324219
2000-11-17,36.077247619628906
2000-11-20,34.856170654296875
2000-11-21,34.190128326416016
2000-11-22,32.80253982543945
2000-11-24,34.634151458740234
2000-11-27,33.30207061767578
2000-11-28,31.303951263427734
2000-11-29,29.1948184967041
2000-11-30,27.97374153137207
2000-12-01,28.08475112915039
2000-12-04,28.528776168823242
2000-12-05,33.524085998535156
2000-12-06,32.30301284790039
2000-12-07,31.74797248840332
2000-12-08,35.3557014465332
2000-12-11,38.29738235473633
2000-12-12,32.58052444458008
2000-12-13,29.860858917236328
2000-12-14,29.25031852722168
2000-12-15,27.196693420410156
2000-12-18,27.363201141357422
2000-12-19,26.863670349121094
2000-12-20,24.421518325805664
2000-12-21,23.14493751525879
2000-12-22,25.420583724975586
2000-12-26,24.18562889099121
2000-12-27,23.366952896118164
2000-12-28,25.254072189331055
2000-12-29,26.97467803955078
2001-01-02,23.977493286132812
2001-01-03,26.752662658691406
2001-01-04,24.86554718017578
2001-01-05,25.143064498901367
2001-01-08,25.587093353271484
2001-01-09,25.420583724975586
2001-01-10,27.030181884765625
2001-01-11,29.472335815429688
2001-01-12,30.30488395690918
2001-01-16,30.970928192138672
2001-01-17,32.41402053833008
2001-01-18,35.022674560546875
2001-01-19,33.746097564697266
2001-01-22,32.08099365234375
2001-01-23,33.080055236816406
2001-01-24,33.02455520629883
2001-01-25,31.470457077026367
2001-01-26,31.081937789916992
2001-01-29,32.1920051574707
2001-01-30,32.63603210449219
2001-01-31,31.74797248840332
2001-02-01,29.25031852722168
2001-02-02,26.808170318603516
2001-02-05,26.64165687561035
2001-02-06,26.364139556884766
2001-02-07,26.64165687561035
2001-02-08,25.864608764648438
2001-02-09,22.700912475585938
2001-02-12,23.644472122192383
2001-02-13,23.200443267822266
2001-02-14,22.922922134399414
2001-02-15,25.476085662841797
2001-02-16,23.422460556030273
2001-02-20,21.14681625366211
2001-02-21,19.59272003173828
2001-02-22,19.25969886779785
2001-02-23,20.980302810668945
2001-02-26,21.646347045898438
2001-02-27,19.759231567382812
2001-02-28,19.093185424804688
2001-03-01,19.315202713012695
2001-03-02,19.426206588745117
2001-03-05,19.981245040893555
2001-03-06,21.257822036743164
2001-03-07,19.648221969604492
2001-03-08,21.313325881958008
2001-03-09,20.09225082397461
2001-03-12,18.482650756835938
2001-03-13,19.48171043395996
2001-03-14,18.64915657043457
2001-03-15,18.64915657043457
2001-03-16,17.039562225341797
2001-03-19,18.64915657043457
2001-03-20,18.53815269470215
2001-03-21,17.70560073852539
2001-03-22,17.65009880065918
2001-03-23,19.648221969604492
2001-03-26,19.53721809387207
2001-03-27,19.03768539428711
2001-03-28,17.428085327148438
2001-03-29,17.428085327148438
2001-03-30,18.20513153076172
2001-04-02,16.928552627563477
2001-04-03,15.87398624420166
2001-04-04,15.374457359313965
2001-04-05,16.373519897460938
2001-04-06,15.651975631713867
2001-04-09,15.860668182373047
2001-04-10,16.002756118774414
2001-04-11,16.5178279876709
2001-04-12,16.65103530883789
2001-04-16,15.656412124633789
2001-04-17,15.230149269104004
2001-04-18,15.212385177612305
2001-04-19,18.560354232788086
2001-04-20,17.95647430419922
2001-04-23,17.18387222290039
2001-04-24,17.46804428100586
2001-04-25,17.7611026763916
2001-04-26,19.65266227722168
2001-04-27,19.77699089050293
2001-04-30,21.775115966796875
2001-05-01,20.32758331298828
2001-05-02,19.67042350769043
2001-05-03,18.93333625793457
2001-05-04,19.794750213623047
2001-05-07,19.714826583862305
2001-05-08,20.256540298461914
2001-05-09,19.270797729492188
2001-05-10,17.849912643432617
2001-05-11,16.82864761352539
2001-05-14,16.30469512939453
2001-05-15,17.166107177734375
2001-05-16,17.672300338745117
2001-05-17,17.805503845214844
2001-05-18,17.601255416870117
2001-05-21,21.091312408447266
2001-05-22,20.780492782592773
2001-05-23,20.070049285888672
2001-05-24,20.3453426361084
2001-05-25,19.626020431518555
2001-05-29,20.061168670654297
2001-05-30,19.17311668395996
2001-05-31,18.551471710205078
2001-06-01,19.572738647460938
2001-06-04,19.093185424804688
2001-06-05,20.16773223876953
2001-06-06,19.661542892456055
2001-06-07,19.794750213623047
2001-06-08,20.29206085205078
2001-06-11,19.53721809387207
2001-06-12,19.137588500976562
2001-06-13,19.031024932861328
2001-06-14,18.2939395904541
2001-06-15,17.663419723510742
2001-06-18,18.22289276123047
2001-06-19,17.4058837890625
2001-06-20,17.272674560546875
2001-06-21,15.771860122680664
2001-06-22,15.096936225891113
2001-06-25,14.661792755126953
2001-06-26,14.040154457092285
2001-06-27,14.279929161071777
2001-06-28,14.24440860748291
2001-06-29,14.475300788879395
2001-07-02,14.164482116699219
2001-07-03,14.208883285522461
2001-07-05,14.510821342468262
2001-07-06,14.120078086853027
2001-07-09,14.990373611450195
2001-07-10,14.013510704040527
2001-07-11,14.146719932556152
2001-07-12,15.052536964416504
2001-07-13,14.990373611450195
2001-07-16,14.830521583557129
2001-07-17,14.617389678955078
2001-07-18,13.755974769592285
2001-07-19,13.587246894836426
2001-07-20,15.114700317382812
2001-07-23,15.45216178894043
2001-07-24,15.71857738494873
2001-07-25,16.13596534729004
2001-07-26,17.494688034057617
2001-07-27,17.965356826782227
2001-07-30,17.636775970458984
2001-07-31,17.432525634765625
2001-08-01,17.690061569213867
2001-08-02,17.7611026763916
2001-08-03,18.64027976989746
2001-08-06,18.64027976989746
2001-08-07,18.595874786376953
2001-08-08,17.74334716796875
2001-08-09,17.849912643432617
2001-08-10,19.750347137451172
2001-08-13,19.563858032226562
2001-08-14,19.58161735534668
2001-08-15,19.181995391845703
2001-08-16,18.64027976989746
2001-08-17,18.5781192779541
2001-08-20,18.49818992614746
2001-08-21,17.42364501953125
2001-08-22,18.66692352294922
2001-08-23,18.65804100036621
2001-08-24,19.17311668395996
2001-08-27,19.261919021606445
2001-08-28,18.77348518371582
2001-08-29,17.84103012084961
2001-08-30,17.4058837890625
2001-08-31,18.080806732177734
2001-09-04,17.228273391723633
2001-09-05,16.384620666503906
2001-09-06,15.913949012756348
2001-09-07,15.567608833312988
2001-09-10,15.487685203552246
2001-09-17,14.590747833251953
2001-09-18,14.164482116699219
2001-09-19,14.413137435913086
2001-09-20,14.093437194824219
2001-09-21,12.876801490783691
2001-09-24,13.285306930541992
2001-09-25,13.587246894836426
2001-09-26,13.43627643585205
2001-09-27,13.098816871643066
2001-09-28,12.530460357666016
2001-10-01,11.065167427062988
2001-10-02,11.82889461517334
2001-10-03,13.036651611328125
2001-10-04,12.859038352966309
2001-10-05,12.9034423828125
2001-10-08,12.379488945007324
2001-10-09,11.100691795349121
2001-10-10,12.388371467590332
2001-10-11,13.098816871643066
2001-10-12,12.104192733764648
2001-10-15,12.477176666259766
2001-10-16,13.596125602722168
2001-10-17,13.232022285461426
2001-10-18,13.018890380859375
2001-10-19,13.089933395385742
2001-10-22,13.915826797485352
2001-10-23,14.386496543884277
2001-10-24,14.555224418640137
2001-10-25,15.008131980895996
2001-10-26,15.45216178894043
2001-10-29,14.235523223876953
2001-10-30,13.454034805297852
2001-10-31,13.684930801391602
2001-11-01,14.075675964355469
2001-11-02,14.137840270996094
2001-11-05,14.395374298095703
2001-11-06,14.581867218017578
2001-11-07,14.386496543884277
2001-11-08,14.963729858398438
2001-11-09,14.857163429260254
2001-11-12,14.262166023254395
2001-11-13,14.892687797546387
2001-11-14,15.29231071472168
2001-11-15,14.99925422668457
2001-11-16,15.36335563659668
2001-11-19,15.532087326049805
2001-11-20,14.69731330871582
2001-11-21,14.430898666381836
2001-11-23,14.706191062927246
2001-11-26,14.448660850524902
2001-11-27,13.631649017333984
2001-11-28,13.418513298034668
2001-11-29,13.036651611328125
2001-11-30,13.3119478225708
2001-12-03,12.841279983520508
2001-12-04,13.054412841796875
2001-12-05,13.773737907409668
2001-12-06,14.777239799499512
2001-12-07,14.732837677001953
2001-12-10,14.439778327941895
2001-12-11,14.333209991455078
2001-12-12,14.173360824584961
2001-12-13,14.057914733886719
2001-12-14,14.208883285522461
2001-12-17,14.768356323242188
2001-12-18,14.812761306762695
2001-12-19,14.031272888183594
2001-12-20,13.098816871643066
2001-12-21,13.045531272888184
2001-12-24,13.720454216003418
2001-12-26,13.977989196777344
2001-12-27,14.46642017364502
2001-12-28,15.088057518005371
2001-12-31,14.386496543884277
2002-01-02,14.37761402130127
2002-01-03,15.185745239257812
2002-01-04,15.674175262451172
2002-01-07,15.905071258544922
2002-01-08,16.11820411682129
2002-01-09,16.07379722595215
2002-01-10,15.212385177612305
2002-01-11,15.416638374328613
2002-01-14,15.549846649169922
2002-01-15,15.549846649169922
2002-01-16,15.052536964416504
2002-01-17,14.555224418640137
2002-01-18,13.76485538482666
2002-01-22,13.276426315307617
2002-01-23,13.818140029907227
2002-01-24,14.031272888183594
2002-01-25,14.24440860748291
2002-01-28,13.862543106079102
2002-01-29,13.560603141784668
2002-01-30,13.39187240600586
2002-01-31,13.986870765686035
2002-02-01,13.76485538482666
2002-02-04,12.708072662353516
2002-02-05,13.303067207336426
2002-02-06,12.8501615524292
2002-02-07,12.708072662353516
2002-02-08,13.169858932495117
2002-02-11,13.578365325927734
2002-02-12,13.036651611328125
2002-02-13,12.95672607421875
2002-02-14,12.805758476257324
2002-02-15,12.565980911254883
2002-02-19,12.148595809936523
2002-02-20,11.731208801269531
2002-02-21,10.816512107849121
2002-02-22,11.340465545654297
2002-02-25,11.41150951385498
2002-02-26,11.136211395263672
2002-02-27,10.923079490661621
2002-02-28,10.878677368164062
2002-03-01,10.914199829101562
2002-03-04,11.313824653625488
2002-03-05,11.633522987365723
2002-03-06,12.121953010559082
2002-03-07,13.47179889678955
2002-03-08,14.883807182312012
2002-03-11,14.475300788879395
2002-03-12,14.057914733886719
2002-03-13,13.92470645904541
2002-03-14,14.031272888183594
2002-03-15,14.031272888183594
2002-03-18,14.111198425292969
2002-03-19,14.208883285522461
2002-03-20,14.359851837158203
2002-03-21,14.519702911376953
2002-03-22,14.493062019348145
2002-03-25,14.031272888183594
2002-03-26,14.430898666381836
2002-03-27,14.555224418640137
2002-03-28,15.008131980895996
2002-04-01,14.617389678955078
2002-04-02,14.519702911376953
2002-04-03,14.590747833251953
2002-04-04,14.519702911376953
2002-04-05,14.262166023254395
2002-04-08,14.60851001739502
2002-04-09,14.271048545837402
2002-04-10,14.564105987548828
2002-04-11,13.596125602722168
2002-04-12,14.430898666381836
2002-04-15,14.084556579589844
2002-04-16,14.768356323242188
2002-04-17,14.590747833251953
2002-04-18,14.661792755126953
2002-04-19,14.164482116699219
2002-04-22,12.787995338439941
2002-04-23,12.823515892028809
2002-04-24,12.51269817352295
2002-04-25,12.530460357666016
2002-04-26,11.873298645019531
2002-04-29,12.255163192749023
2002-04-30,12.30844497680664
2002-05-01,11.651285171508789
2002-05-02,11.820014953613281
2002-05-03,11.544717788696289
2002-05-06,11.589123725891113
2002-05-07,10.789870262145996
2002-05-08,11.589123725891113
2002-05-09,10.69218635559082
2002-05-10,10.372485160827637
2002-05-13,10.434650421142578
2002-05-14,10.754347801208496
2002-05-15,10.69218635559082
2002-05-16,10.44352912902832
2002-05-17,10.523456573486328
2002-05-20,10.043905258178711
2002-05-21,9.502191543579102
2002-05-22,9.484430313110352
2002-05-23,9.635398864746094
2002-05-24,8.9871187210083
2002-05-28,8.436524391174316
2002-05-29,9.546592712402344
2002-05-30,9.235774040222168
2002-05-31,8.924956321716309
2002-06-03,8.063541412353516
2002-06-04,8.001378059387207
2002-06-05,7.965856075286865
2002-06-06,7.1044416427612305
2002-06-07,7.397500991821289
2002-06-10,7.068920135498047
2002-06-11,6.616011142730713
2002-06-12,6.678175449371338
2002-06-13,6.687056541442871
2002-06-14,6.793623447418213
2002-06-17,7.060039043426514
2002-06-18,7.273171901702881
2002-06-19,6.7492194175720215
2002-06-20,7.0777997970581055
2002-06-21,5.594748497009277
2002-06-24,6.3495941162109375
2002-06-25,6.420639991760254
2002-06-26,6.473922252655029
2002-06-27,6.3495941162109375
2002-06-28,6.207505702972412
2002-07-01,6.13646125793457
2002-07-02,6.13646125793457
2002-07-03,6.234147548675537
2002-07-05,6.7403388023376465
2002-07-08,6.1719841957092285
2002-07-09,6.260789394378662
2002-07-10,6.22526741027832
2002-07-11,6.056538105010986
2002-07-12,5.710195064544678
2002-07-15,5.710195064544678
2002-07-16,5.5503458976745605
2002-07-17,5.887806415557861
2002-07-18,5.372734069824219
2002-07-19,5.505941867828369
2002-07-22,5.168481349945068
2002-07-23,5.488181114196777
2002-07-24,5.568105697631836
2002-07-25,5.7901201248168945
2002-07-26,5.559226036071777
2002-07-29,5.781239986419678
2002-07-30,6.021014213562012
2002-07-31,5.7279558181762695
2002-08-01,5.683554172515869
2002-08-02,5.7279558181762695
2002-08-05,5.523703098297119
2002-08-06,5.781239986419678
2002-08-07,5.905567646026611
2002-08-08,6.092059135437012
2002-08-09,6.536086559295654
2002-08-12,6.731459617614746
2002-08-13,6.616011142730713
2002-08-14,7.1044416427612305
2002-08-15,6.829144477844238
2002-08-16,6.891308784484863
2002-08-19,7.006755352020264
2002-08-20,6.83802604675293
2002-08-21,7.379739284515381
2002-08-22,7.557350158691406
2002-08-23,7.948094367980957
2002-08-26,8.614136695861816
2002-08-27,7.4774250984191895
2002-08-28,7.370858669281006
2002-08-29,7.806005954742432
2002-08-30,7.4152607917785645
2002-09-03,6.997875690460205
2002-09-04,6.9001898765563965
2002-09-05,6.473922252655029
2002-09-06,6.678175449371338
2002-09-09,6.491683483123779
2002-09-10,6.917950630187988
2002-09-11,6.624892711639404
2002-09-12,6.402879238128662
2002-09-13,6.571609020233154
2002-09-16,6.536086559295654
2002-09-17,6.3495941162109375
2002-09-18,6.021014213562012
2002-09-19,5.994373321533203
2002-09-20,6.047656536102295
2002-09-23,5.98549222946167
2002-09-24,6.163103103637695
2002-09-25,6.660414218902588
2002-09-26,6.7492194175720215
2002-09-27,6.438400745391846
2002-09-30,6.3495941162109375
2002-10-01,6.8469061851501465
2002-10-02,6.580488681793213
2002-10-03,6.3584747314453125
2002-10-04,6.189744472503662
2002-10-07,5.896686553955078
2002-10-08,5.941089153289795
2002-10-09,5.417137622833252
2002-10-10,5.34609317779541
2002-10-11,5.417137622833252
2002-10-14,5.434898376464844
2002-10-15,5.7279558181762695
2002-10-16,5.337211608886719
2002-10-17,5.559226036071777
2002-10-18,5.363853931427002
2002-10-21,5.896686553955078
2002-10-22,5.8700456619262695
2002-10-23,6.216386795043945
2002-10-24,6.216386795043945
2002-10-25,6.13646125793457
2002-10-28,5.994373321533203
2002-10-29,5.967730522155762
2002-10-30,5.7723588943481445
2002-10-31,5.905567646026611
2002-11-01,6.93571138381958
2002-11-04,7.282052993774414
2002-11-05,7.264292240142822
2002-11-06,7.255410671234131
2002-11-07,6.891308784484863
2002-11-08,6.385117053985596
2002-11-11,6.24302864074707
2002-11-12,6.340714931488037
2002-11-13,6.340714931488037
2002-11-14,6.393997669219971
2002-11-15,6.305192470550537
2002-11-18,6.260789394378662
2002-11-19,6.27855110168457
2002-11-20,7.326455116271973
2002-11-21,7.4596638679504395
2002-11-22,7.397500991821289
2002-11-25,7.237650394439697
2002-11-26,7.0245161056518555
2002-11-27,7.734961032867432
2002-11-29,7.397500991821289
2002-12-02,7.841527462005615
2002-12-03,7.992497444152832
2002-12-04,7.912571907043457
2002-12-05,7.68167781829834
2002-12-06,7.317574977874756
2002-12-09,7.557350158691406
2002-12-10,7.983616352081299
2002-12-11,7.992497444152832
2002-12-12,8.25891399383545
2002-12-13,7.76160192489624
2002-12-16,8.161226272583008
2002-12-17,8.170108795166016
2002-12-18,8.072422981262207
2002-12-19,7.832647800445557
2002-12-20,7.690558910369873
2002-12-23,7.726080894470215
2002-12-24,7.5218281745910645
2002-12-26,7.361979007720947
2002-12-27,7.548468112945557
2002-12-30,7.273171901702881
2002-12-31,7.326455116271973
2003-01-02,7.89481258392334
2003-01-03,7.68167781829834
2003-01-06,7.734961032867432
2003-01-07,7.504065990447998
2003-01-08,7.211007595062256
2003-01-09,7.193248271942139
2003-01-10,7.4596638679504395
2003-01-13,7.486305236816406
2003-01-14,7.708319187164307
2003-01-15,7.548468112945557
2003-01-16,7.5307087898254395
2003-01-17,7.068920135498047
2003-01-21,6.97123384475708
2003-01-22,6.607131481170654
2003-01-23,6.7403388023376465
2003-01-24,6.571609020233154
2003-01-27,6.269670009613037
2003-01-28,6.385117053985596
2003-01-29,6.207505702972412
2003-01-30,5.994373321533203
2003-01-31,6.065417289733887
2003-02-03,6.083178520202637
2003-02-04,6.047656536102295
2003-02-05,5.656912326812744
2003-02-06,5.603628635406494
2003-02-07,5.239526271820068
2003-02-10,5.363853931427002
2003-02-11,5.568105697631836
2003-02-12,5.372734069824219
2003-02-13,5.4615397453308105
2003-02-14,5.7634782791137695
2003-02-18,5.967730522155762
2003-02-19,5.639151573181152
2003-02-20,5.443778991699219
2003-02-21,5.381614685058594
2003-02-24,5.470419883728027
2003-02-25,5.4970622062683105
2003-02-26,5.337211608886719
2003-02-27,5.443778991699219
2003-02-28,5.328331470489502
2003-03-03,5.301689624786377
2003-03-04,5.159601211547852
2003-03-05,5.5148234367370605
2003-03-06,5.4615397453308105
2003-03-07,5.612509250640869
2003-03-10,5.4615397453308105
2003-03-11,5.319450855255127
2003-03-12,5.115198612213135
2003-03-13,5.4082560539245605
2003-03-14,5.488181114196777
2003-03-17,5.816761493682861
2003-03-18,6.216386795043945
2003-03-19,5.941089153289795
2003-03-20,6.189744472503662
2003-03-21,6.127581596374512
2003-03-24,5.878925323486328
2003-03-25,5.7634782791137695
2003-03-26,5.5148234367370605
2003-03-27,5.168481349945068
2003-03-28,5.159601211547852
2003-03-31,5.061914443969727
2003-04-01,5.008631706237793
2003-04-02,5.31057071685791
2003-04-03,5.4526591300964355
2003-04-04,5.4970622062683105
2003-04-07,5.683554172515869
2003-04-08,5.523703098297119
2003-04-09,5.399375915527344
2003-04-10,5.4082560539245605
2003-04-11,5.390495300292969
2003-04-14,5.505941867828369
2003-04-15,5.381614685058594
2003-04-16,5.390495300292969
2003-04-17,5.372734069824219
2003-04-21,5.532583713531494
2003-04-22,5.4526591300964355
2003-04-23,5.328331470489502
2003-04-24,5.283928394317627
2003-04-25,5.283928394317627
2003-04-28,5.328331470489502
2003-04-29,5.34609317779541
2003-04-30,5.967730522155762
2003-05-01,6.1986260414123535
2003-05-02,6.00325345993042
2003-05-05,6.322953701019287
2003-05-06,6.9001898765563965
2003-05-07,7.095561504364014
2003-05-08,6.962353229522705
2003-05-09,7.255410671234131
2003-05-12,7.948094367980957
2003-05-13,7.992497444152832
2003-05-14,7.806005954742432
2003-05-15,7.637275218963623
2003-05-16,7.051158428192139
2003-05-19,7.0245161056518555
2003-05-20,6.962353229522705
2003-05-21,6.758100509643555
2003-05-22,7.0245161056518555
2003-05-23,7.015636444091797
2003-05-27,7.4152607917785645
2003-05-28,7.4596638679504395
2003-05-29,7.841527462005615
2003-05-30,7.743842601776123
2003-06-02,8.045780181884766
2003-06-03,8.409882545471191
2003-06-04,8.418764114379883
2003-06-05,9.004880905151367
2003-06-06,8.516449928283691
2003-06-09,8.081303596496582
2003-06-10,8.30331802368164
2003-06-11,8.170108795166016
2003-06-12,8.347718238830566
2003-06-13,8.365482330322266
2003-06-16,8.525330543518066
2003-06-17,8.70294189453125
2003-06-18,8.720702171325684
2003-06-19,8.756224632263184
2003-06-20,8.223392486572266
2003-06-23,8.036898612976074
2003-06-24,8.090182304382324
2003-06-25,8.081303596496582
2003-06-26,8.516449928283691
2003-06-27,8.409882545471191
2003-06-30,8.614136695861816
2003-07-01,8.587494850158691
2003-07-02,8.694061279296875
2003-07-03,8.463166236877441
2003-07-07,8.640777587890625
2003-07-08,8.685179710388184
2003-07-09,8.765105247497559
2003-07-10,8.782866477966309
2003-07-11,8.916075706481934
2003-07-14,8.995999336242676
2003-07-15,9.004880905151367
2003-07-16,8.738463401794434
2003-07-17,8.614136695861816
2003-07-18,8.534210205078125
2003-07-21,7.806005954742432
2003-07-22,8.623016357421875
2003-07-23,8.250033378601074
2003-07-24,8.409882545471191
2003-07-25,8.507570266723633
2003-07-28,8.942716598510742
2003-07-29,9.13808822631836
2003-07-30,9.067045211791992
2003-07-31,8.951597213745117
2003-08-01,8.516449928283691
2003-08-04,8.605254173278809
2003-08-05,8.436524391174316
2003-08-06,8.472047805786133
2003-08-07,8.498688697814941
2003-08-08,8.507570266723633
2003-08-11,8.525330543518066
2003-08-12,8.747344017028809
2003-08-13,8.871673583984375
2003-08-14,8.8805513381958
2003-08-15,8.871673583984375
2003-08-18,9.24465560913086
2003-08-19,9.901817321777344
2003-08-20,10.789870262145996
2003-08-21,10.834275245666504
2003-08-22,10.461291313171387
2003-08-25,10.292560577392578
2003-08-26,9.963979721069336
2003-08-27,10.390246391296387
2003-08-28,10.479052543640137
2003-08-29,10.878677368164062
2003-09-02,11.100691795349121
2003-09-03,10.532334327697754
2003-09-04,10.239277839660645
2003-09-05,9.963979721069336
2003-09-08,10.283679008483887
2003-09-09,9.981741905212402
2003-09-10,9.448907852172852
2003-09-11,9.599876403808594
2003-09-12,9.324578285217285
2003-09-15,9.511072158813477
2003-09-16,10.079425811767578
2003-09-17,9.919575691223145
2003-09-18,10.132711410522461
2003-09-19,9.901817321777344
2003-09-22,9.768609046936035
2003-09-23,10.079425811767578
2003-09-24,9.768609046936035
2003-09-25,9.368983268737793
2003-09-26,9.075922966003418
2003-09-29,8.889433860778809
2003-09-30,8.472047805786133
2003-10-01,9.04928207397461
2003-10-02,9.31570053100586
2003-10-03,9.706445693969727
2003-10-06,9.546592712402344
2003-10-07,9.582117080688477
2003-10-08,9.040403366088867
2003-10-09,9.306818962097168
2003-10-10,9.457789421081543
2003-10-13,9.324578285217285
2003-10-14,9.297937393188477
2003-10-15,9.40450668334961
2003-10-16,9.182490348815918
2003-10-17,8.969359397888184
2003-10-20,8.82726764678955
2003-10-21,8.951597213745117
2003-10-22,8.525330543518066
2003-10-23,8.569731712341309
2003-10-24,8.534210205078125
2003-10-27,8.747344017028809
2003-10-28,8.8805513381958
2003-10-29,8.951597213745117
2003-10-30,8.969359397888184
2003-10-31,9.004880905151367
2003-11-03,9.120327949523926
2003-11-04,9.306818962097168
2003-11-05,9.280177116394043
2003-11-06,9.40450668334961
2003-11-07,9.626520156860352
2003-11-10,9.466668128967285
2003-11-11,9.368983268737793
2003-11-12,9.768609046936035
2003-11-13,9.839653015136719
2003-11-14,9.635398864746094
2003-11-17,9.457789421081543
2003-11-18,9.324578285217285
2003-11-19,9.413385391235352
2003-11-20,9.47554874420166
2003-11-21,9.47554874420166
2003-11-24,9.848532676696777
2003-11-25,9.813010215759277
2003-11-26,10.132711410522461
2003-11-28,10.194872856140137
2003-12-01,10.292560577392578
2003-12-02,10.44352912902832
2003-12-03,10.212635040283203
2003-12-04,9.99950122833252
2003-12-05,9.795249938964844
2003-12-08,9.813010215759277
2003-12-09,9.608757019042969
2003-12-10,9.804130554199219
2003-12-11,10.363605499267578
2003-12-12,10.14159107208252
2003-12-15,9.839653015136719
2003-12-16,9.733085632324219
2003-12-17,9.99950122833252
2003-12-18,9.990622520446777
2003-12-19,10.017263412475586
2003-12-22,10.08830738067627
2003-12-23,10.452409744262695
2003-12-24,10.212635040283203
2003-12-26,10.470171928405762
2003-12-29,10.470171928405762
2003-12-30,10.834275245666504
2003-12-31,10.132711410522461
2004-01-02,10.132711410522461
2004-01-05,10.390246391296387
2004-01-06,10.203754425048828
2004-01-07,10.408007621765137
2004-01-08,10.745468139648438
2004-01-09,10.869796752929688
2004-01-12,11.535837173461914
2004-01-13,11.713449478149414
2004-01-14,11.624643325805664
2004-01-15,11.278303146362305
2004-01-16,11.09181022644043
2004-01-20,11.606881141662598
2004-01-21,11.544717788696289
2004-01-22,10.949719429016113
2004-01-23,11.260540008544922
2004-01-26,11.322704315185547
2004-01-27,10.923079490661621
2004-01-28,10.505693435668945
2004-01-29,10.452409744262695
2004-01-30,10.656662940979004
2004-02-02,10.416886329650879
2004-02-03,10.541215896606445
2004-02-04,9.813010215759277
2004-02-05,10.035024642944336
2004-02-06,10.958601951599121
2004-02-09,11.056288719177246
2004-02-10,11.429271697998047
2004-02-11,11.606881141662598
2004-02-12,11.153973579406738
2004-02-13,11.082929611206055
2004-02-17,11.455911636352539
2004-02-18,11.198376655578613
2004-02-19,11.082929611206055
2004-02-20,11.003005027770996
2004-02-23,10.461291313171387
2004-02-24,10.425769805908203
2004-02-25,10.647783279418945
2004-02-26,10.816512107849121
2004-02-27,11.207257270812988
2004-03-01,11.09181022644043
2004-03-02,11.766732215881348
2004-03-03,11.820014953613281
2004-03-04,11.811135292053223
2004-03-05,11.677925109863281
2004-03-08,11.553598403930664
2004-03-09,11.23389720916748
2004-03-10,10.789870262145996
2004-03-11,10.656662940979004
2004-03-12,10.665543556213379
2004-03-15,10.434650421142578
2004-03-16,9.786369323730469
2004-03-17,10.416886329650879
2004-03-18,10.257038116455078
2004-03-19,10.043905258178711
2004-03-22,9.688682556152344
2004-03-23,9.52883243560791
2004-03-24,9.590997695922852
2004-03-25,9.875173568725586
2004-03-26,9.804130554199219
2004-03-29,10.541215896606445
2004-03-30,10.923079490661621
2004-03-31,10.896438598632812
2004-04-01,11.677925109863281
2004-04-02,11.88217830657959
2004-04-05,12.299565315246582
2004-04-06,12.192997932434082
2004-04-07,12.139716148376465
2004-04-08,12.113076210021973
2004-04-12,12.548219680786133
2004-04-13,11.855537414550781
2004-04-14,12.00650691986084
2004-04-15,12.059791564941406
2004-04-16,12.139716148376465
2004-04-19,12.219639778137207
2004-04-20,11.571358680725098
2004-04-21,14.581867218017578
2004-04-22,14.972610473632812
2004-04-23,14.777239799499512
2004-04-26,14.69731330871582
2004-04-27,13.809258460998535
2004-04-28,13.382991790771484
2004-04-29,12.912322998046875
2004-04-30,12.343968391418457
2004-05-03,12.09531307220459
2004-05-04,12.32620620727539
2004-05-05,12.397252082824707
2004-05-06,12.255163192749023
2004-05-07,12.050909042358398
2004-05-10,11.526956558227539
2004-05-11,11.757850646972656
2004-05-12,11.899940490722656
2004-05-13,11.615764617919922
2004-05-14,11.358226776123047
2004-05-17,11.269420623779297
2004-05-18,11.331586837768555
2004-05-19,11.367108345031738
2004-05-20,11.606881141662598
2004-05-21,11.571358680725098
2004-05-24,12.042028427124023
2004-05-25,12.397252082824707
2004-05-26,11.793373107910156
2004-05-27,12.65478801727295
2004-05-28,12.343968391418457
2004-06-01,12.601502418518066
2004-06-02,12.610384941101074
2004-06-03,12.43277359008789
2004-06-04,13.29418659210205
2004-06-07,13.853662490844727
2004-06-08,13.809258460998535
2004-06-09,13.39187240600586
2004-06-10,13.427396774291992
2004-06-14,13.063292503356934
2004-06-15,13.036651611328125
2004-06-16,13.39187240600586
2004-06-17,13.338590621948242
2004-06-18,13.240904808044434
2004-06-21,13.116575241088867
2004-06-22,13.67605209350586
2004-06-23,13.747095108032227
2004-06-24,14.057914733886719
2004-06-25,14.519702911376953
2004-06-28,14.164482116699219
2004-06-29,15.31007194519043
2004-06-30,16.224769592285156
2004-07-01,16.064918518066406
2004-07-02,16.224769592285156
2004-07-06,15.389997482299805
2004-07-07,15.50544261932373
2004-07-08,15.318953514099121
2004-07-09,15.36335563659668
2004-07-12,15.691937446594238
2004-07-13,15.647534370422363
2004-07-14,15.43439769744873
2004-07-15,15.247908592224121
2004-07-16,14.866044998168945
2004-07-19,15.096936225891113
2004-07-20,14.279929161071777
2004-07-21,12.894563674926758
2004-07-22,13.116575241088867
2004-07-23,12.077550888061523
2004-07-26,11.722330093383789
2004-07-27,12.175237655639648
2004-07-28,11.695688247680664
2004-07-29,11.944342613220215
2004-07-30,11.899940490722656
2004-08-02,11.837777137756348
2004-08-03,11.420390129089355
2004-08-04,11.677925109863281
2004-08-05,11.029646873474121
2004-08-06,10.345843315124512
2004-08-09,10.533624649047852
2004-08-10,10.93601131439209
2004-08-11,10.292190551757812
2004-08-12,9.889803886413574
2004-08-13,9.719907760620117
2004-08-16,9.71096420288086
2004-08-17,9.496358871459961
2004-08-18,10.11335277557373
2004-08-19,9.916629791259766
2004-08-20,9.988163948059082
2004-08-23,9.818266868591309
2004-08-24,9.576835632324219
2004-08-25,9.648371696472168
2004-08-26,9.585776329040527
2004-08-27,9.594718933105469
2004-08-30,10.381609916687012
2004-08-31,10.587276458740234
2004-09-01,10.336901664733887
2004-09-02,10.211713790893555
2004-09-03,10.032875061035156
2004-09-07,10.614102363586426
2004-09-08,10.059701919555664
2004-09-09,10.399495124816895
2004-09-10,10.658811569213867
2004-09-13,10.310076713562012
2004-09-14,10.506799697875977
2004-09-15,10.327959060668945
2004-09-16,10.694580078125
2004-09-17,10.229598045349121
2004-09-20,10.104411125183105
2004-09-21,10.167004585266113
2004-09-22,9.684139251708984
2004-09-23,9.576835632324219
2004-09-24,9.478473663330078
2004-09-27,8.94195556640625
2004-09-28,9.21021556854248
2004-09-29,9.201272964477539
2004-09-30,9.040316581726074
2004-10-01,9.719907760620117
2004-10-04,9.854036331176758
2004-10-05,9.45164680480957
2004-10-06,9.38011360168457
2004-10-07,9.219156265258789
2004-10-08,8.736291885375977
2004-10-11,9.049259185791016
2004-10-12,8.539568901062012
2004-10-13,9.067144393920898
2004-10-14,9.013492584228516
2004-10-15,9.174447059631348
2004-10-18,8.94195556640625
2004-10-19,8.90618896484375
2004-10-20,8.441205024719238
2004-10-21,8.092469215393066
2004-10-22,7.788443565368652
2004-10-25,7.851036548614502
2004-10-26,7.9941086769104
2004-10-27,8.038818359375
2004-10-28,7.958340167999268
2004-10-29,8.307077407836914
2004-11-01,8.405437469482422
2004-11-02,8.333904266357422
2004-11-03,8.557452201843262
2004-11-04,8.566394805908203
2004-11-05,8.611104965209961
2004-11-08,8.637929916381836
2004-11-09,8.584278106689453
2004-11-10,8.512742042541504
2004-11-11,8.476974487304688
2004-11-12,8.620046615600586
2004-11-15,8.512742042541504
2004-11-16,8.396496772766113
2004-11-17,9.26386547088623
2004-11-18,8.915129661560059
2004-11-19,8.342844009399414
2004-11-22,8.933015823364258
2004-11-23,8.736291885375977
2004-11-24,9.165504455566406
2004-11-26,9.21021556854248
2004-11-29,9.630487442016602
2004-11-30,9.719907760620117
2004-12-01,10.140178680419922
2004-12-02,10.068641662597656
2004-12-03,9.979222297668457
2004-12-06,9.880861282348633
2004-12-07,9.836153030395508
2004-12-08,9.82720947265625
2004-12-09,9.818266868591309
2004-12-10,9.92557144165039
2004-12-13,10.471031188964844
2004-12-14,10.694580078125
2004-12-15,10.810824394226074
2004-12-16,10.864476203918457
2004-12-17,11.705020904541016
2004-12-20,11.311573028564453
2004-12-21,11.5440673828125
2004-12-22,11.964336395263672
2004-12-23,11.49935531616211
2004-12-27,11.365224838256836
2004-12-28,12.009047508239746
2004-12-29,12.07164192199707
2004-12-30,11.857034683227539
2004-12-31,11.722904205322266
2005-01-03,12.035874366760254
2005-01-04,11.553007125854492
2005-01-05,11.35628604888916
2005-01-06,11.177446365356445
2005-01-07,11.25792407989502
2005-01-10,11.642427444458008
2005-01-11,11.35628604888916
2005-01-12,11.427818298339844
2005-01-13,10.855534553527832
2005-01-14,11.535122871398926
2005-01-18,12.259422302246094
2005-01-19,12.080583572387695
2005-01-20,12.438261032104492
2005-01-21,12.152118682861328
2005-01-24,12.017988204956055
2005-01-25,12.053756713867188
2005-01-26,12.778056144714355
2005-01-27,12.4114351272583
2005-01-28,12.241538047790527
2005-01-31,12.474029541015625
2005-02-01,12.3756685256958
2005-02-02,12.34884262084961
2005-02-03,12.438261032104492
2005-02-04,11.874917030334473
2005-02-07,11.651368141174316
2005-02-08,11.248980522155762
2005-02-09,9.916629791259766
2005-02-10,10.158061981201172
2005-02-11,10.01499080657959
2005-02-14,10.175946235656738
2005-02-15,9.997108459472656
2005-02-16,10.381609916687012
2005-02-17,10.122294425964355
2005-02-18,10.086526870727539
2005-02-22,9.737789154052734
2005-02-23,9.72884750366211
2005-02-24,10.623044967651367
2005-02-25,10.515740394592285
2005-02-28,10.104411125183105
2005-03-01,10.551508903503418
2005-03-02,10.569393157958984
2005-03-03,10.40843677520752
2005-03-04,10.578333854675293
2005-03-07,10.6409273147583
2005-03-08,10.6409273147583
2005-03-09,10.292190551757812
2005-03-10,10.059701919555664
2005-03-11,10.023934364318848
2005-03-14,10.041814804077148
2005-03-15,9.845094680786133
2005-03-16,9.63942813873291
2005-03-17,10.023934364318848
2005-03-18,9.94345474243164
2005-03-21,9.889803886413574
2005-03-22,9.693081855773926
2005-03-23,9.594718933105469
2005-03-24,9.523184776306152
2005-03-28,9.442706108093262
2005-03-29,9.147621154785156
2005-03-30,9.50529956817627
2005-03-31,9.335400581359863
2005-04-01,9.389052391052246
2005-04-04,8.924072265625
2005-04-05,9.120796203613281
2005-04-06,9.093969345092773
2005-04-07,9.41588020324707
2005-04-08,9.344344139099121
2005-04-11,9.183389663696289
2005-04-12,8.924072265625
2005-04-13,8.933015823364258
2005-04-14,8.736291885375977
2005-04-15,9.988163948059082
2005-04-18,10.918128967285156
2005-04-19,10.998605728149414
2005-04-20,10.667754173278809
2005-04-21,11.052257537841797
2005-04-22,10.801883697509766
2005-04-25,10.748230934143066
2005-04-26,10.730347633361816
2005-04-27,10.6409273147583
2005-04-28,10.292190551757812
2005-04-29,10.551508903503418
2005-05-02,10.381609916687012
2005-05-03,10.685636520385742
2005-05-04,10.676695823669434
2005-05-05,11.150619506835938
2005-05-06,11.114850997924805
2005-05-09,11.177446365356445
2005-05-10,11.338399887084961
2005-05-11,11.311573028564453
2005-05-12,11.195329666137695
2005-05-13,11.150619506835938
2005-05-16,11.311573028564453
2005-05-17,11.418878555297852
2005-05-18,12.10740852355957
2005-05-19,12.456145286560059
2005-05-20,12.062699317932129
2005-05-23,12.053756713867188
2005-05-24,11.803382873535156
2005-05-25,11.490413665771484
2005-05-26,12.259422302246094
2005-05-27,11.919628143310547
2005-05-31,11.892802238464355
2005-06-01,12.330957412719727
2005-06-02,12.000105857849121
2005-06-03,11.812323570251465
2005-06-06,12.07164192199707
2005-06-07,12.661808967590332
2005-06-08,12.67075252532959
2005-06-09,12.930069923400879
2005-06-10,12.661808967590332
2005-06-13,12.518738746643066
2005-06-14,12.57239055633545
2005-06-15,12.57239055633545
2005-06-16,12.679694175720215
2005-06-17,12.626042366027832
2005-06-20,12.491913795471191
2005-06-21,12.465085983276367
2005-06-22,12.643927574157715
2005-06-23,12.474029541015625
2005-06-24,11.919628143310547
2005-06-27,11.642427444458008
2005-06-28,11.991164207458496
2005-06-29,12.438261032104492
2005-06-30,12.161060333251953
2005-07-01,12.286248207092285
2005-07-05,12.804880142211914
2005-07-06,12.67075252532959
2005-07-07,12.581331253051758
2005-07-08,13.144676208496094
2005-07-11,13.3861083984375
2005-07-12,13.45764446258545
2005-07-13,13.2966890335083
2005-07-14,13.082082748413086
2005-07-15,12.921127319335938
2005-07-18,12.786995887756348
2005-07-19,12.232596397399902
2005-07-20,12.36672592163086
2005-07-21,11.767614364624023
2005-07-22,11.785497665405273
2005-07-25,11.624543190002441
2005-07-26,11.821267127990723
2005-07-27,11.794441223144531
2005-07-28,12.17894458770752
2005-07-29,11.74973201751709
2005-08-01,12.009047508239746
2005-08-02,12.259422302246094
2005-08-03,12.322015762329102
2005-08-04,11.865976333618164
2005-08-05,12.044815063476562
2005-08-08,12.339900016784668
2005-08-09,12.357937812805176
2005-08-10,12.312838554382324
2005-08-11,12.610509872436523
2005-08-12,12.26773738861084
2005-08-15,12.231654167175293
2005-08-16,12.249696731567383
2005-08-17,12.20459270477295
2005-08-18,12.177532196044922
2005-08-19,12.11439037322998
2005-08-22,12.385002136230469
2005-08-23,12.592470169067383
2005-08-24,13.025449752807617
2005-08-25,13.395286560058594
2005-08-26,13.530591011047363
2005-08-29,13.665897369384766
2005-08-30,13.530591011047363
2005-08-31,14.387528419494629
2005-09-01,14.06279468536377
2005-09-02,13.846305847167969
2005-09-06,14.017693519592285
2005-09-07,13.801204681396484
2005-09-08,13.638836860656738
2005-09-09,13.701977729797363
2005-09-12,13.58471393585205
2005-09-13,13.602755546569824
2005-09-14,13.32312297821045
2005-09-15,13.530591011047363
2005-09-16,13.422347068786621
2005-09-19,13.810224533081055
2005-09-20,13.512550354003906
2005-09-21,13.683938980102539
2005-09-22,13.557653427124023
2005-09-23,13.990633010864258
2005-09-26,14.351447105407715
2005-09-27,13.837285041809082
2005-09-28,13.58471393585205
2005-09-29,13.774144172668457
2005-09-30,13.665897369384766
2005-10-03,13.774144172668457
2005-10-04,13.981612205505371
2005-10-05,13.530591011047363
2005-10-06,13.539612770080566
2005-10-07,13.91846752166748
2005-10-10,13.530591011047363
2005-10-11,13.422347068786621
2005-10-12,12.926225662231445
2005-10-13,13.332143783569336
2005-10-14,13.422347068786621
2005-10-17,13.278020858764648
2005-10-18,13.214877128601074
2005-10-19,14.414591789245605
2005-10-20,14.315366744995117
2005-10-21,14.540877342224121
2005-10-24,15.289568901062012
2005-10-25,15.163283348083496
2005-10-26,14.576957702636719
2005-10-27,14.171039581298828
2005-10-28,14.892671585083008
2005-10-31,15.199366569519043
2005-11-01,14.594999313354492
2005-11-02,15.00091552734375
2005-11-03,14.928753852844238
2005-11-04,14.964835166931152
2005-11-07,15.271528244018555
2005-11-08,15.289568901062012
2005-11-09,15.082098960876465
2005-11-10,14.97385311126709
2005-11-11,14.883651733398438
2005-11-14,14.649121284484863
2005-11-15,14.594999313354492
2005-11-16,14.234183311462402
2005-11-17,15.00091552734375
2005-11-18,15.064059257507324
2005-11-21,15.199366569519043
2005-11-22,15.253486633300781
2005-11-23,14.946794509887695
2005-11-25,14.829529762268066
2005-11-28,14.207120895385742
2005-11-29,14.658140182495117
2005-11-30,14.64009952545166
2005-12-01,14.937772750854492
2005-12-02,14.937772750854492
2005-12-05,14.98287582397461
2005-12-06,15.442916870117188
2005-12-07,15.109160423278809
2005-12-08,15.226425170898438
2005-12-09,15.271528244018555
2005-12-12,15.271528244018555
2005-12-13,15.00091552734375
2005-12-14,14.856590270996094
2005-12-15,14.622058868408203
2005-12-16,14.360468864440918
2005-12-19,14.613039016723633
2005-12-20,14.64009952545166
2005-12-21,14.820509910583496
2005-12-22,15.289568901062012
2005-12-23,14.865612030029297
2005-12-27,14.45969295501709
2005-12-28,14.396549224853516
2005-12-29,14.351447105407715
2005-12-30,14.26124382019043
2006-01-03,14.06279468536377
2006-01-04,14.162020683288574
2006-01-05,14.351447105407715
2006-01-06,14.622058868408203
2006-01-09,14.883651733398438
2006-01-10,15.650382995605469
2006-01-11,15.659407615661621
2006-01-12,15.469975471496582
2006-01-13,15.524096488952637
2006-01-17,15.027978897094727
2006-01-18,15.018956184387207
2006-01-19,15.424875259399414
2006-01-20,14.991897583007812
2006-01-23,15.091119766235352
2006-01-24,15.5150785446167
2006-01-25,15.695484161376953
2006-01-26,15.154261589050293
2006-01-27,15.109160423278809
2006-01-30,15.091119766235352
2006-01-31,15.289568901062012
2006-02-01,15.71352481842041
2006-02-02,15.244466781616211
2006-02-03,15.226425170898438
2006-02-06,15.325650215148926
2006-02-07,15.082098960876465
2006-02-08,15.433897018432617
2006-02-09,16.1645450592041
2006-02-10,16.335935592651367
2006-02-13,16.2457332611084
2006-02-14,16.63360595703125
2006-02-15,16.68773078918457
2006-02-16,16.877155303955078
2006-02-17,17.256013870239258
2006-02-21,17.120708465576172
2006-02-22,17.806259155273438
2006-02-23,17.824296951293945
2006-02-24,17.742618560791016
2006-02-27,18.02396011352539
2006-02-28,18.05118751525879
2006-03-01,18.35975456237793
2006-03-02,18.314380645751953
2006-03-03,18.005807876586914
2006-03-06,18.196393966674805
2006-03-07,17.851526260375977
2006-03-08,17.6246395111084
2006-03-09,17.461280822753906
2006-03-10,17.78799819946289
2006-03-13,17.760770797729492
2006-03-14,17.588335037231445
2006-03-15,17.434051513671875
2006-03-16,17.379600524902344
2006-03-17,17.370525360107422
2006-03-20,17.851526260375977
2006-03-21,17.424978256225586
2006-03-22,17.806150436401367
2006-03-23,17.78799819946289
2006-03-24,18.151018142700195
2006-03-27,17.806150436401367
2006-03-28,17.27069664001465
2006-03-29,18.033039093017578
2006-03-30,17.706317901611328
2006-03-31,17.90597915649414
2006-04-03,18.85890769958496
2006-04-04,19.294530868530273
2006-04-05,19.748308181762695
2006-04-06,19.476043701171875
2006-04-07,18.54126739501953
2006-04-10,18.396055221557617
2006-04-11,18.02396011352539
2006-04-12,18.713701248168945
2006-04-13,19.221927642822266
2006-04-17,18.7227725982666
2006-04-18,18.967815399169922
2006-04-19,19.73923110961914
2006-04-20,19.76645851135254
2006-04-21,19.57587242126465
2006-04-24,19.103944778442383
2006-04-25,19.96611976623535
2006-04-26,20.5288028717041
2006-04-27,20.020572662353516
2006-04-28,18.7227725982666
2006-05-01,18.278074264526367
2006-05-02,18.477737426757812
2006-05-03,18.92243766784668
2006-05-04,19.1947021484375
2006-05-05,19.149324417114258
2006-05-08,19.14025115966797
2006-05-09,19.058568954467773
2006-05-10,18.985965728759766
2006-05-11,18.14194107055664
2006-05-12,17.706317901611328
2006-05-15,17.561111450195312
2006-05-16,17.470354080200195
2006-05-17,17.370525360107422
2006-05-18,17.14363670349121
2006-05-19,17.0982608795166
2006-05-22,17.007503509521484
2006-05-23,17.334224700927734
2006-05-24,17.316072463989258
2006-05-25,17.243465423583984
2006-05-26,16.82599639892578
2006-05-30,16.099952697753906
2006-05-31,16.15440559387207
2006-06-01,16.272388458251953
2006-06-02,16.481124877929688
2006-06-05,15.809534072875977
2006-06-06,15.90029239654541
2006-06-07,15.582647323608398
2006-06-08,15.392064094543457
2006-06-09,15.019968032836914
2006-06-12,14.620645523071289
2006-06-13,14.085190773010254
2006-06-14,14.33930492401123
2006-06-15,15.110721588134766
2006-06-16,14.548041343688965
2006-06-19,14.003509521484375
2006-06-20,14.021661758422852
2006-06-21,14.602493286132812
2006-06-22,14.275774955749512
2006-06-23,13.840150833129883
2006-06-26,14.003509521484375
2006-06-27,13.95813274383545
2006-06-28,13.576960563659668
2006-06-29,14.212246894836426
2006-06-30,15.038119316101074
2006-07-03,15.101646423339844
2006-07-05,14.856607437133789
2006-07-06,14.811229705810547
2006-07-07,14.566192626953125
2006-07-10,14.375606536865234
2006-07-11,14.502664566040039
2006-07-12,14.021661758422852
2006-07-13,13.82004451751709
2006-07-14,13.67341136932373
2006-07-17,13.471792221069336
2006-07-18,13.297667503356934
2006-07-19,14.544037818908691
2006-07-20,13.865865707397461
2006-07-21,13.114377975463867
2006-07-24,13.865865707397461
2006-07-25,10.392526626586914
2006-07-26,10.19090747833252
2006-07-27,10.044275283813477
2006-07-28,10.676623344421387
2006-07-31,10.493334770202637
2006-08-01,9.851820945739746
2006-08-02,9.78766918182373
2006-08-03,10.099262237548828
2006-08-04,10.319210052490234
2006-08-07,10.135921478271484
2006-08-08,10.090096473693848
2006-08-09,10.035110473632812
2006-08-10,10.0167818069458
2006-08-11,9.86098575592041
2006-08-14,9.998453140258789
2006-08-15,10.30087947845459
2006-08-16,10.951559066772461
2006-08-17,11.501429557800293
2006-08-18,11.446441650390625
2006-08-21,10.924064636230469
2006-08-22,10.658295631408691
2006-08-23,10.355867385864258
2006-08-24,10.5024995803833
2006-08-25,10.786599159240723
2006-08-28,10.777434349060059
2006-08-29,11.602237701416016
2006-08-30,11.638895988464355
2006-08-31,11.51059341430664
2006-09-01,11.547250747680664
2006-09-05,11.886338233947754
2006-09-06,10.694953918457031
2006-09-07,10.795763969421387
2006-09-08,10.924064636230469
2006-09-11,10.850749969482422
2006-09-12,11.189837455749512
2006-09-13,11.42811393737793
2006-09-14,11.703047752380371
2006-09-15,11.38228988647461
2006-09-18,11.34563159942627
2006-09-19,10.933229446411133
2006-09-20,11.235658645629883
2006-09-21,11.134848594665527
2006-09-22,10.731611251831055
2006-09-25,10.603309631347656
2006-09-26,10.685789108276367
2006-09-27,10.44751262664795
2006-09-28,10.557486534118652
2006-09-29,10.57581615447998
2006-10-02,10.181742668151855
2006-10-03,10.117591857910156
2006-10-04,10.548322677612305
2006-10-05,10.841585159301758
2006-10-06,10.529993057250977
2006-10-09,10.282551765441895
2006-10-10,10.310046195983887
2006-10-11,10.346704483032227
2006-10-12,11.253988265991211
2006-10-13,11.455606460571289
2006-10-16,11.684718132019043
2006-10-17,11.217329978942871
2006-10-18,11.290644645690918
2006-10-19,11.51059341430664
2006-10-20,11.144013404846191
2006-10-23,11.107356071472168
2006-10-24,11.189837455749512
2006-10-25,11.08902645111084
2006-10-26,11.272316932678223
2006-10-27,10.933229446411133
2006-10-30,11.253988265991211
2006-10-31,10.905736923217773
2006-11-01,10.740776062011719
2006-11-02,10.291716575622559
2006-11-03,10.484169960021973
2006-11-06,10.667460441589355
2006-11-07,10.603309631347656
2006-11-08,10.749940872192383
2006-11-09,10.529993057250977
2006-11-10,10.685789108276367
2006-11-13,11.134848594665527
2006-11-14,11.758033752441406
2006-11-15,12.060461044311523
2006-11-16,11.950488090515137
2006-11-17,11.5380859375
2006-11-20,11.464771270751953
2006-11-21,11.593072891235352
2006-11-22,11.51059341430664
2006-11-24,11.24482250213623
2006-11-27,10.905736923217773
2006-11-28,10.905736923217773
2006-11-29,11.06153392791748
2006-11-30,11.134848594665527
2006-12-01,11.043204307556152
2006-12-04,11.208165168762207
2006-12-05,11.208165168762207
2006-12-06,10.979052543640137
2006-12-07,10.859914779663086
2006-12-08,10.72244644165039
2006-12-11,10.749940872192383
2006-12-12,10.694953918457031
2006-12-13,10.475005149841309
2006-12-14,10.456677436828613
2006-12-15,10.420019149780273
2006-12-18,10.328374862670898
2006-12-19,10.465841293334961
2006-12-20,10.685789108276367
2006-12-21,10.667460441589355
2006-12-22,10.392526626586914
2006-12-26,10.420019149780273
2006-12-27,10.255058288574219
2006-12-28,10.209236145019531
2006-12-29,10.181742668151855
2007-01-03,10.520827293395996
2007-01-04,10.520827293395996
2007-01-05,10.44751262664795
2007-01-08,10.44751262664795
2007-01-09,10.319210052490234
2007-01-10,10.282551765441895
2007-01-11,10.465841293334961
2007-01-12,10.255058288574219
2007-01-16,10.090096473693848
2007-01-17,10.172578811645508
2007-01-18,10.135921478271484
2007-01-19,10.007617950439453
2007-01-22,9.677695274353027
2007-01-23,9.970959663391113
2007-01-24,10.062603950500488
2007-01-25,9.89764404296875
2007-01-26,9.925137519836426
2007-01-29,9.89764404296875
2007-01-30,9.842656135559082
2007-01-31,9.723518371582031
2007-02-01,10.099262237548828
2007-02-02,10.346704483032227
2007-02-05,10.255058288574219
2007-02-06,10.209236145019531
2007-02-07,10.621638298034668
2007-02-08,10.245894432067871
2007-02-09,9.943467140197754
2007-02-12,9.833491325378418
2007-02-13,9.934303283691406
2007-02-14,9.668532371520996
2007-02-15,9.760176658630371
2007-02-16,9.842656135559082
2007-02-20,9.796833038330078
2007-02-21,9.86098575592041
2007-02-22,10.025946617126465
2007-02-23,8.91704273223877
2007-02-26,8.981194496154785
2007-02-27,8.403833389282227
2007-02-28,8.559629440307617
2007-03-01,8.449655532836914
2007-03-02,8.14722728729248
2007-03-05,8.055582046508789
2007-03-06,8.348844528198242
2007-03-07,8.451342582702637
2007-03-08,8.684289932250977
2007-03-09,8.721561431884766
2007-03-12,8.786787986755371
2007-03-13,8.48861312866211
2007-03-14,8.460659980773926
2007-03-15,8.83337688446045
2007-03-16,8.88928508758545
2007-03-19,8.647018432617188
2007-03-20,9.047689437866211
2007-03-21,9.45767593383789
2007-03-22,9.373815536499023
2007-03-23,9.513585090637207
2007-03-26,9.466995239257812
2007-03-27,9.504266738891602
2007-03-28,9.327225685119629
2007-03-29,9.271318435668945
2007-03-30,9.33654499053955
2007-04-02,9.047689437866211
2007-04-03,9.33654499053955
2007-04-04,9.420404434204102
2007-04-05,9.299272537231445
2007-04-09,9.317907333374023
2007-04-10,9.066323280334473
2007-04-11,8.973146438598633
2007-04-12,9.131548881530762
2007-04-13,8.973146438598633
2007-04-16,9.504266738891602
2007-04-17,9.420404434204102
2007-04-18,9.28063678741455
2007-04-19,9.317907333374023
2007-04-20,9.597445487976074
2007-04-23,9.252683639526367
2007-04-24,9.33654499053955
2007-04-25,9.45767593383789
2007-04-26,10.920588493347168
2007-04-27,10.547872543334961
2007-04-30,9.988798141479492
2007-05-01,10.072659492492676
2007-05-02,10.305607795715332
2007-05-03,10.380149841308594
2007-05-04,10.417421340942383
2007-05-07,10.510601043701172
2007-05-08,10.380149841308594
2007-05-09,10.417421340942383
2007-05-10,10.06334114074707
2007-05-11,10.119247436523438
2007-05-14,9.830394744873047
2007-05-15,9.709259986877441
2007-05-16,9.886301040649414
2007-05-17,10.277652740478516
2007-05-18,10.557190895080566
2007-05-21,10.61309814453125
2007-05-22,10.836727142333984
2007-05-23,10.976495742797852
2007-05-24,10.622415542602539
2007-05-25,11.07899284362793
2007-05-29,10.939225196838379
2007-05-30,10.939225196838379
2007-05-31,11.060357093811035
2007-06-01,12.281003952026367
2007-06-04,12.076009750366211
2007-06-05,11.843061447143555
2007-06-06,11.833744049072266
2007-06-07,11.833744049072266
2007-06-08,12.150552749633789
2007-06-11,11.731245994567871
2007-06-12,11.30262279510498
2007-06-13,11.349211692810059
2007-06-14,11.610114097595215
2007-06-15,11.554205894470215
2007-06-18,11.74056339263916
2007-06-19,11.638067245483398
2007-06-20,11.57284164428711
2007-06-21,12.076009750366211
2007-06-22,12.187824249267578
2007-06-25,12.103962898254395
2007-06-26,12.364863395690918
2007-06-27,12.458044052124023
2007-06-28,12.290321350097656
2007-06-29,12.327591896057129
2007-07-02,12.364863395690918
2007-07-03,12.26236629486084
2007-07-05,12.374180793762207
2007-07-06,12.281003952026367
2007-07-09,12.625764846801758
2007-07-10,12.364863395690918
2007-07-11,12.31827449798584
2007-07-12,13.38051700592041
2007-07-13,13.203475952148438
2007-07-16,13.03575325012207
2007-07-17,12.84007740020752
2007-07-18,12.942574501037598
2007-07-19,13.371199607849121
2007-07-20,13.147567749023438
2007-07-23,12.970528602600098
2007-07-24,12.458044052124023
2007-07-25,12.197141647338867
2007-07-26,11.693975448608398
2007-07-27,11.060357093811035
2007-07-30,11.85237979888916
2007-07-31,11.712610244750977
2007-08-01,11.358529090881348
2007-08-02,11.731245994567871
2007-08-03,11.162854194641113
2007-08-06,11.069674491882324
2007-08-07,11.405119895935059
2007-08-08,12.392818450927734
2007-08-09,13.026434898376465
2007-08-10,12.26349925994873
2007-08-13,11.886740684509277
2007-08-14,11.698360443115234
2007-08-15,11.359278678894043
2007-08-16,11.623008728027344
2007-08-17,11.660684585571289
2007-08-20,11.623008728027344
2007-08-21,11.415791511535645
2007-08-22,11.255668640136719
2007-08-23,10.916586875915527
2007-08-24,11.114384651184082
2007-08-27,10.803558349609375
2007-08-28,10.51156997680664
2007-08-29,10.850653648376465
2007-08-30,10.831815719604492
2007-08-31,11.104966163635254
2007-09-04,11.265088081359863
2007-09-05,10.916586875915527
2007-09-06,11.029613494873047
2007-09-07,10.596341133117676
2007-09-10,10.351448059082031
2007-09-11,10.747044563293457
2007-09-12,10.473895072937012
2007-09-13,10.539827346801758
2007-09-14,10.831815719604492
2007-09-17,10.51156997680664
2007-09-18,11.170897483825684
2007-09-19,11.641847610473633
2007-09-20,11.623008728027344
2007-09-21,11.81138801574707
2007-09-24,11.849064826965332
2007-09-25,11.604170799255371
2007-09-26,11.594752311706543
2007-09-27,11.585333824157715
2007-09-28,11.415791511535645
2007-10-01,11.849064826965332
2007-10-02,12.216404914855957
2007-10-03,11.914996147155762
2007-10-04,12.34826946258545
2007-10-05,12.367107391357422
2007-10-08,12.291755676269531
2007-10-09,12.320013046264648
2007-10-10,12.451878547668457
2007-10-11,12.687353134155273
2007-10-12,12.81921672821045
2007-10-15,12.602581977844238
2007-10-16,12.451878547668457
2007-10-17,12.376526832580566
2007-10-18,12.244661331176758
2007-10-19,11.914996147155762
2007-10-22,12.206986427307129
2007-10-23,12.404784202575684
2007-10-24,12.34826946258545
2007-10-25,12.78154182434082
2007-10-26,13.506803512573242
2007-10-29,13.685763359069824
2007-10-30,13.46912670135498
2007-10-31,13.224233627319336
2007-11-01,12.310593605041504
2007-11-02,12.357687950134277
2007-11-05,12.508391380310059
2007-11-06,12.913409233093262
2007-11-07,12.272918701171875
2007-11-08,12.49897289276123
2007-11-09,12.6402587890625
2007-11-12,12.612000465393066
2007-11-13,13.177139282226562
2007-11-14,13.148881912231445
2007-11-15,13.18655776977539
2007-11-16,13.20539665222168
2007-11-19,12.95108413696289
2007-11-20,13.101787567138672
2007-11-21,12.80038070678711
2007-11-23,13.1394624710083
2007-11-26,13.073531150817871
2007-11-27,13.130043983459473
2007-11-28,13.56331729888916
2007-11-29,13.506803512573242
2007-11-30,13.600992202758789
2007-12-03,13.309005737304688
2007-12-04,12.979340553283691
2007-12-05,12.969921112060547
2007-12-06,13.356099128723145
2007-12-07,13.761116027832031
2007-12-10,13.96833324432373
2007-12-11,13.243072509765625
2007-12-12,13.666925430297852
2007-12-13,13.440871238708496
2007-12-14,13.318424224853516
2007-12-17,13.148881912231445
2007-12-18,13.337262153625488
2007-12-19,13.243072509765625
2007-12-20,13.384357452392578
2007-12-21,13.657506942749023
2007-12-24,14.03426456451416
2007-12-26,14.194387435913086
2007-12-27,14.175549507141113
2007-12-28,14.250901222229004
2007-12-31,14.684174537658691
2008-01-02,14.071941375732422
2008-01-03,14.637079238891602
2008-01-04,13.79879093170166
2008-01-07,13.874141693115234
2008-01-08,13.412612915039062
2008-01-09,13.356099128723145
2008-01-10,13.365518569946289
2008-01-11,12.489555358886719
2008-01-14,12.423622131347656
2008-01-15,11.736037254333496
2008-01-16,11.98093032836914
2008-01-17,11.594752311706543
2008-01-18,11.086128234863281
2008-01-22,10.991938591003418
2008-01-23,11.283926010131836
2008-01-24,11.31218433380127
2008-01-25,11.029613494873047
2008-01-28,11.585333824157715
2008-01-29,11.359278678894043
2008-01-30,11.302764892578125
2008-01-31,11.594752311706543
2008-02-01,12.301175117492676
2008-02-04,12.254079818725586
2008-02-05,11.462886810302734
2008-02-06,11.208574295043945
2008-02-07,11.368697166442871
2008-02-08,11.396953582763672
2008-02-11,11.227411270141602
2008-02-12,11.09554672241211
2008-02-13,11.566495895385742
2008-02-14,11.05787181854248
2008-02-15,10.643436431884766
2008-02-19,10.60576057434082
2008-02-20,11.651265144348145
2008-02-21,11.679522514343262
2008-02-22,11.3781156539917
2008-02-25,11.877320289611816
2008-02-26,12.34826946258545
2008-02-27,11.849064826965332
2008-02-28,11.764293670654297
2008-02-29,11.425210952758789
2008-03-03,11.076708793640137
2008-03-04,10.897748947143555
2008-03-05,10.954261779785156
2008-03-06,10.539827346801758
2008-03-07,10.473895072937012
2008-03-10,9.99352741241455
2008-03-11,10.803558349609375
2008-03-12,10.690530776977539
2008-03-13,11.415791511535645
2008-03-14,10.869491577148438
2008-03-17,10.351448059082031
2008-03-18,11.566495895385742
2008-03-19,11.05787181854248
2008-03-20,11.283926010131836
2008-03-24,11.444047927856445
2008-03-25,11.971510887145996
2008-03-26,11.491142272949219
2008-03-27,11.396953582763672
2008-03-28,11.321603775024414
2008-03-31,11.38836669921875
2008-04-01,11.617280006408691
2008-04-02,12.046489715576172
2008-04-03,12.284939765930176
2008-04-04,12.428009033203125
2008-04-07,11.951108932495117
2008-04-08,12.180022239685059
2008-04-09,11.884344100952148
2008-04-10,12.075103759765625
2008-04-11,11.340678215026855
2008-04-14,11.140380859375
2008-04-15,11.331140518188477
2008-04-16,11.750811576843262
2008-04-17,11.55051326751709
2008-04-18,11.674507141113281
2008-04-21,11.464673042297363
2008-04-22,11.159456253051758
2008-04-23,11.273911476135254
2008-04-24,11.62681770324707
2008-04-25,11.7412748336792
2008-04-28,11.588665008544922
2008-04-29,11.369291305541992
2008-04-30,11.502823829650879
2008-05-01,11.865267753601074
2008-05-02,11.693583488464355
2008-05-05,11.607742309570312
2008-05-06,11.645894050598145
2008-05-07,11.70312213897705
2008-05-08,11.855730056762695
2008-05-09,11.607742309570312
2008-05-12,11.7412748336792
2008-05-13,11.893881797790527
2008-05-14,11.70312213897705
2008-05-15,11.78896427154541
2008-05-16,11.560051918029785
2008-05-19,11.483748435974121
2008-05-20,11.28345012664795
2008-05-21,11.121304512023926
2008-05-22,11.159456253051758
2008-05-23,10.863778114318848
2008-05-27,10.749321937561035
2008-05-28,10.520410537719727
2008-05-29,10.625328063964844
2008-05-30,10.768397331237793
2008-06-02,10.587176322937012
2008-06-03,10.491796493530273
2008-06-04,10.491796493530273
2008-06-05,10.625328063964844
2008-06-06,10.291498184204102
2008-06-09,10.186580657958984
2008-06-10,10.25334644317627
2008-06-11,10.100738525390625
2008-06-12,10.16750431060791
2008-06-13,10.453643798828125
2008-06-16,10.358263969421387
2008-06-17,10.072125434875488
2008-06-18,10.072125434875488
2008-06-19,10.100738525390625
2008-06-20,10.11027717590332
2008-06-23,9.795522689819336
2008-06-24,9.585686683654785
2008-06-25,9.690604209899902
2008-06-26,9.537996292114258
2008-06-27,9.623838424682617
2008-06-30,9.518918991088867
2008-07-01,9.642914772033691
2008-07-02,9.547534942626953
2008-07-03,9.356775283813477
2008-07-07,9.299546241760254
2008-07-08,9.471231460571289
2008-07-09,9.070634841918945
2008-07-10,9.127862930297852
2008-07-11,9.242318153381348
2008-07-14,9.118325233459473
2008-07-15,9.00386905670166
2008-07-16,9.347237586975098
2008-07-17,9.356775283813477
2008-07-18,9.251856803894043
2008-07-21,9.261394500732422
2008-07-22,9.833674430847168
2008-07-23,9.757369995117188
2008-07-24,9.547534942626953
2008-07-25,9.776446342468262
2008-07-28,9.681065559387207
2008-07-29,10.205656051635742
2008-07-30,10.30103588104248
2008-07-31,10.396416664123535
2008-08-01,10.272422790527344
2008-08-04,9.661991119384766
2008-08-05,10.13888931274414
2008-08-06,10.329649925231934
2008-08-07,10.463181495666504
2008-08-08,10.730245590209961
2008-08-11,10.901930809020996
2008-08-12,10.510872840881348
2008-08-13,10.558562278747559
2008-08-14,10.529948234558105
2008-08-15,10.501334190368652
2008-08-18,10.148427963256836
2008-08-19,10.00535774230957
2008-08-20,10.196118354797363
2008-08-21,9.934927940368652
2008-08-22,10.138075828552246
2008-08-25,9.876885414123535
2008-08-26,9.751126289367676
2008-08-27,9.635041236877441
2008-08-28,9.644715309143066
2008-08-29,9.74145221710205
2008-09-02,9.044944763183594
2008-09-03,9.383524894714355
2008-09-04,8.774078369140625
2008-09-05,8.657994270324707
2008-09-08,8.822447776794434
2008-09-09,8.464519500732422
2008-09-10,8.454845428466797
2008-09-11,8.599952697753906
2008-09-12,8.435498237609863
2008-09-15,8.203328132629395
2008-09-16,8.435498237609863
2008-09-17,8.23235034942627
2008-09-18,9.035270690917969
2008-09-19,9.68341064453125
2008-09-22,9.054617881774902
2008-09-23,8.599952697753906
2008-09-24,8.406476974487305
2008-09-25,8.812774658203125
2008-09-26,8.541909217834473
2008-09-29,8.058221817016602
2008-09-30,8.590277671813965
2008-10-01,8.454845428466797
2008-10-02,8.019527435302734
2008-10-03,8.29039192199707
2008-10-06,7.6132307052612305
2008-10-07,6.471729755401611
2008-10-08,6.191191673278809
2008-10-09,5.291533946990967
2008-10-10,5.175448894500732
2008-10-13,6.578141212463379
2008-10-14,6.239560127258301
2008-10-15,5.417292594909668
2008-10-16,5.601093769073486
2008-10-17,5.794568061828613
2008-10-20,6.200864791870117
2008-10-21,6.200864791870117
2008-10-22,5.562398433685303
2008-10-23,4.962626934051514
2008-10-24,4.604698657989502
2008-10-27,4.478940486907959
2008-10-28,4.836868762969971
2008-10-29,5.5914201736450195
2008-10-30,6.007390975952148
2008-10-31,6.761941909790039
2008-11-03,7.429429531097412
2008-11-04,7.352039813995361
2008-11-05,7.264976501464844
2008-11-06,6.249233722686768
2008-11-07,5.66880989074707
2008-11-10,5.175448894500732
2008-11-11,5.2818603515625
2008-11-12,4.759478569030762
2008-11-13,5.417292594909668
2008-11-14,4.94327974319458
2008-11-17,4.759478569030762
2008-11-18,4.6433939933776855
2008-11-19,4.24677038192749
2008-11-20,3.975905656814575
2008-11-21,4.478940486907959
2008-11-24,4.991648197174072
2008-11-25,4.904584884643555
2008-11-26,5.455987453460693
2008-11-28,5.601093769073486
2008-12-01,4.575677394866943
2008-12-02,4.8465423583984375
2008-12-03,4.8465423583984375
2008-12-04,4.807847023010254
2008-12-05,4.7014360427856445
2008-12-08,5.020669460296631
2008-12-09,4.740131378173828
2008-12-10,4.76915168762207
2008-12-11,4.304812908172607
2008-12-12,4.952953338623047
2008-12-15,4.440245151519775
2008-12-16,5.291533946990967
2008-12-17,5.426966667175293
2008-12-18,5.136754035949707
2008-12-19,5.2818603515625
2008-12-22,5.33022928237915
2008-12-23,5.262513160705566
2008-12-24,5.359250068664551
2008-12-26,5.7752203941345215
2008-12-29,5.388271331787109
2008-12-30,5.552724838256836
2008-12-31,6.3943400382995605
2009-01-02,6.142822742462158
2009-01-05,5.7848944664001465
2009-01-06,6.104127883911133
2009-01-07,5.8429365158081055
2009-01-08,6.307276248931885
2009-01-09,5.7171783447265625
2009-01-12,5.204470634460449
2009-01-13,5.0303425788879395
2009-01-14,4.836868762969971
2009-01-15,4.362855434417725
2009-01-16,4.256444454193115
2009-01-20,3.869494676589966
2009-01-21,4.382203102111816
2009-01-22,4.091990947723389
2009-01-23,4.324160099029541
2009-01-26,4.507960796356201
2009-01-27,4.720783233642578
2009-01-28,5.175448894500732
2009-01-29,4.58535099029541
2009-01-30,4.566003799438477
2009-02-02,4.885237693786621
2009-02-03,5.117406845092773
2009-02-04,4.6337199211120605
2009-02-05,4.740131378173828
2009-02-06,5.146428108215332
2009-02-09,5.185122966766357
2009-02-10,4.691762447357178
2009-02-11,4.672414779663086
2009-02-12,4.682088851928711
2009-02-13,4.991648197174072
2009-02-17,4.575677394866943
2009-02-18,4.507960796356201
2009-02-19,4.566003799438477
2009-02-20,4.478940486907959
2009-02-23,4.140359878540039
2009-02-24,4.7014360427856445
2009-02-25,4.40155029296875
2009-02-26,4.353181838989258
2009-02-27,4.449918746948242
2009-03-02,4.111338138580322
2009-03-03,3.9565584659576416
2009-03-04,4.091990947723389
2009-03-05,3.8888421058654785
2009-03-06,3.995253562927246
2009-03-09,3.7437360286712646
2009-03-10,4.527308940887451
2009-03-11,4.188727855682373
2009-03-12,4.24677038192749
2009-03-13,4.121012210845947
2009-03-16,3.9662318229675293
2009-03-17,4.179054260253906
2009-03-18,4.440245151519775
2009-03-19,4.624046325683594
2009-03-20,4.0242743492126465
2009-03-23,4.807847023010254
2009-03-24,4.527308940887451
2009-03-25,4.6433939933776855
2009-03-26,5.0400166511535645
2009-03-27,4.536982536315918
2009-03-30,4.440245151519775
2009-03-31,4.730457305908203
2009-04-01,4.711109638214111
2009-04-02,5.194796562194824
2009-04-03,5.204470634460449
2009-04-06,5.010995388031006
2009-04-07,4.76915168762207
2009-04-08,5.136754035949707
2009-04-09,5.436639785766602
2009-04-13,5.426966667175293
2009-04-14,5.436639785766602
2009-04-15,5.446313858032227
2009-04-16,5.833263397216797
2009-04-17,5.794568061828613
2009-04-20,5.272186279296875
2009-04-21,5.397944927215576
2009-04-22,5.339902400970459
2009-04-23,5.23349142074585
2009-04-24,5.223817825317383
2009-04-27,5.107733249664307
2009-04-28,5.165775775909424
2009-04-29,5.243165493011475
2009-04-30,5.194796562194824
2009-05-01,5.320555210113525
2009-05-04,5.562398433685303
2009-05-05,6.113801956176758
2009-05-06,5.891305446624756
2009-05-07,5.707504749298096
2009-05-08,6.046085357666016
2009-05-11,5.649462699890137
2009-05-12,5.755873203277588
2009-05-13,5.339902400970459
2009-05-14,5.562398433685303
2009-05-15,5.368924140930176
2009-05-18,5.939673900604248
2009-05-19,5.697831153869629
2009-05-20,5.833263397216797
2009-05-21,5.7171783447265625
2009-05-22,5.823589324951172
2009-05-26,6.220212936401367
2009-05-27,5.8429365158081055
2009-05-28,5.426966667175293
2009-05-29,5.262513160705566
2009-06-01,5.823589324951172
2009-06-02,6.278254985809326
2009-06-03,6.471729755401611
2009-06-04,6.897374153137207
2009-06-05,6.839332103729248
2009-06-08,6.790963172912598
2009-06-09,5.939673900604248
2009-06-10,6.268581390380859
2009-06-11,6.471729755401611
2009-06-12,6.694225788116455
2009-06-15,6.142822742462158
2009-06-16,6.326623916625977
2009-06-17,6.761941909790039
2009-06-18,6.6652045249938965
2009-06-19,6.742594242095947
2009-06-22,6.442708492279053
2009-06-23,6.268581390380859
2009-06-24,6.34597110748291
2009-06-25,6.6748785972595215
2009-06-26,6.965090274810791
2009-06-29,6.829658031463623
2009-06-30,6.984437942504883
2009-07-01,7.0715012550354
2009-07-02,6.626509666442871
2009-07-06,6.88770055770874
2009-07-07,6.510424613952637
2009-07-08,6.558793544769287
2009-07-09,6.336297988891602
2009-07-10,6.713573455810547
2009-07-13,6.752268314361572
2009-07-14,6.752268314361572
2009-07-15,6.781289577484131
2009-07-16,7.013458728790283
2009-07-17,6.781289577484131
2009-07-20,6.878026962280273
2009-07-21,6.974764347076416
2009-07-22,6.88770055770874
2009-07-23,6.878026962280273
2009-07-24,6.936069488525391
2009-07-27,6.907047748565674
2009-07-28,7.206933498382568
2009-07-29,7.081175804138184
2009-07-30,7.323018550872803
2009-07-31,7.632578372955322
2009-08-03,7.303671360015869
2009-08-04,7.38106107711792
2009-08-05,7.052154064178467
2009-08-06,7.139217853546143
2009-08-07,7.139217853546143
2009-08-10,6.984437942504883
2009-08-11,7.119870185852051
2009-08-12,7.177912712097168
2009-08-13,7.371387004852295
2009-08-14,7.206933498382568
2009-08-17,6.955416679382324
2009-08-18,7.177912712097168
2009-08-19,7.235955238342285
2009-08-20,7.390734672546387
2009-08-21,7.245628833770752
2009-08-24,7.158565044403076
2009-08-25,7.148891448974609
2009-08-26,7.119870185852051
2009-08-27,7.100522994995117
2009-08-28,7.081175804138184
2009-08-31,7.110196113586426
2009-09-01,6.8006367683410645
2009-09-02,6.694225788116455
2009-09-03,6.723247051239014
2009-09-04,6.88770055770874
2009-09-08,6.868353366851807
2009-09-09,6.916721820831299
2009-09-10,6.945742607116699
2009-09-11,6.7329206466674805
2009-09-14,6.790963172912598
2009-09-15,6.8103108406066895
2009-09-16,6.99411153793335
2009-09-17,7.032806873321533
2009-09-18,7.110196113586426
2009-09-21,7.148891448974609
2009-09-22,7.032806873321533
2009-09-23,6.945742607116699
2009-09-24,6.858679294586182
2009-09-25,7.100522994995117
2009-09-28,7.458451271057129
2009-09-29,7.448777198791504
2009-09-30,7.4681243896484375
2009-10-01,7.003785133361816
2009-10-02,6.88770055770874
2009-10-05,6.936069488525391
2009-10-06,7.303671360015869
2009-10-07,7.264976501464844
2009-10-08,7.245628833770752
2009-10-09,7.506820201873779
2009-10-12,7.4777984619140625
2009-10-13,7.564862251281738
2009-10-14,7.593883037567139
2009-10-15,7.758337020874023
2009-10-16,7.4100823402404785
2009-10-19,7.38106107711792
2009-10-20,6.907047748565674
2009-10-21,6.868353366851807
2009-10-22,7.003785133361816
2009-10-23,6.752268314361572
2009-10-26,6.829658031463623
2009-10-27,6.761941909790039
2009-10-28,6.616836071014404
2009-10-29,6.742594242095947
2009-10-30,6.597488880157471
2009-11-02,6.5297722816467285
2009-11-03,6.558793544769287
2009-11-04,7.4681243896484375
2009-11-05,7.574535846710205
2009-11-06,7.419755935668945
2009-11-09,7.58420991897583
2009-11-10,7.4777984619140625
2009-11-11,7.58420991897583
2009-11-12,7.303671360015869
2009-11-13,7.700294494628906
2009-11-16,7.864748001098633
2009-11-17,7.651925563812256
2009-11-18,7.845400333404541
2009-11-19,7.777684211730957
2009-11-20,7.884095191955566
2009-11-23,8.21300220489502
2009-11-24,8.203328132629395
2009-11-25,8.02920150756836
2009-11-27,7.864748001098633
2009-11-30,7.932463645935059
2009-12-01,8.000181198120117
2009-12-02,8.116265296936035
2009-12-03,7.893769264221191
2009-12-04,8.599952697753906
2009-12-07,9.17070198059082
2009-12-08,8.977227210998535
2009-12-09,8.967554092407227
2009-12-10,8.648320198059082
2009-12-11,8.71603775024414
2009-12-14,8.78375244140625
2009-12-15,8.638647079467773
2009-12-16,8.72571086883545
2009-12-17,8.551583290100098
2009-12-18,8.590277671813965
2009-12-21,8.67734146118164
2009-12-22,8.657994270324707
2009-12-23,8.996575355529785
2009-12-24,8.996575355529785
2009-12-28,9.044944763183594
2009-12-29,9.09331226348877
2009-12-30,9.083639144897461
2009-12-31,8.996575355529785
2010-01-04,9.219070434570312
2010-01-05,9.035270690917969
2010-01-06,8.967554092407227
2010-01-07,9.141681671142578
2010-01-08,9.596346855163574
2010-01-11,9.37385082244873
2010-01-12,9.044944763183594
2010-01-13,9.112659454345703
2010-01-14,9.19005012512207
2010-01-15,8.996575355529785
2010-01-19,9.180376052856445
2010-01-20,8.899837493896484
2010-01-21,8.51288890838623
2010-01-22,8.570930480957031
2010-01-25,8.822447776794434
2010-01-26,8.696688652038574
2010-01-27,8.68701457977295
2010-01-28,8.358108520507812
2010-01-29,8.377455711364746
2010-02-01,8.396803855895996
2010-02-02,8.261370658874512
2010-02-03,8.096918106079102
2010-02-04,7.806704998016357
2010-02-05,8.10659122467041
2010-02-08,8.067896842956543
2010-02-09,8.474193572998047
2010-02-10,8.8031005859375
2010-02-11,9.325482368469238
2010-02-12,9.19005012512207
2010-02-16,9.19005012512207
2010-02-17,9.315808296203613
2010-02-18,9.460914611816406
2010-02-19,9.228744506835938
2010-02-22,8.996575355529785
2010-02-23,8.78375244140625
2010-02-24,8.89016342163086
2010-02-25,9.132007598876953
2010-02-26,9.199723243713379
2010-03-01,9.286787986755371
2010-03-02,9.644715309143066
2010-03-03,9.751126289367676
2010-03-04,9.944601058959961
2010-03-05,9.896232604980469
2010-03-08,9.828516006469727
2010-03-09,10.021990776062012
2010-03-10,11.772937774658203
2010-03-11,11.579463005065918
2010-03-12,11.415009498596191
2010-03-15,11.269903182983398
2010-03-16,11.405335426330566
2010-03-17,12.392057418823242
2010-03-18,12.856395721435547
2010-03-19,12.556509971618652
2010-03-22,13.088565826416016
2010-03-23,13.659316062927246
2010-03-24,13.378777503967285
2010-03-25,13.136934280395508
2010-03-26,13.117587089538574
2010-03-29,13.340083122253418
2010-03-30,13.533557891845703
2010-03-31,13.359430313110352
2010-04-01,13.36910343170166
2010-04-05,13.794748306274414
2010-04-06,13.746379852294922
2010-04-07,13.77540111541748
2010-04-08,13.59160041809082
2010-04-09,13.340083122253418
2010-04-12,13.562579154968262
2010-04-13,13.920507431030273
2010-04-14,14.597668647766113
2010-04-15,14.646037101745605
2010-04-16,14.47191047668457
2010-04-19,14.462235450744629
2010-04-20,14.617015838623047
2010-04-21,14.597668647766113
2010-04-22,14.47191047668457
2010-04-23,15.41993522644043
2010-04-26,15.120051383972168
2010-04-27,14.849185943603516
2010-04-28,15.023313522338867
2010-04-29,15.516674041748047
2010-04-30,14.626689910888672
2010-05-03,15.410262107849121
2010-05-04,14.820164680480957
2010-05-05,14.046266555786133
2010-05-06,12.749984741210938
2010-05-07,12.111518859863281
2010-05-10,12.71129035949707
2010-05-11,13.088565826416016
2010-05-12,13.51421070098877
2010-05-13,13.446494102478027
2010-05-14,13.059544563293457
2010-05-17,12.982154846191406
2010-05-18,12.788680076599121
2010-05-19,12.450098991394043
2010-05-20,11.511746406555176
2010-05-21,11.93739128112793
2010-05-24,11.608484268188477
2010-05-25,11.444029808044434
2010-05-26,11.38598918914795
2010-05-27,12.324339866638184
2010-05-28,11.801959037780762
2010-06-01,11.163492202758789
2010-06-02,11.34729290008545
2010-06-03,11.821307182312012
2010-06-04,10.902301788330078
2010-06-07,10.805563926696777
2010-06-08,10.74752140045166
2010-06-09,10.863606452941895
2010-06-10,11.366640090942383
2010-06-11,11.598810195922852
2010-06-14,11.560114860534668
2010-06-15,12.005106925964355
2010-06-16,11.985759735107422
2010-06-17,11.840653419494629
2010-06-18,11.947065353393555
2010-06-21,11.966412544250488
2010-06-22,11.676199913024902
2010-06-23,11.656852722167969
2010-06-24,11.31827163696289
2010-06-25,11.598810195922852
2010-06-28,12.41140365600586
2010-06-29,12.150214195251465
2010-06-30,12.082496643066406
2010-07-01,12.005106925964355
2010-07-02,12.043802261352539
2010-07-06,11.927717208862305
2010-07-07,12.469447135925293
2010-07-08,13.011176109313965
2010-07-09,13.398126602172852
2010-07-12,13.136934280395508
2010-07-13,13.901159286499023
2010-07-14,13.752960205078125
2010-07-15,13.288599014282227
2010-07-16,12.83411979675293
2010-07-19,13.2391996383667
2010-07-20,13.575119018554688
2010-07-21,13.258959770202637
2010-07-22,14.385279655456543
2010-07-23,15.066999435424805
2010-07-26,15.353519439697266
2010-07-27,15.531359672546387
2010-07-28,15.165800094604492
2010-07-29,15.205320358276367
2010-07-30,15.551119804382324
2010-08-02,15.699319839477539
2010-08-03,15.590639114379883
2010-08-04,15.50171947479248
2010-08-05,15.195439338684082
2010-08-06,15.709198951721191
2010-08-09,15.738840103149414
2010-08-10,15.234959602355957
2010-08-11,14.177800178527832
2010-08-12,13.802359580993652
2010-08-13,13.347880363464355
2010-08-16,13.782599449157715
2010-08-17,13.930800437927246
2010-08-18,14.049360275268555
2010-08-19,13.357760429382324
2010-08-20,13.357760429382324
2010-08-23,13.12063980102539
2010-08-24,13.02184009552002
2010-08-25,13.318239212036133
2010-08-26,12.992198944091797
2010-08-27,13.565238952636719
2010-08-30,13.268839836120605
2010-08-31,13.298480033874512
2010-09-01,14.00984001159668
2010-09-02,13.970319747924805
2010-09-03,14.365519523620605
2010-09-07,13.881400108337402
2010-09-08,14.069119453430176
2010-09-09,13.980198860168457
2010-09-10,13.723320007324219
2010-09-13,13.980198860168457
2010-09-14,13.782599449157715
2010-09-15,13.891280174255371
2010-09-16,13.74307918548584
2010-09-17,13.723320007324219
2010-09-20,14.167920112609863
2010-09-21,14.098759651184082
2010-09-22,14.00984001159668
2010-09-23,13.624519348144531
2010-09-24,14.256839752197266
2010-09-27,13.950559616088867
2010-09-28,14.138279914855957
2010-09-29,14.158040046691895
2010-09-30,14.43467903137207
2010-10-01,14.612519264221191
2010-10-04,14.819999694824219
2010-10-05,15.264599800109863
2010-10-06,15.066999435424805
2010-10-07,15.126279830932617
2010-10-08,15.10651969909668
2010-10-11,15.195439338684082
2010-10-12,15.205320358276367
2010-10-13,15.807999610900879
2010-10-14,15.896920204162598
2010-10-15,15.79811954498291
2010-10-18,15.906800270080566
2010-10-19,15.50171947479248
2010-10-20,15.709198951721191
2010-10-21,15.887039184570312
2010-10-22,18.495359420776367
2010-10-25,18.831279754638672
2010-10-26,18.673198699951172
2010-10-27,18.149560928344727
2010-10-28,18.021120071411133
2010-10-29,17.655559539794922
2010-11-01,17.31964111328125
2010-11-02,17.784000396728516
2010-11-03,18.396560668945312
2010-11-04,18.663318634033203
2010-11-05,18.139680862426758
2010-11-08,18.139680862426758
2010-11-09,17.112159729003906
2010-11-10,17.843278884887695
2010-11-11,17.408559799194336
2010-11-12,16.914560317993164
2010-11-15,16.73672103881836
2010-11-16,16.20319938659668
2010-11-17,16.143918991088867
2010-11-18,16.884920120239258
2010-11-19,16.894800186157227
2010-11-22,16.963958740234375
2010-11-23,16.85527992248535
2010-11-24,17.58639907836914
2010-11-26,17.00347900390625
2010-11-29,16.963958740234375
2010-11-30,16.57863998413086
2010-12-01,16.71695899963379
2010-12-02,16.93431854248047
2010-12-03,17.220840454101562
2010-12-06,17.08251953125
2010-12-07,17.042999267578125
2010-12-08,17.31964111328125
2010-12-09,17.141799926757812
2010-12-10,16.756479263305664
2010-12-13,16.815759658813477
2010-12-14,16.78611946105957
2010-12-15,16.677438735961914
2010-12-16,16.973840713500977
2010-12-17,16.637920379638672
2010-12-20,16.64780044555664
2010-12-21,16.687318801879883
2010-12-22,16.48971939086914
2010-12-23,16.242719650268555
2010-12-27,16.311880111694336
2010-12-28,16.005599975585938
2010-12-29,16.025358200073242
2010-12-30,15.975959777832031
2010-12-31,16.20319938659668
2011-01-03,16.371158599853516
2011-01-04,15.827759742736816
2011-01-05,16.084640502929688
2011-01-06,15.442440032958984
2011-01-07,14.889159202575684
2011-01-10,15.274479866027832
2011-01-11,15.343639373779297
2011-01-12,15.323880195617676
2011-01-13,15.185559272766113
2011-01-14,14.968199729919434
2011-01-18,15.185559272766113
2011-01-19,15.076879501342773
2011-01-20,14.602639198303223
2011-01-21,14.43467903137207
2011-01-24,14.51371955871582
2011-01-25,14.800239562988281
2011-01-26,15.057119369506836
2011-01-27,14.819999694824219
2011-01-28,14.385279655456543
2011-01-31,14.553238868713379
2011-02-01,15.13615894317627
2011-02-02,15.333760261535645
2011-02-03,15.699319839477539
2011-02-04,15.709198951721191
2011-02-07,15.857398986816406
2011-02-08,15.995719909667969
2011-02-09,16.03523826599121
2011-02-10,16.05500030517578
2011-02-11,16.07476043701172
2011-02-14,16.06488037109375
2011-02-15,16.163681030273438
2011-02-16,16.173561096191406
2011-02-17,16.69719886779785
2011-02-18,17.07263946533203
2011-02-22,16.73672103881836
2011-02-23,14.81011962890625
2011-02-24,14.790359497070312
2011-02-25,14.819999694824219
2011-02-28,15.047239303588867
2011-03-01,14.889159202575684
2011-03-02,14.800239562988281
2011-03-03,14.849638938903809
2011-03-04,15.234959602355957
2011-03-07,15.244839668273926
2011-03-08,15.096639633178711
2011-03-09,15.017599105834961
2011-03-10,14.345760345458984
2011-03-11,14.563119888305664
2011-03-14,14.918800354003906
2011-03-15,14.750840187072754
2011-03-16,14.14815902709961
2011-03-17,13.930800437927246
2011-03-18,14.859519958496094
2011-03-21,15.116399765014648
2011-03-22,15.195439338684082
2011-03-23,15.175679206848145
2011-03-24,15.590639114379883
2011-03-25,15.748719215393066
2011-03-28,15.600519180297852
2011-03-29,15.857398986816406
2011-03-30,16.11427879333496
2011-03-31,16.2921199798584
2011-04-01,16.232839584350586
2011-04-04,16.242719650268555
2011-04-05,16.85527992248535
2011-04-06,16.56875991821289
2011-04-07,16.608278274536133
2011-04-08,16.232839584350586
2011-04-11,16.143918991088867
2011-04-12,15.383159637451172
2011-04-13,15.31399917602539
2011-04-14,15.728960037231445
2011-04-15,15.926560401916504
2011-04-18,15.472079277038574
2011-04-19,15.225079536437988
2011-04-20,16.153799057006836
2011-04-21,16.311880111694336
2011-04-25,16.381038665771484
2011-04-26,16.756479263305664
2011-04-27,16.05500030517578
2011-04-28,16.6181583404541
2011-04-29,16.509479522705078
2011-05-02,15.817879676818848
2011-05-03,15.768479347229004
2011-05-04,15.630159378051758
2011-05-05,15.521479606628418
2011-05-06,15.50171947479248
2011-05-09,16.104398727416992
2011-05-10,16.410680770874023
2011-05-11,16.06488037109375
2011-05-12,16.381038665771484
2011-05-13,16.12415885925293
2011-05-16,15.877159118652344
2011-05-17,15.867279052734375
2011-05-18,16.2921199798584
2011-05-19,16.21307945251465
2011-05-20,16.05500030517578
2011-05-23,15.768479347229004
2011-05-24,15.472079277038574
2011-05-25,15.748719215393066
2011-05-26,15.896920204162598
2011-05-27,15.916680335998535
2011-05-31,16.361278533935547
2011-06-01,15.709198951721191
2011-06-02,15.531359672546387
2011-06-03,15.373279571533203
2011-06-06,15.353519439697266
2011-06-07,15.58076000213623
2011-06-08,15.195439338684082
2011-06-09,15.452320098876953
2011-06-10,15.412799835205078
2011-06-13,15.2843599319458
2011-06-14,15.600519180297852
2011-06-15,15.126279830932617
2011-06-16,15.165800094604492
2011-06-17,14.829879760742188
2011-06-20,14.99783992767334
2011-06-21,15.659799575805664
2011-06-22,15.383159637451172
2011-06-23,15.452320098876953
2011-06-24,15.146039962768555
2011-06-27,15.531359672546387
2011-06-28,15.867279052734375
2011-06-29,15.738840103149414
2011-06-30,15.975959777832031
2011-07-01,16.361278533935547
2011-07-05,16.19331932067871
2011-07-06,16.11427879333496
2011-07-07,16.371158599853516
2011-07-08,16.20319938659668
2011-07-11,15.817879676818848
2011-07-12,15.244839668273926
2011-07-13,15.600519180297852
2011-07-14,15.274479866027832
2011-07-15,15.076879501342773
2011-07-18,14.938559532165527
2011-07-19,15.323880195617676
2011-07-20,15.027480125427246
2011-07-21,15.13615894317627
2011-07-22,14.978079795837402
2011-07-25,14.859519958496094
2011-07-26,14.7310791015625
2011-07-27,14.138279914855957
2011-07-28,14.069119453430176
2011-07-29,13.901159286499023
2011-08-01,13.911039352416992
2011-08-02,13.219439506530762
2011-08-03,13.002079963684082
2011-08-04,12.34999942779541
2011-08-05,11.880000114440918
2011-08-08,10.260000228881836
2011-08-09,11.1899995803833
2011-08-10,10.039999961853027
2011-08-11,10.859999656677246
2011-08-12,10.609999656677246
2011-08-15,11.069999694824219
2011-08-16,10.869999885559082
2011-08-17,11.0
2011-08-18,10.149999618530273
2011-08-19,10.079999923706055
2011-08-22,9.699999809265137
2011-08-23,10.279999732971191
2011-08-24,10.430000305175781
2011-08-25,10.109999656677246
2011-08-26,10.470000267028809
2011-08-29,11.130000114440918
2011-08-30,11.170000076293945
2011-08-31,11.289999961853027
2011-09-01,10.6899995803833
2011-09-02,9.979999542236328
2011-09-06,9.699999809265137
2011-09-07,10.100000381469727
2011-09-08,9.779999732971191
2011-09-09,9.550000190734863
2011-09-12,9.579999923706055
2011-09-13,9.760000228881836
2011-09-14,10.140000343322754
2011-09-15,10.470000267028809
2011-09-16,10.25
2011-09-19,9.899999618530273
2011-09-20,9.4399995803833
2011-09-21,9.109999656677246
2011-09-22,8.399999618530273
2011-09-23,8.720000267028809
2011-09-26,8.880000114440918
2011-09-27,9.510000228881836
2011-09-28,8.90999984741211
2011-09-29,9.119999885559082
2011-09-30,8.75
2011-10-03,8.140000343322754
2011-10-04,9.420000076293945
2011-10-05,9.59000015258789
2011-10-06,10.130000114440918
2011-10-07,9.34000015258789
2011-10-10,9.699999809265137
2011-10-11,9.739999771118164
2011-10-12,10.020000457763672
2011-10-13,10.239999771118164
2011-10-14,10.390000343322754
2011-10-17,9.930000305175781
2011-10-18,10.4399995803833
2011-10-19,9.859999656677246
2011-10-20,9.649999618530273
2011-10-21,10.029999732971191
2011-10-24,10.520000457763672
2011-10-25,10.130000114440918
2011-10-26,9.460000038146973
2011-10-27,9.289999961853027
2011-10-28,8.949999809265137
2011-10-31,9.149999618530273
2011-11-01,8.930000305175781
2011-11-02,8.630000114440918
2011-11-03,9.210000038146973
2011-11-04,8.789999961853027
2011-11-07,8.760000228881836
2011-11-08,8.869999885559082
2011-11-09,8.4399995803833
2011-11-10,8.710000038146973
2011-11-11,9.0600004196167
2011-11-14,8.569999694824219
2011-11-15,8.680000305175781
2011-11-16,8.539999961853027
2011-11-17,8.449999809265137
2011-11-18,8.5
2011-11-21,8.039999961853027
2011-11-22,7.710000038146973
2011-11-23,7.25
2011-11-25,7.0
2011-11-28,7.550000190734863
2011-11-29,7.349999904632568
2011-11-30,8.020000457763672
2011-12-01,7.880000114440918
2011-12-02,7.849999904632568
2011-12-05,8.239999771118164
2011-12-06,8.369999885559082
2011-12-07,8.260000228881836
2011-12-08,7.800000190734863
2011-12-09,8.229999542236328
2011-12-12,8.15999984741211
2011-12-13,7.849999904632568
2011-12-14,7.5
2011-12-15,7.730000019073486
2011-12-16,7.739999771118164
2011-12-19,7.650000095367432
2011-12-20,8.300000190734863
2011-12-21,8.229999542236328
2011-12-22,8.369999885559082
2011-12-23,8.210000038146973
2011-12-27,8.180000305175781
2011-12-28,7.889999866485596
2011-12-29,7.949999809265137
2011-12-30,7.960000038146973
2012-01-03,8.180000305175781
2012-01-04,7.980000019073486
2012-01-05,7.980000019073486
2012-01-06,7.699999809265137
2012-01-09,7.809999942779541
2012-01-10,7.820000171661377
2012-01-11,7.989999771118164
2012-01-12,8.140000343322754
2012-01-13,7.909999847412109
2012-01-17,7.739999771118164
2012-01-18,8.039999961853027
2012-01-19,7.929999828338623
2012-01-20,7.900000095367432
2012-01-23,7.989999771118164
2012-01-24,8.050000190734863
2012-01-25,8.229999542236328
2012-01-26,8.239999771118164
2012-01-27,8.270000457763672
2012-01-30,8.84000015258789
2012-01-31,8.930000305175781
2012-02-01,9.369999885559082
2012-02-02,9.579999923706055
2012-02-03,10.319999694824219
2012-02-06,9.899999618530273
2012-02-07,9.819999694824219
2012-02-08,9.539999961853027
2012-02-09,9.470000267028809
2012-02-10,9.1899995803833
2012-02-13,9.380000114440918
2012-02-14,9.220000267028809
2012-02-15,9.25
2012-02-16,9.4399995803833
2012-02-17,9.270000457763672
2012-02-21,8.869999885559082
2012-02-22,8.9399995803833
2012-02-23,9.289999961853027
2012-02-24,8.670000076293945
2012-02-27,8.619999885559082
2012-02-28,8.40999984741211
2012-02-29,8.119999885559082
2012-03-01,8.140000343322754
2012-03-02,8.0600004196167
2012-03-05,8.0
2012-03-06,7.679999828338623
2012-03-07,7.699999809265137
2012-03-08,7.769999980926514
2012-03-09,8.010000228881836
2012-03-12,7.869999885559082
2012-03-13,8.149999618530273
2012-03-14,7.900000095367432
2012-03-15,7.809999942779541
2012-03-16,7.889999866485596
2012-03-19,8.420000076293945
2012-03-20,8.039999961853027
2012-03-21,8.140000343322754
2012-03-22,8.020000457763672
2012-03-23,8.15999984741211
2012-03-26,8.289999961853027
2012-03-27,8.149999618530273
2012-03-28,8.0600004196167
2012-03-29,8.0
2012-03-30,8.0
2012-04-02,8.380000114440918
2012-04-03,7.980000019073486
2012-04-04,8.010000228881836
2012-04-05,7.829999923706055
2012-04-09,7.71999979019165
2012-04-10,7.610000133514404
2012-04-11,7.710000038146973
2012-04-12,7.849999904632568
2012-04-13,7.599999904632568
2012-04-16,7.690000057220459
2012-04-17,7.889999866485596
2012-04-18,7.599999904632568
2012-04-19,7.599999904632568
2012-04-20,7.619999885559082
2012-04-23,7.320000171661377
2012-04-24,7.5
2012-04-25,7.420000076293945
2012-04-26,7.199999809265137
2012-04-27,7.289999961853027
2012-04-30,6.96999979019165
2012-05-01,6.900000095367432
2012-05-02,6.900000095367432
2012-05-03,6.630000114440918
2012-05-04,6.610000133514404
2012-05-07,6.610000133514404
2012-05-08,6.619999885559082
2012-05-09,6.480000019073486
2012-05-10,6.570000171661377
2012-05-11,6.489999771118164
2012-05-14,6.5
2012-05-15,6.559999942779541
2012-05-16,6.320000171661377
2012-05-17,6.239999771118164
2012-05-18,6.260000228881836
2012-05-21,6.449999809265137
2012-05-22,6.070000171661377
2012-05-23,6.239999771118164
2012-05-24,6.28000020980835
2012-05-25,6.190000057220459
2012-05-29,6.170000076293945
2012-05-30,6.0
2012-05-31,6.019999980926514
2012-06-01,5.800000190734863
2012-06-04,6.150000095367432
2012-06-05,6.019999980926514
2012-06-06,6.550000190734863
2012-06-07,6.670000076293945
2012-06-08,6.760000228881836
2012-06-11,6.690000057220459
2012-06-12,6.760000228881836
2012-06-13,6.320000171661377
2012-06-14,6.320000171661377
2012-06-15,6.480000019073486
2012-06-18,6.289999961853027
2012-06-19,6.539999961853027
2012-06-20,6.420000076293945
2012-06-21,6.079999923706055
2012-06-22,6.570000171661377
2012-06-25,6.5
2012-06-26,6.489999771118164
2012-06-27,6.710000038146973
2012-06-28,6.619999885559082
2012-06-29,6.940000057220459
2012-07-02,7.210000038146973
2012-07-03,7.329999923706055
2012-07-05,7.230000019073486
2012-07-06,7.210000038146973
2012-07-09,7.110000133514404
2012-07-10,6.940000057220459
2012-07-11,6.78000020980835
2012-07-12,6.760000228881836
2012-07-13,6.860000133514404
2012-07-16,6.820000171661377
2012-07-17,7.03000020980835
2012-07-18,7.159999847412109
2012-07-19,6.739999771118164
2012-07-20,6.739999771118164
2012-07-23,6.570000171661377
2012-07-24,6.159999847412109
2012-07-25,6.139999866485596
2012-07-26,6.429999828338623
2012-07-27,6.78000020980835
2012-07-30,6.539999961853027
2012-07-31,6.710000038146973
2012-08-01,6.420000076293945
2012-08-02,6.5
2012-08-03,6.809999942779541
2012-08-06,6.920000076293945
2012-08-07,7.099999904632568
2012-08-08,6.829999923706055
2012-08-09,6.579999923706055
2012-08-10,6.559999942779541
2012-08-13,6.449999809265137
2012-08-14,6.349999904632568
2012-08-15,6.449999809265137
2012-08-16,6.539999961853027
2012-08-17,6.46999979019165
2012-08-20,6.570000171661377
2012-08-21,6.449999809265137
2012-08-22,6.380000114440918
2012-08-23,6.329999923706055
2012-08-24,6.300000190734863
2012-08-27,6.300000190734863
2012-08-28,6.269999980926514
2012-08-29,6.309999942779541
2012-08-30,6.110000133514404
2012-08-31,6.019999980926514
2012-09-04,6.139999866485596
2012-09-05,6.010000228881836
2012-09-06,6.300000190734863
2012-09-07,6.360000133514404
2012-09-10,6.21999979019165
2012-09-11,6.340000152587891
2012-09-12,6.429999828338623
2012-09-13,6.650000095367432
2012-09-14,6.670000076293945
2012-09-17,6.480000019073486
2012-09-18,6.71999979019165
2012-09-19,6.730000019073486
2012-09-20,6.570000171661377
2012-09-21,6.599999904632568
2012-09-24,6.5
2012-09-25,6.489999771118164
2012-09-26,6.510000228881836
2012-09-27,6.809999942779541
2012-09-28,6.670000076293945
2012-10-01,6.610000133514404
2012-10-02,6.46999979019165
2012-10-03,6.429999828338623
2012-10-04,6.650000095367432
2012-10-05,6.659999847412109
2012-10-08,6.539999961853027
2012-10-09,6.329999923706055
2012-10-10,6.389999866485596
2012-10-11,6.489999771118164
2012-10-12,6.269999980926514
2012-10-15,6.349999904632568
2012-10-16,6.46999979019165
2012-10-17,6.230000019073486
2012-10-18,6.010000228881836
2012-10-19,5.800000190734863
2012-10-22,5.849999904632568
2012-10-23,5.96999979019165
2012-10-24,5.929999828338623
2012-10-25,6.03000020980835
2012-10-26,6.039999961853027
2012-10-31,6.380000114440918
2012-11-01,6.360000133514404
2012-11-02,6.46999979019165
2012-11-05,6.110000133514404
2012-11-06,6.230000019073486
2012-11-07,6.0
2012-11-08,5.940000057220459
2012-11-09,5.800000190734863
2012-11-12,5.619999885559082
2012-11-13,5.300000190734863
2012-11-14,5.25
2012-11-15,5.199999809265137
2012-11-16,5.119999885559082
2012-11-19,5.480000019073486
2012-11-20,5.650000095367432
2012-11-21,5.550000190734863
2012-11-23,5.519999980926514
2012-11-26,5.340000152587891
2012-11-27,5.329999923706055
2012-11-28,5.230000019073486
2012-11-29,5.25
2012-11-30,5.349999904632568
2012-12-03,5.400000095367432
2012-12-04,5.369999885559082
2012-12-05,5.449999809265137
2012-12-06,5.349999904632568
2012-12-07,5.239999771118164
2012-12-10,5.380000114440918
2012-12-11,5.489999771118164
2012-12-12,5.329999923706055
2012-12-13,5.329999923706055
2012-12-14,5.300000190734863
2012-12-17,5.329999923706055
2012-12-18,5.360000133514404
2012-12-19,5.349999904632568
2012-12-20,5.380000114440918
2012-12-21,5.320000171661377
2012-12-24,5.349999904632568
2012-12-26,5.420000076293945
2012-12-27,5.400000095367432
2012-12-28,5.400000095367432
2012-12-31,5.420000076293945
2013-01-02,5.78000020980835
2013-01-03,5.579999923706055
2013-01-04,5.579999923706055
2013-01-07,5.409999847412109
2013-01-08,5.400000095367432
2013-01-09,5.429999828338623
2013-01-10,5.360000133514404
2013-01-11,5.409999847412109
2013-01-14,5.380000114440918
2013-01-15,5.440000057220459
2013-01-16,5.380000114440918
2013-01-17,5.380000114440918
2013-01-18,5.380000114440918
2013-01-22,5.369999885559082
2013-01-23,5.5
2013-01-24,5.380000114440918
2013-01-25,5.340000152587891
2013-01-28,5.360000133514404
2013-01-29,5.380000114440918
2013-01-30,5.369999885559082
2013-01-31,5.380000114440918
2013-02-01,5.369999885559082
2013-02-04,5.349999904632568
2013-02-05,5.329999923706055
2013-02-06,5.269999980926514
2013-02-07,5.289999961853027
2013-02-08,5.269999980926514
2013-02-11,5.349999904632568
2013-02-12,5.309999942779541
2013-02-13,5.300000190734863
2013-02-14,5.300000190734863
2013-02-15,5.28000020980835
2013-02-19,5.320000171661377
2013-02-20,5.389999866485596
2013-02-21,5.21999979019165
2013-02-22,5.150000095367432
2013-02-25,5.059999942779541
2013-02-26,5.139999866485596
2013-02-27,5.150000095367432
2013-02-28,5.28000020980835
2013-03-01,5.28000020980835
2013-03-04,5.400000095367432
2013-03-05,5.340000152587891
2013-03-06,5.28000020980835
2013-03-07,5.150000095367432
2013-03-08,5.460000038146973
2013-03-11,5.309999942779541
2013-03-12,5.239999771118164
2013-03-13,5.119999885559082
2013-03-14,5.25
2013-03-15,4.769999980926514
2013-03-18,4.849999904632568
2013-03-19,4.840000152587891
2013-03-20,4.800000190734863
2013-03-21,4.909999847412109
2013-03-22,4.900000095367432
2013-03-25,4.929999828338623
2013-03-26,4.940000057220459
2013-03-27,4.960000038146973
2013-03-28,4.96999979019165
2013-04-01,4.920000076293945
2013-04-02,4.920000076293945
2013-04-03,5.0
2013-04-04,5.0
2013-04-05,4.949999809265137
2013-04-08,4.989999771118164
2013-04-09,4.960000038146973
2013-04-10,5.010000228881836
2013-04-11,5.039999961853027
2013-04-12,4.960000038146973
2013-04-15,4.909999847412109
2013-04-16,4.949999809265137
2013-04-17,4.929999828338623
2013-04-18,4.949999809265137
2013-04-19,4.920000076293945
2013-04-22,4.920000076293945
2013-04-23,5.119999885559082
2013-04-24,5.349999904632568
2013-04-25,5.369999885559082
2013-04-26,5.389999866485596
2013-04-29,5.349999904632568
2013-04-30,5.369999885559082
2013-05-01,5.21999979019165
2013-05-02,5.300000190734863
2013-05-03,5.360000133514404
2013-05-06,5.429999828338623
2013-05-07,5.400000095367432
2013-05-08,5.389999866485596
2013-05-09,5.369999885559082
2013-05-10,5.380000114440918
2013-05-13,5.349999904632568
2013-05-14,5.349999904632568
2013-05-15,5.579999923706055
2013-05-16,5.570000171661377
2013-05-17,5.739999771118164
2013-05-20,5.789999961853027
2013-05-21,5.840000152587891
2013-05-22,5.510000228881836
2013-05-23,5.510000228881836
2013-05-24,5.539999961853027
2013-05-28,5.519999980926514
2013-05-29,5.539999961853027
2013-05-30,5.599999904632568
2013-05-31,5.389999866485596
2013-06-03,5.559999942779541
2013-06-04,5.5
2013-06-05,5.46999979019165
2013-06-06,5.5
2013-06-07,5.449999809265137
2013-06-10,5.440000057220459
2013-06-11,5.400000095367432
2013-06-12,5.320000171661377
2013-06-13,5.440000057220459
2013-06-14,5.269999980926514
2013-06-17,5.239999771118164
2013-06-18,5.260000228881836
2013-06-19,5.21999979019165
2013-06-20,5.170000076293945
2013-06-21,5.670000076293945
2013-06-24,5.599999904632568
2013-06-25,5.619999885559082
2013-06-26,6.079999923706055
2013-06-27,6.380000114440918
2013-06-28,6.849999904632568
2013-07-01,6.829999923706055
2013-07-02,6.579999923706055
2013-07-03,6.639999866485596
2013-07-05,6.809999942779541
2013-07-08,6.849999904632568
2013-07-09,7.210000038146973
2013-07-10,7.389999866485596
2013-07-11,7.550000190734863
2013-07-12,7.25
2013-07-15,7.440000057220459
2013-07-16,7.429999828338623
2013-07-17,7.460000038146973
2013-07-18,7.579999923706055
2013-07-19,7.630000114440918
2013-07-22,7.800000190734863
2013-07-23,7.840000152587891
2013-07-24,8.729999542236328
2013-07-25,8.920000076293945
2013-07-26,8.550000190734863
2013-07-29,8.460000038146973
2013-07-30,8.390000343322754
2013-07-31,8.289999961853027
2013-08-01,8.399999618530273
2013-08-02,8.369999885559082
2013-08-05,8.529999732971191
2013-08-06,8.479999542236328
2013-08-07,8.579999923706055
2013-08-08,8.619999885559082
2013-08-09,8.4399995803833
2013-08-12,8.479999542236328
2013-08-13,8.539999961853027
2013-08-14,8.470000267028809
2013-08-15,8.279999732971191
2013-08-16,8.220000267028809
2013-08-19,8.170000076293945
2013-08-20,8.09000015258789
2013-08-21,7.739999771118164
2013-08-22,8.069999694824219
2013-08-23,7.920000076293945
2013-08-26,8.020000457763672
2013-08-27,7.769999980926514
2013-08-28,7.650000095367432
2013-08-29,7.909999847412109
2013-08-30,7.809999942779541
2013-09-03,7.889999866485596
2013-09-04,7.889999866485596
2013-09-05,7.960000038146973
2013-09-06,7.929999828338623
2013-09-09,7.880000114440918
2013-09-10,7.920000076293945
2013-09-11,7.889999866485596
2013-09-12,7.860000133514404
2013-09-13,7.940000057220459
2013-09-16,8.050000190734863
2013-09-17,8.0
2013-09-18,8.069999694824219
2013-09-19,8.220000267028809
2013-09-20,8.279999732971191
2013-09-23,8.520000457763672
2013-09-24,8.65999984741211
2013-09-25,8.539999961853027
2013-09-26,8.489999771118164
2013-09-27,8.260000228881836
2013-09-30,8.180000305175781
2013-10-01,8.470000267028809
2013-10-02,8.279999732971191
2013-10-03,7.980000019073486
2013-10-04,7.940000057220459
2013-10-07,7.78000020980835
2013-10-08,7.53000020980835
2013-10-09,7.539999961853027
2013-10-10,7.860000133514404
2013-10-11,7.960000038146973
2013-10-14,7.96999979019165
2013-10-15,7.880000114440918
2013-10-16,7.900000095367432
2013-10-17,7.880000114440918
2013-10-18,7.889999866485596
2013-10-21,7.869999885559082
2013-10-22,7.989999771118164
2013-10-23,9.100000381469727
2013-10-24,9.329999923706055
2013-10-25,9.229999542236328
2013-10-28,9.279999732971191
2013-10-29,9.359999656677246
2013-10-30,9.289999961853027
2013-10-31,8.8100004196167
2013-11-01,8.550000190734863
2013-11-04,8.760000228881836
2013-11-05,8.9399995803833
2013-11-06,8.989999771118164
2013-11-07,8.979999542236328
2013-11-08,9.109999656677246
2013-11-11,8.899999618530273
2013-11-12,9.050000190734863
2013-11-13,9.069999694824219
2013-11-14,9.039999961853027
2013-11-15,9.270000457763672
2013-11-18,9.029999732971191
2013-11-19,9.15999984741211
2013-11-20,9.170000076293945
2013-11-21,9.470000267028809
2013-11-22,9.5
2013-11-25,9.630000114440918
2013-11-26,10.210000038146973
2013-11-27,10.75
2013-11-29,10.8100004196167
2013-12-02,10.880000114440918
2013-12-03,11.050000190734863
2013-12-04,11.460000038146973
2013-12-05,11.359999656677246
2013-12-06,11.869999885559082
2013-12-09,12.119999885559082
2013-12-10,11.899999618530273
2013-12-11,11.869999885559082
2013-12-12,11.979999542236328
2013-12-13,12.010000228881836
2013-12-16,12.399999618530273
2013-12-17,12.119999885559082
2013-12-18,12.100000381469727
2013-12-19,11.979999542236328
2013-12-20,12.869999885559082
2013-12-23,13.430000305175781
2013-12-24,13.630000114440918
2013-12-26,13.9399995803833
2013-12-27,13.729999542236328
2013-12-30,13.460000038146973
2013-12-31,13.420000076293945
2014-01-02,12.720000267028809
2014-01-03,13.09000015258789
2014-01-06,13.449999809265137
2014-01-07,13.569999694824219
2014-01-08,13.680000305175781
2014-01-09,13.720000267028809
2014-01-10,13.460000038146973
2014-01-13,12.84000015258789
2014-01-14,12.770000457763672
2014-01-15,12.640000343322754
2014-01-16,12.569999694824219
2014-01-17,12.229999542236328
2014-01-21,12.380000114440918
2014-01-22,12.289999961853027
2014-01-23,11.979999542236328
2014-01-24,11.550000190734863
2014-01-27,11.300000190734863
2014-01-28,11.890000343322754
2014-01-29,11.0600004196167
2014-01-30,11.170000076293945
2014-01-31,10.329999923706055
2014-02-03,9.979999542236328
2014-02-04,10.25
2014-02-05,10.029999732971191
2014-02-06,9.930000305175781
2014-02-07,10.109999656677246
2014-02-10,10.130000114440918
2014-02-11,10.369999885559082
2014-02-12,10.460000038146973
2014-02-13,10.890000343322754
2014-02-14,10.90999984741211
2014-02-18,10.539999961853027
2014-02-19,10.550000190734863
2014-02-20,10.829999923706055
2014-02-21,11.09000015258789
2014-02-24,11.359999656677246
2014-02-25,11.289999961853027
2014-02-26,11.25
2014-02-27,11.130000114440918
2014-02-28,10.770000457763672
2014-03-03,10.460000038146973
2014-03-04,11.359999656677246
2014-03-05,11.4399995803833
2014-03-06,11.420000076293945
2014-03-07,11.300000190734863
2014-03-10,10.989999771118164
2014-03-11,10.640000343322754
2014-03-12,10.3100004196167
2014-03-13,10.930000305175781
2014-03-14,10.319999694824219
2014-03-17,10.100000381469727
2014-03-18,10.239999771118164
2014-03-19,10.3100004196167
2014-03-20,10.1899995803833
2014-03-21,10.34000015258789
2014-03-24,10.3100004196167
2014-03-25,10.449999809265137
2014-03-26,10.100000381469727
2014-03-27,9.890000343322754
2014-03-28,9.8100004196167
2014-03-31,10.199999809265137
2014-04-01,10.680000305175781
2014-04-02,11.180000305175781
2014-04-03,10.210000038146973
2014-04-04,9.300000190734863
2014-04-07,8.760000228881836
2014-04-08,8.800000190734863
2014-04-09,8.970000267028809
2014-04-10,8.399999618530273
2014-04-11,8.239999771118164
2014-04-14,8.420000076293945
2014-04-15,8.640000343322754
2014-04-16,8.539999961853027
2014-04-17,8.819999694824219
2014-04-21,8.829999923706055
2014-04-22,8.869999885559082
2014-04-23,8.649999618530273
2014-04-24,8.529999732971191
2014-04-25,8.140000343322754
2014-04-28,8.119999885559082
2014-04-29,8.130000114440918
2014-04-30,8.359999656677246
2014-05-01,8.199999809265137
2014-05-02,8.100000381469727
2014-05-05,8.109999656677246
2014-05-06,7.860000133514404
2014-05-07,7.730000019073486
2014-05-08,7.570000171661377
2014-05-09,7.800000190734863
2014-05-12,8.09000015258789
2014-05-13,7.739999771118164
2014-05-14,7.5
2014-05-15,7.190000057220459
2014-05-16,7.309999942779541
2014-05-19,7.440000057220459
2014-05-20,7.199999809265137
2014-05-21,7.099999904632568
2014-05-22,7.190000057220459
2014-05-23,7.420000076293945
2014-05-27,7.980000019073486
2014-05-28,7.679999828338623
2014-05-29,7.53000020980835
2014-05-30,7.400000095367432
2014-06-02,7.170000076293945
2014-06-03,7.03000020980835
2014-06-04,7.019999980926514
2014-06-05,7.28000020980835
2014-06-06,7.510000228881836
2014-06-09,7.440000057220459
2014-06-10,7.230000019073486
2014-06-11,7.480000019073486
2014-06-12,7.78000020980835
2014-06-13,7.800000190734863
2014-06-16,8.569999694824219
2014-06-17,8.630000114440918
2014-06-18,8.470000267028809
2014-06-19,8.239999771118164
2014-06-20,8.050000190734863
2014-06-23,7.909999847412109
2014-06-24,8.15999984741211
2014-06-25,8.109999656677246
2014-06-26,7.96999979019165
2014-06-27,8.130000114440918
2014-06-30,8.380000114440918
2014-07-01,8.430000305175781
2014-07-02,8.289999961853027
2014-07-03,8.4399995803833
2014-07-07,8.270000457763672
2014-07-08,7.889999866485596
2014-07-09,7.989999771118164
2014-07-10,7.820000171661377
2014-07-11,7.96999979019165
2014-07-14,7.929999828338623
2014-07-15,7.769999980926514
2014-07-16,7.710000038146973
2014-07-17,7.46999979019165
2014-07-18,7.78000020980835
2014-07-21,7.809999942779541
2014-07-22,8.010000228881836
2014-07-23,8.1899995803833
2014-07-24,8.140000343322754
2014-07-25,8.0
2014-07-28,8.140000343322754
2014-07-29,8.09000015258789
2014-07-30,7.949999809265137
2014-07-31,7.880000114440918
2014-08-01,7.760000228881836
2014-08-04,7.920000076293945
2014-08-05,7.849999904632568
2014-08-06,7.840000152587891
2014-08-07,7.900000095367432
2014-08-08,7.949999809265137
2014-08-11,8.279999732971191
2014-08-12,8.020000457763672
2014-08-13,8.0
2014-08-14,7.949999809265137
2014-08-15,7.769999980926514
2014-08-18,8.079999923706055
2014-08-19,7.860000133514404
2014-08-20,7.699999809265137
2014-08-21,7.630000114440918
2014-08-22,7.809999942779541
2014-08-25,8.050000190734863
2014-08-26,8.829999923706055
2014-08-27,8.789999961853027
2014-08-28,8.34000015258789
2014-08-29,8.199999809265137
2014-09-02,8.630000114440918
2014-09-03,8.34000015258789
2014-09-04,8.319999694824219
2014-09-05,8.510000228881836
2014-09-08,8.399999618530273
2014-09-09,8.4399995803833
2014-09-10,8.729999542236328
2014-09-11,8.970000267028809
2014-09-12,9.09000015258789
2014-09-15,8.930000305175781
2014-09-16,8.90999984741211
2014-09-17,8.960000038146973
2014-09-18,9.039999961853027
2014-09-19,9.34000015258789
2014-09-22,9.510000228881836
2014-09-23,9.319999694824219
2014-09-24,9.25
2014-09-25,9.079999923706055
2014-09-26,9.229999542236328
2014-09-29,9.359999656677246
2014-09-30,9.399999618530273
2014-10-01,8.699999809265137
2014-10-02,8.949999809265137
2014-10-03,9.670000076293945
2014-10-06,9.800000190734863
2014-10-07,10.199999809265137
2014-10-08,10.430000305175781
2014-10-09,9.989999771118164
2014-10-10,9.880000114440918
2014-10-13,9.729999542236328
2014-10-14,9.739999771118164
2014-10-15,9.829999923706055
2014-10-16,9.75
2014-10-17,9.220000267028809
2014-10-20,9.25
2014-10-21,9.699999809265137
2014-10-22,11.420000076293945
2014-10-23,11.260000228881836
2014-10-24,11.34000015258789
2014-10-27,11.380000114440918
2014-10-28,12.40999984741211
2014-10-29,12.65999984741211
2014-10-30,13.069999694824219
2014-10-31,13.609999656677246
2014-11-03,13.34000015258789
2014-11-04,13.289999961853027
2014-11-05,13.050000190734863
2014-11-06,13.039999961853027
2014-11-07,12.899999618530273
2014-11-10,13.210000038146973
2014-11-11,13.020000457763672
2014-11-12,13.0600004196167
2014-11-13,12.680000305175781
2014-11-14,12.84000015258789
2014-11-17,12.319999694824219
2014-11-18,12.260000228881836
2014-11-19,11.640000343322754
2014-11-20,11.720000267028809
2014-11-21,11.75
2014-11-24,12.130000114440918
2014-11-25,12.149999618530273
2014-11-26,12.119999885559082
2014-11-28,12.199999809265137
2014-12-01,12.229999542236328
2014-12-02,12.609999656677246
2014-12-03,12.789999961853027
2014-12-04,12.850000381469727
2014-12-05,13.0
2014-12-08,12.680000305175781
2014-12-09,13.289999961853027
2014-12-10,12.449999809265137
2014-12-11,12.289999961853027
2014-12-12,12.369999885559082
2014-12-15,12.5600004196167
2014-12-16,12.479999542236328
2014-12-17,12.970000267028809
2014-12-18,13.100000381469727
2014-12-19,12.649999618530273
2014-12-22,12.640000343322754
2014-12-23,12.5600004196167
2014-12-24,12.65999984741211
2014-12-26,12.699999809265137
2014-12-29,12.5
2014-12-30,12.119999885559082
2014-12-31,12.100000381469727
2015-01-02,11.829999923706055
2015-01-05,11.779999732971191
2015-01-06,11.649999618530273
2015-01-07,11.829999923706055
2015-01-08,12.0600004196167
2015-01-09,11.979999542236328
2015-01-12,12.039999961853027
2015-01-13,12.270000457763672
2015-01-14,11.989999771118164
2015-01-15,11.899999618530273
2015-01-16,12.050000190734863
2015-01-20,11.729999542236328
2015-01-21,11.350000381469727
2015-01-22,11.75
2015-01-23,11.65999984741211
2015-01-26,11.770000457763672
2015-01-27,11.640000343322754
2015-01-28,11.229999542236328
2015-01-29,11.75
2015-01-30,10.770000457763672
2015-02-02,11.020000457763672
2015-02-03,11.239999771118164
2015-02-04,10.930000305175781
2015-02-05,11.199999809265137
2015-02-06,11.25
2015-02-09,11.0
2015-02-10,11.079999923706055
2015-02-11,10.949999809265137
2015-02-12,11.020000457763672
2015-02-13,11.09000015258789
2015-02-17,11.300000190734863
2015-02-18,11.739999771118164
2015-02-19,12.109999656677246
2015-02-20,12.579999923706055
2015-02-23,12.539999961853027
2015-02-24,12.609999656677246
2015-02-25,12.899999618530273
2015-02-26,13.289999961853027
2015-02-27,13.180000305175781
2015-03-02,14.930000305175781
2015-03-03,15.119999885559082
2015-03-04,14.779999732971191
2015-03-05,14.949999809265137
2015-03-06,14.5
2015-03-09,14.100000381469727
2015-03-10,14.279999732971191
2015-03-11,14.229999542236328
2015-03-12,14.800000190734863
2015-03-13,15.100000381469727
2015-03-16,15.649999618530273
2015-03-17,15.739999771118164
2015-03-18,15.789999961853027
2015-03-19,15.579999923706055
2015-03-20,15.649999618530273
2015-03-23,15.199999809265137
2015-03-24,15.130000114440918
2015-03-25,14.739999771118164
2015-03-26,14.890000343322754
2015-03-27,14.75
2015-03-30,14.859999656677246
2015-03-31,15.199999809265137
2015-04-01,15.369999885559082
2015-04-02,15.399999618530273
2015-04-06,15.25
2015-04-07,15.1899995803833
2015-04-08,15.239999771118164
2015-04-09,15.149999618530273
2015-04-10,16.209999084472656
2015-04-13,17.209999084472656
2015-04-14,16.989999771118164
2015-04-15,17.15999984741211
2015-04-16,17.059999465942383
2015-04-17,16.65999984741211
2015-04-20,17.030000686645508
2015-04-21,16.90999984741211
2015-04-22,16.90999984741211
2015-04-23,16.93000030517578
2015-04-24,16.3700008392334
2015-04-27,16.350000381469727
2015-04-28,16.389999389648438
2015-04-29,16.200000762939453
2015-04-30,15.25
2015-05-01,15.34000015258789
2015-05-04,14.920000076293945
2015-05-05,14.430000305175781
2015-05-06,14.520000457763672
2015-05-07,14.539999961853027
2015-05-08,14.319999694824219
2015-05-11,14.119999885559082
2015-05-12,13.890000343322754
2015-05-13,13.890000343322754
2015-05-14,13.859999656677246
2015-05-15,13.850000381469727
2015-05-18,14.460000038146973
2015-05-19,14.75
2015-05-20,14.5
2015-05-21,14.479999542236328
2015-05-22,13.960000038146973
2015-05-26,13.819999694824219
2015-05-27,13.90999984741211
2015-05-28,13.960000038146973
2015-05-29,13.630000114440918
2015-06-01,13.579999923706055
2015-06-02,13.619999885559082
2015-06-03,13.789999961853027
2015-06-04,14.119999885559082
2015-06-05,14.279999732971191
2015-06-08,14.15999984741211
2015-06-09,13.760000228881836
2015-06-10,14.3100004196167
2015-06-11,14.199999809265137
2015-06-12,14.199999809265137
2015-06-15,13.720000267028809
2015-06-16,13.90999984741211
2015-06-17,13.899999618530273
2015-06-18,13.960000038146973
2015-06-19,13.420000076293945
2015-06-22,13.4399995803833
2015-06-23,13.569999694824219
2015-06-24,13.079999923706055
2015-06-25,12.890000343322754
2015-06-26,11.859999656677246
2015-06-29,11.729999542236328
2015-06-30,12.1899995803833
2015-07-01,11.890000343322754
2015-07-02,11.5600004196167
2015-07-06,11.289999961853027
2015-07-07,11.029999732971191
2015-07-08,10.770000457763672
2015-07-09,11.09000015258789
2015-07-10,11.449999809265137
2015-07-13,11.40999984741211
2015-07-14,11.350000381469727
2015-07-15,11.319999694824219
2015-07-16,11.539999961853027
2015-07-17,11.319999694824219
2015-07-20,11.369999885559082
2015-07-21,11.170000076293945
2015-07-22,11.100000381469727
2015-07-23,10.75
2015-07-24,10.40999984741211
2015-07-27,10.430000305175781
2015-07-28,10.470000267028809
2015-07-29,10.34000015258789
2015-07-30,9.880000114440918
2015-07-31,10.40999984741211
2015-08-03,10.369999885559082
2015-08-04,10.420000076293945
2015-08-05,10.770000457763672
2015-08-06,10.949999809265137
2015-08-07,10.75
2015-08-10,11.0600004196167
2015-08-11,10.729999542236328
2015-08-12,10.949999809265137
2015-08-13,11.210000038146973
2015-08-14,11.420000076293945
2015-08-17,11.109999656677246
2015-08-18,10.789999961853027
2015-08-19,10.479999542236328
2015-08-20,9.770000457763672
2015-08-21,10.029999732971191
2015-08-24,9.739999771118164
2015-08-25,9.300000190734863
2015-08-26,9.300000190734863
2015-08-27,9.550000190734863
2015-08-28,9.489999771118164
2015-08-31,9.760000228881836
2015-09-01,9.720000267028809
2015-09-02,9.760000228881836
2015-09-03,9.399999618530273
2015-09-04,9.279999732971191
2015-09-08,9.449999809265137
2015-09-09,8.930000305175781
2015-09-10,9.369999885559082
2015-09-11,9.319999694824219
2015-09-14,9.729999542236328
2015-09-15,10.199999809265137
2015-09-16,10.600000381469727
2015-09-17,10.479999542236328
2015-09-18,9.800000190734863
2015-09-21,9.90999984741211
2015-09-22,9.9399995803833
2015-09-23,9.470000267028809
2015-09-24,9.470000267028809
2015-09-25,9.699999809265137
2015-09-28,9.6899995803833
2015-09-29,9.90999984741211
2015-09-30,10.199999809265137
2015-10-01,9.529999732971191
2015-10-02,9.470000267028809
2015-10-05,9.9399995803833
2015-10-06,9.65999984741211
2015-10-07,9.890000343322754
2015-10-08,10.15999984741211
2015-10-09,10.130000114440918
2015-10-12,10.65999984741211
2015-10-13,10.289999961853027
2015-10-14,10.25
2015-10-15,10.579999923706055
2015-10-16,10.260000228881836
2015-10-19,10.010000228881836
2015-10-20,9.930000305175781
2015-10-21,9.84000015258789
2015-10-22,9.6899995803833
2015-10-23,10.329999923706055
2015-10-26,9.829999923706055
2015-10-27,9.84000015258789
2015-10-28,10.149999618530273
2015-10-29,9.819999694824219
2015-10-30,9.65999984741211
2015-11-02,10.09000015258789
2015-11-03,10.130000114440918
2015-11-04,10.170000076293945
2015-11-05,10.079999923706055
2015-11-06,10.050000190734863
2015-11-09,9.520000457763672
2015-11-10,9.520000457763672
2015-11-11,9.479999542236328
2015-11-12,9.3100004196167
2015-11-13,9.149999618530273
2015-11-16,9.140000343322754
2015-11-17,9.119999885559082
2015-11-18,9.5
2015-11-19,9.289999961853027
2015-11-20,9.210000038146973
2015-11-23,9.329999923706055
2015-11-24,9.640000343322754
2015-11-25,9.59000015258789
2015-11-27,9.449999809265137
2015-11-30,9.260000228881836
2015-12-01,9.34000015258789
2015-12-02,9.210000038146973
2015-12-03,9.350000381469727
2015-12-04,9.550000190734863
2015-12-07,9.520000457763672
2015-12-08,9.09000015258789
2015-12-09,8.960000038146973
2015-12-10,9.5
2015-12-11,9.510000228881836
2015-12-14,9.569999694824219
2015-12-15,9.640000343322754
2015-12-16,9.8100004196167
2015-12-17,9.449999809265137
2015-12-18,9.1899995803833
2015-12-21,9.109999656677246
2015-12-22,9.229999542236328
2015-12-23,9.34000015258789
2015-12-24,9.430000305175781
2015-12-28,9.350000381469727
2015-12-29,9.329999923706055
2015-12-30,9.130000114440918
2015-12-31,9.119999885559082
2016-01-04,9.15999984741211
2016-01-05,8.869999885559082
2016-01-06,8.960000038146973
2016-01-07,8.539999961853027
2016-01-08,8.079999923706055
2016-01-11,8.199999809265137
2016-01-12,7.920000076293945
2016-01-13,7.659999847412109
2016-01-14,7.769999980926514
2016-01-15,7.71999979019165
2016-01-19,7.449999809265137
2016-01-20,7.570000171661377
2016-01-21,7.489999771118164
2016-01-22,7.889999866485596
2016-01-25,7.599999904632568
2016-01-26,8.079999923706055
2016-01-27,7.760000228881836
2016-01-28,7.75
2016-01-29,8.399999618530273
2016-02-01,7.960000038146973
2016-02-02,7.710000038146973
2016-02-03,7.550000190734863
2016-02-04,7.78000020980835
2016-02-05,7.420000076293945
2016-02-08,7.579999923706055
2016-02-09,7.639999866485596
2016-02-10,7.650000095367432
2016-02-11,7.440000057220459
2016-02-12,7.489999771118164
2016-02-16,7.639999866485596
2016-02-17,7.380000114440918
2016-02-18,7.329999923706055
2016-02-19,7.190000057220459
2016-02-22,7.599999904632568
2016-02-23,7.489999771118164
2016-02-24,7.840000152587891
2016-02-25,8.140000343322754
2016-02-26,8.109999656677246
2016-02-29,8.300000190734863
2016-03-01,8.569999694824219
2016-03-02,8.989999771118164
2016-03-03,9.149999618530273
2016-03-04,9.609999656677246
2016-03-07,9.960000038146973
2016-03-08,9.789999961853027
2016-03-09,10.020000457763672
2016-03-10,10.119999885559082
2016-03-11,10.460000038146973
2016-03-14,10.270000457763672
2016-03-15,10.069999694824219
2016-03-16,10.300000190734863
2016-03-17,10.40999984741211
2016-03-18,10.59000015258789
2016-03-21,10.600000381469727
2016-03-22,10.479999542236328
2016-03-23,9.630000114440918
2016-03-24,9.760000228881836
2016-03-28,9.65999984741211
2016-03-29,10.039999961853027
2016-03-30,9.899999618530273
2016-03-31,10.479999542236328
2016-04-01,10.119999885559082
2016-04-04,9.600000381469727
2016-04-05,9.630000114440918
2016-04-06,9.369999885559082
2016-04-07,9.010000228881836
2016-04-08,9.130000114440918
2016-04-11,9.069999694824219
2016-04-12,9.010000228881836
2016-04-13,9.520000457763672
2016-04-14,9.289999961853027
2016-04-15,9.970000267028809
2016-04-18,10.0
2016-04-19,9.8100004196167
2016-04-20,9.949999809265137
2016-04-21,10.15999984741211
2016-04-22,10.4399995803833
2016-04-25,10.289999961853027
2016-04-26,10.420000076293945
2016-04-27,10.510000228881836
2016-04-28,9.949999809265137
2016-04-29,9.59000015258789
2016-05-02,9.770000457763672
2016-05-03,9.510000228881836
2016-05-04,9.25
2016-05-05,9.239999771118164
2016-05-06,9.199999809265137
2016-05-09,9.319999694824219
2016-05-10,9.619999885559082
2016-05-11,9.779999732971191
2016-05-12,9.59000015258789
2016-05-13,9.100000381469727
2016-05-16,9.289999961853027
2016-05-17,8.9399995803833
2016-05-18,9.180000305175781
2016-05-19,8.979999542236328
2016-05-20,9.739999771118164
2016-05-23,9.569999694824219
2016-05-24,10.09000015258789
2016-05-25,10.09000015258789
2016-05-26,10.0600004196167
2016-05-27,10.220000267028809
2016-05-31,10.15999984741211
2016-06-01,10.220000267028809
2016-06-02,10.300000190734863
2016-06-03,10.329999923706055
2016-06-06,10.710000038146973
2016-06-07,10.720000267028809
2016-06-08,10.869999885559082
2016-06-09,10.869999885559082
2016-06-10,10.649999618530273
2016-06-13,10.680000305175781
2016-06-14,10.619999885559082
2016-06-15,10.40999984741211
2016-06-16,10.869999885559082
2016-06-17,10.609999656677246
2016-06-20,10.4399995803833
2016-06-21,10.4399995803833
2016-06-22,10.75
2016-06-23,11.0600004196167
2016-06-24,10.430000305175781
2016-06-27,9.770000457763672
2016-06-28,9.949999809265137
2016-06-29,10.039999961853027
2016-06-30,10.069999694824219
2016-07-01,10.0600004196167
2016-07-05,9.850000381469727
2016-07-06,9.850000381469727
2016-07-07,9.949999809265137
2016-07-08,10.5
2016-07-11,10.630000114440918
2016-07-12,10.859999656677246
2016-07-13,11.079999923706055
2016-07-14,11.079999923706055
2016-07-15,11.149999618530273
2016-07-18,11.0
2016-07-19,10.880000114440918
2016-07-20,10.979999542236328
2016-07-21,10.829999923706055
2016-07-22,11.180000305175781
2016-07-25,10.979999542236328
2016-07-26,11.1899995803833
2016-07-27,10.869999885559082
2016-07-28,10.890000343322754
2016-07-29,10.600000381469727
2016-08-01,10.4399995803833
2016-08-02,10.15999984741211
2016-08-03,10.15999984741211
2016-08-04,9.979999542236328
2016-08-05,10.010000228881836
2016-08-08,9.920000076293945
2016-08-09,9.779999732971191
2016-08-10,9.739999771118164
2016-08-11,9.819999694824219
2016-08-12,9.800000190734863
2016-08-15,9.890000343322754
2016-08-16,10.020000457763672
2016-08-17,9.859999656677246
2016-08-18,9.899999618530273
2016-08-19,10.300000190734863
2016-08-22,10.489999771118164
2016-08-23,10.510000228881836
2016-08-24,10.619999885559082
2016-08-25,10.729999542236328
2016-08-26,10.699999809265137
2016-08-29,10.729999542236328
2016-08-30,10.739999771118164
2016-08-31,10.90999984741211
2016-09-01,11.34000015258789
2016-09-02,11.819999694824219
2016-09-06,11.420000076293945
2016-09-07,11.59000015258789
2016-09-08,11.5600004196167
2016-09-09,11.170000076293945
2016-09-12,11.630000114440918
2016-09-13,11.470000267028809
2016-09-14,11.390000343322754
2016-09-15,11.800000190734863
2016-09-16,11.770000457763672
2016-09-19,11.5
2016-09-20,11.359999656677246
2016-09-21,11.569999694824219
2016-09-22,12.15999984741211
2016-09-23,11.880000114440918
2016-09-26,11.640000343322754
2016-09-27,11.300000190734863
2016-09-28,11.600000381469727
2016-09-29,11.40999984741211
2016-09-30,11.600000381469727
2016-10-03,11.5600004196167
2016-10-04,11.579999923706055
2016-10-05,11.899999618530273
2016-10-06,11.869999885559082
2016-10-07,11.630000114440918
2016-10-10,11.75
2016-10-11,11.649999618530273
2016-10-12,11.800000190734863
2016-10-13,11.600000381469727
2016-10-14,11.600000381469727
2016-10-17,11.5
2016-10-18,11.75
2016-10-19,11.850000381469727
2016-10-20,11.800000190734863
2016-10-21,11.699999809265137
2016-10-24,11.850000381469727
2016-10-25,12.300000190734863
2016-10-26,13.0
2016-10-27,13.199999809265137
2016-10-28,13.0
2016-10-31,12.75
2016-11-01,12.600000381469727
2016-11-02,12.300000190734863
2016-11-03,12.350000381469727
2016-11-04,12.5
2016-11-07,12.949999809265137
2016-11-08,12.850000381469727
2016-11-09,13.800000190734863
2016-11-10,14.25
2016-11-11,14.550000190734863
2016-11-14,13.899999618530273
2016-11-15,14.25
2016-11-16,14.399999618530273
2016-11-17,14.75
2016-11-18,14.100000381469727
2016-11-21,14.449999809265137
2016-11-22,15.0
2016-11-23,14.75
2016-11-25,15.0
2016-11-28,15.350000381469727
2016-11-29,14.800000190734863
2016-11-30,14.600000381469727
2016-12-01,14.550000190734863
2016-12-02,14.300000190734863
2016-12-05,14.649999618530273
2016-12-06,15.75
2016-12-07,15.850000381469727
2016-12-08,15.699999809265137
2016-12-09,15.449999809265137
2016-12-12,15.050000190734863
2016-12-13,15.600000381469727
2016-12-14,15.449999809265137
2016-12-15,15.899999618530273
2016-12-16,15.75
2016-12-19,15.850000381469727
2016-12-20,16.0
2016-12-21,15.75
2016-12-22,15.649999618530273
2016-12-23,15.800000190734863
2016-12-27,16.049999237060547
2016-12-28,15.75
2016-12-29,15.399999618530273
2016-12-30,15.100000381469727
2017-01-03,15.399999618530273
2017-01-04,15.75
2017-01-05,15.5
2017-01-06,15.550000190734863
2017-01-09,15.5
2017-01-10,15.350000381469727
2017-01-11,15.800000190734863
2017-01-12,15.300000190734863
2017-01-13,15.449999809265137
2017-01-17,15.050000190734863
2017-01-18,15.050000190734863
2017-01-19,14.600000381469727
2017-01-20,14.550000190734863
2017-01-23,14.550000190734863
2017-01-24,15.300000190734863
2017-01-25,15.550000190734863
2017-01-26,15.25
2017-01-27,15.449999809265137
2017-01-30,15.25
2017-01-31,15.300000190734863
2017-02-01,15.050000190734863
2017-02-02,14.699999809265137
2017-02-03,14.899999618530273
2017-02-06,14.649999618530273
2017-02-07,14.5
2017-02-08,14.199999809265137
2017-02-09,14.300000190734863
2017-02-10,14.149999618530273
2017-02-13,14.350000381469727
2017-02-14,14.600000381469727
2017-02-15,15.0
2017-02-16,14.949999809265137
2017-02-17,15.100000381469727
2017-02-21,15.25
2017-02-22,15.100000381469727
2017-02-23,15.350000381469727
2017-02-24,15.399999618530273
2017-02-27,16.200000762939453
2017-02-28,16.25
2017-03-01,16.25
2017-03-02,16.149999618530273
2017-03-03,15.75
2017-03-06,15.600000381469727
2017-03-07,15.850000381469727
2017-03-08,15.649999618530273
2017-03-09,15.800000190734863
2017-03-10,15.600000381469727
2017-03-13,15.600000381469727
2017-03-14,15.550000190734863
2017-03-15,15.949999809265137
2017-03-16,16.100000381469727
2017-03-17,16.399999618530273
2017-03-20,16.600000381469727
2017-03-21,16.049999237060547
2017-03-22,15.600000381469727
2017-03-23,16.0
2017-03-24,15.75
2017-03-27,15.899999618530273
2017-03-28,16.549999237060547
2017-03-29,16.0
2017-03-30,16.049999237060547
2017-03-31,16.100000381469727
2017-04-03,15.699999809265137
2017-04-04,15.800000190734863
2017-04-05,15.649999618530273
2017-04-06,16.100000381469727
2017-04-07,16.149999618530273
2017-04-10,15.800000190734863
2017-04-11,16.100000381469727
2017-04-12,15.800000190734863
2017-04-13,15.600000381469727
2017-04-17,16.200000762939453
2017-04-18,16.25
2017-04-19,16.399999618530273
2017-04-20,17.0
2017-04-21,16.899999618530273
2017-04-24,17.25
2017-04-25,17.950000762939453
2017-04-26,18.549999237060547
2017-04-27,18.149999618530273
2017-04-28,18.0
2017-05-01,17.950000762939453
2017-05-02,17.950000762939453
2017-05-03,17.75
2017-05-04,17.649999618530273
2017-05-05,17.700000762939453
2017-05-08,17.75
2017-05-09,17.799999237060547
2017-05-10,17.649999618530273
2017-05-11,17.600000381469727
2017-05-12,17.149999618530273
2017-05-15,17.229999542236328
2017-05-16,17.229999542236328
2017-05-17,16.600000381469727
2017-05-18,17.049999237060547
2017-05-19,16.850000381469727
2017-05-22,17.149999618530273
2017-05-23,17.399999618530273
2017-05-24,17.6299991607666
2017-05-25,17.600000381469727
2017-05-26,17.5
2017-05-30,17.0
2017-05-31,16.950000762939453
2017-06-01,17.850000381469727
2017-06-02,19.549999237060547
2017-06-05,19.200000762939453
2017-06-06,19.729999542236328
2017-06-07,19.75
2017-06-08,20.100000381469727
2017-06-09,20.299999237060547
2017-06-12,20.100000381469727
2017-06-13,20.049999237060547
2017-06-14,19.700000762939453
2017-06-15,19.950000762939453
2017-06-16,19.350000381469727
2017-06-19,19.450000762939453
2017-06-20,18.75
2017-06-21,18.299999237060547
2017-06-22,18.350000381469727
2017-06-23,19.149999618530273
2017-06-26,18.75
2017-06-27,18.5
2017-06-28,18.75
2017-06-29,18.200000762939453
2017-06-30,17.899999618530273
2017-07-03,18.350000381469727
2017-07-05,18.649999618530273
2017-07-06,18.399999618530273
2017-07-07,18.43000030517578
2017-07-10,18.299999237060547
2017-07-11,18.899999618530273
2017-07-12,19.149999618530273
2017-07-13,18.75
2017-07-14,18.850000381469727
2017-07-17,18.899999618530273
2017-07-18,19.299999237060547
2017-07-19,19.700000762939453
2017-07-20,19.700000762939453
2017-07-21,19.75
2017-07-24,19.799999237060547
2017-07-25,19.75
2017-07-26,19.5
2017-07-27,19.350000381469727
2017-07-28,18.549999237060547
2017-07-31,17.75
2017-08-01,17.600000381469727
2017-08-02,17.850000381469727
2017-08-03,17.649999618530273
2017-08-04,18.5
2017-08-07,18.450000762939453
2017-08-08,18.149999618530273
2017-08-09,18.25
2017-08-10,17.399999618530273
2017-08-11,17.350000381469727
2017-08-14,17.850000381469727
2017-08-15,17.549999237060547
2017-08-16,17.450000762939453
2017-08-17,17.049999237060547
2017-08-18,17.299999237060547
2017-08-21,17.149999618530273
2017-08-22,17.75
2017-08-23,18.149999618530273
2017-08-24,18.299999237060547
2017-08-25,18.450000762939453
2017-08-28,18.450000762939453
2017-08-29,18.700000762939453
2017-08-30,18.950000762939453
2017-08-31,19.450000762939453
2017-09-01,19.149999618530273
2017-09-05,18.350000381469727
2017-09-06,18.600000381469727
2017-09-07,17.850000381469727
2017-09-08,18.200000762939453
2017-09-11,18.549999237060547
2017-09-12,18.399999618530273
2017-09-13,18.700000762939453
2017-09-14,18.5
2017-09-15,18.600000381469727
2017-09-18,19.600000381469727
2017-09-19,19.5
2017-09-20,19.549999237060547
2017-09-21,19.600000381469727
2017-09-22,19.899999618530273
2017-09-25,20.350000381469727
2017-09-26,20.899999618530273
2017-09-27,23.100000381469727
2017-09-28,23.549999237060547
2017-09-29,23.600000381469727
2017-10-02,24.149999618530273
2017-10-03,24.950000762939453
2017-10-04,24.899999618530273
2017-10-05,24.0
2017-10-06,23.75
2017-10-09,23.649999618530273
2017-10-10,23.899999618530273
2017-10-11,23.649999618530273
2017-10-12,23.700000762939453
2017-10-13,23.8799991607666
2017-10-16,24.200000762939453
2017-10-17,23.75
2017-10-18,24.200000762939453
2017-10-19,23.299999237060547
2017-10-20,23.399999618530273
2017-10-23,23.049999237060547
2017-10-24,22.950000762939453
2017-10-25,21.899999618530273
2017-10-26,21.549999237060547
2017-10-27,22.299999237060547
2017-10-30,21.200000762939453
2017-10-31,21.549999237060547
2017-11-01,20.75
2017-11-02,21.350000381469727
2017-11-03,20.700000762939453
2017-11-06,20.850000381469727
2017-11-07,20.600000381469727
2017-11-08,20.75
2017-11-09,21.149999618530273
2017-11-10,21.200000762939453
2017-11-13,20.75
2017-11-14,21.100000381469727
2017-11-15,20.75
2017-11-16,21.950000762939453
2017-11-17,21.5
2017-11-20,22.0
2017-11-21,22.950000762939453
2017-11-22,22.850000381469727
2017-11-24,23.149999618530273
2017-11-27,22.75
2017-11-28,22.850000381469727
2017-11-29,23.049999237060547
2017-11-30,22.549999237060547
2017-12-01,22.399999618530273
2017-12-04,22.600000381469727
2017-12-05,22.049999237060547
2017-12-06,22.549999237060547
2017-12-07,22.850000381469727
2017-12-08,22.75
2017-12-11,22.049999237060547
2017-12-12,20.950000762939453
2017-12-13,21.799999237060547
2017-12-14,21.549999237060547
2017-12-15,23.049999237060547
2017-12-18,23.149999618530273
2017-12-19,22.149999618530273
2017-12-20,21.850000381469727
2017-12-21,22.25
2017-12-22,21.799999237060547
2017-12-26,21.649999618530273
2017-12-27,21.450000762939453
2017-12-28,21.149999618530273
2017-12-29,20.899999618530273
2018-01-02,21.149999618530273
2018-01-03,20.5
2018-01-04,19.850000381469727
2018-01-05,19.899999618530273
2018-01-08,19.850000381469727
2018-01-09,19.25
2018-01-10,18.950000762939453
2018-01-11,18.979999542236328
2018-01-12,19.200000762939453
2018-01-16,18.899999618530273
2018-01-17,19.049999237060547
2018-01-18,18.700000762939453
2018-01-19,19.100000381469727
2018-01-22,18.850000381469727
2018-01-23,19.149999618530273
2018-01-24,18.450000762939453
2018-01-25,18.600000381469727
2018-01-26,18.850000381469727
2018-01-29,18.5
2018-01-30,18.899999618530273
2018-01-31,18.299999237060547
2018-02-01,18.350000381469727
2018-02-02,18.049999237060547
2018-02-05,17.100000381469727
2018-02-06,17.5
2018-02-07,17.350000381469727
2018-02-08,17.0
2018-02-09,17.350000381469727
2018-02-12,17.25
2018-02-13,17.200000762939453
2018-02-14,17.0
2018-02-15,17.899999618530273
2018-02-16,18.25
2018-02-20,18.0
2018-02-21,18.399999618530273
2018-02-22,18.799999237060547
2018-02-23,25.799999237060547
2018-02-26,26.950000762939453
2018-02-27,26.399999618530273
2018-02-28,25.75
2018-03-01,24.950000762939453
2018-03-02,26.450000762939453
2018-03-05,26.299999237060547
2018-03-06,26.799999237060547
2018-03-07,25.799999237060547
2018-03-08,25.649999618530273
2018-03-09,26.149999618530273
2018-03-12,26.700000762939453
2018-03-13,25.799999237060547
2018-03-14,25.0
2018-03-15,24.649999618530273
2018-03-16,25.049999237060547
2018-03-19,25.399999618530273
2018-03-20,24.950000762939453
2018-03-21,24.75
2018-03-22,24.0
2018-03-23,24.25
2018-03-26,25.299999237060547
2018-03-27,24.350000381469727
2018-03-28,26.0
2018-03-29,28.549999237060547
2018-04-02,28.600000381469727
2018-04-03,28.0
2018-04-04,29.0
2018-04-05,28.25
2018-04-06,27.799999237060547
2018-04-09,27.25
2018-04-10,28.299999237060547
2018-04-11,30.5
2018-04-12,30.5
2018-04-13,31.100000381469727
2018-04-16,30.950000762939453
2018-04-17,30.700000762939453
2018-04-18,30.399999618530273
2018-04-19,30.049999237060547
2018-04-20,30.049999237060547
2018-04-23,29.75
2018-04-24,29.25
2018-04-25,37.099998474121094
2018-04-26,36.599998474121094
2018-04-27,35.95000076293945
2018-04-30,35.849998474121094
2018-05-01,34.79999923706055
2018-05-02,35.400001525878906
2018-05-03,34.45000076293945
2018-05-04,34.5
2018-05-07,36.400001525878906
2018-05-08,36.0
2018-05-09,36.95000076293945
2018-05-10,38.400001525878906
2018-05-11,38.75
2018-05-14,38.5
2018-05-15,39.150001525878906
2018-05-16,38.70000076293945
2018-05-17,39.79999923706055
2018-05-18,40.29999923706055
2018-05-21,39.70000076293945
2018-05-22,39.5
2018-05-23,39.900001525878906
2018-05-24,40.70000076293945
2018-05-25,40.650001525878906
2018-05-29,41.45000076293945
2018-05-30,43.29999923706055
2018-05-31,43.849998474121094
2018-06-01,44.45000076293945
2018-06-04,46.650001525878906
2018-06-05,47.20000076293945
2018-06-06,49.75
2018-06-07,49.400001525878906
2018-06-08,50.70000076293945
2018-06-11,47.20000076293945
2018-06-12,46.849998474121094
2018-06-13,46.75
2018-06-14,48.20000076293945
2018-06-15,47.150001525878906
2018-06-18,47.75
2018-06-19,46.900001525878906
2018-06-20,47.400001525878906
2018-06-21,46.650001525878906
2018-06-22,46.20000076293945
2018-06-25,44.099998474121094
2018-06-26,44.150001525878906
2018-06-27,43.45000076293945
2018-06-28,43.04999923706055
2018-06-29,43.54999923706055
2018-07-02,44.79999923706055
2018-07-03,44.099998474121094
2018-07-05,45.04999923706055
2018-07-06,46.349998474121094
2018-07-09,46.95000076293945
2018-07-10,49.0
2018-07-11,48.54999923706055
2018-07-12,49.25
2018-07-13,49.650001525878906
2018-07-16,50.70000076293945
2018-07-17,51.25
2018-07-18,51.400001525878906
2018-07-19,50.95000076293945
2018-07-20,50.599998474121094
2018-07-23,50.54999923706055
2018-07-24,49.95000076293945
2018-07-25,58.95000076293945
2018-07-26,60.5
2018-07-27,57.54999923706055
2018-07-30,55.75
2018-07-31,57.54999923706055
2018-08-01,59.0
2018-08-02,60.45000076293945
2018-08-03,58.70000076293945
2018-08-06,61.0
2018-08-07,61.150001525878906
2018-08-08,62.849998474121094
2018-08-09,63.599998474121094
2018-08-10,62.650001525878906
2018-08-13,61.099998474121094
2018-08-14,62.150001525878906
2018-08-15,60.349998474121094
2018-08-16,60.650001525878906
2018-08-17,59.45000076293945
2018-08-20,58.650001525878906
2018-08-21,58.25
2018-08-22,58.54999923706055
2018-08-23,58.5
2018-08-24,60.0
2018-08-27,60.04999923706055
2018-08-28,59.900001525878906
2018-08-29,62.25
2018-08-30,61.150001525878906
2018-08-31,62.45000076293945
2018-09-04,62.0
2018-09-05,59.04999923706055
2018-09-06,58.45000076293945
2018-09-07,58.45000076293945
2018-09-10,57.349998474121094
2018-09-11,55.599998474121094
2018-09-12,53.20000076293945
2018-09-13,52.75
2018-09-14,54.099998474121094
2018-09-17,52.150001525878906
2018-09-18,52.95000076293945
2018-09-19,51.150001525878906
2018-09-20,51.0
2018-09-21,49.25
2018-09-24,48.95000076293945
2018-09-25,49.04999923706055
2018-09-26,45.0
2018-09-27,44.900001525878906
2018-09-28,46.0
2018-10-01,42.060001373291016
2018-10-02,41.689998626708984
2018-10-03,42.93000030517578
2018-10-04,41.459999084472656
2018-10-05,40.349998474121094
2018-10-08,41.4900016784668
2018-10-09,40.349998474121094
2018-10-10,36.790000915527344
2018-10-11,36.43000030517578
2018-10-12,36.959999084472656
2018-10-15,36.90999984741211
2018-10-16,38.369998931884766
2018-10-17,42.70000076293945
2018-10-18,39.119998931884766
2018-10-19,37.720001220703125
2018-10-22,37.4900016784668
2018-10-23,36.529998779296875
2018-10-24,35.61000061035156
2018-10-25,37.83000183105469
2018-10-26,37.08000183105469
2018-10-29,35.849998474121094
2018-10-30,39.02000045776367
2018-10-31,40.099998474121094
2018-11-01,39.599998474121094
2018-11-02,40.15999984741211
2018-11-05,37.77000045776367
2018-11-06,37.52000045776367
2018-11-07,39.939998626708984
2018-11-08,39.33000183105469
2018-11-09,37.95000076293945
2018-11-12,34.099998474121094
2018-11-13,34.540000915527344
2018-11-14,33.900001525878906
2018-11-15,35.279998779296875
2018-11-16,34.95000076293945
2018-11-19,32.099998474121094
2018-11-20,33.25
2018-11-21,33.58000183105469
2018-11-23,33.36000061035156
2018-11-26,33.79999923706055
2018-11-27,32.959999084472656
2018-11-28,34.689998626708984
2018-11-29,34.619998931884766
2018-11-30,35.79999923706055
2018-12-03,38.470001220703125
2018-12-04,35.34000015258789
2018-12-06,33.869998931884766
2018-12-07,32.5
2018-12-10,32.33000183105469
2018-12-11,33.0
2018-12-12,34.099998474121094
2018-12-13,33.70000076293945
2018-12-14,33.33000183105469
2018-12-17,33.33000183105469
2018-12-18,35.11000061035156
2018-12-19,34.97999954223633
2018-12-20,35.0
2018-12-21,32.220001220703125
2018-12-24,32.540000915527344
2018-12-26,35.439998626708984
2018-12-27,36.959999084472656
2018-12-28,37.52000045776367
2018-12-31,37.790000915527344
2019-01-02,37.540000915527344
2019-01-03,35.95000076293945
2019-01-04,37.29999923706055
2019-01-07,38.38999938964844
2019-01-08,38.939998626708984
2019-01-09,39.33000183105469
2019-01-10,40.4900016784668
2019-01-11,44.09000015258789
2019-01-14,43.16999816894531
2019-01-15,42.06999969482422
2019-01-16,42.88999938964844
2019-01-17,44.310001373291016
2019-01-18,46.59000015258789
2019-01-22,45.97999954223633
2019-01-23,46.38999938964844
2019-01-24,48.060001373291016
2019-01-25,46.400001525878906
2019-01-28,40.58000183105469
2019-01-29,39.709999084472656
2019-01-30,40.349998474121094
2019-01-31,39.38999938964844
2019-02-01,39.0099983215332
2019-02-04,40.0099983215332
2019-02-05,41.2599983215332
2019-02-06,40.29999923706055
2019-02-07,36.349998474121094
2019-02-08,36.41999816894531
2019-02-11,37.13999938964844
2019-02-12,37.77000045776367
2019-02-13,37.439998626708984
2019-02-14,38.349998474121094
2019-02-15,38.560001373291016
2019-02-19,37.75
2019-02-20,37.84000015258789
2019-02-21,37.220001220703125
2019-02-22,37.65999984741211
2019-02-25,37.93000030517578
2019-02-26,37.540000915527344
2019-02-27,34.150001525878906
2019-02-28,31.780000686645508
2019-03-01,32.68000030517578
2019-03-04,31.239999771118164
2019-03-05,31.90999984741211
2019-03-06,31.25
2019-03-07,29.459999084472656
2019-03-08,30.360000610351562
2019-03-11,30.84000015258789
2019-03-12,30.75
2019-03-13,31.40999984741211
2019-03-14,31.1200008392334
2019-03-15,32.189998626708984
2019-03-18,31.989999771118164
2019-03-19,32.5
2019-03-20,32.2599983215332
2019-03-21,32.86000061035156
2019-03-22,30.950000762939453
2019-03-25,31.450000762939453
2019-03-26,30.989999771118164
2019-03-27,30.139999389648438
2019-03-28,30.639999389648438
2019-03-29,31.020000457763672
2019-04-01,31.329999923706055
2019-04-02,30.329999923706055
2019-04-03,31.260000228881836
2019-04-04,30.350000381469727
2019-04-05,30.309999465942383
2019-04-08,30.940000534057617
2019-04-09,30.530000686645508
2019-04-10,31.079999923706055
2019-04-11,30.75
2019-04-12,30.989999771118164
2019-04-15,30.809999465942383
2019-04-16,31.219999313354492
2019-04-17,30.739999771118164
2019-04-18,31.360000610351562
2019-04-22,31.350000381469727
2019-04-23,32.040000915527344
2019-04-24,37.88999938964844
2019-04-25,36.599998474121094
2019-04-26,36.58000183105469
2019-04-29,37.2400016784668
2019-04-30,37.5099983215332
2019-05-01,36.70000076293945
2019-05-02,37.400001525878906
2019-05-03,38.650001525878906
2019-05-06,36.630001068115234
2019-05-07,36.02000045776367
2019-05-08,35.65999984741211
2019-05-09,35.40999984741211
2019-05-10,35.29999923706055
2019-05-13,33.16999816894531
2019-05-14,33.2599983215332
2019-05-15,32.709999084472656
2019-05-16,33.349998474121094
2019-05-17,31.399999618530273
2019-05-20,31.309999465942383
2019-05-21,32.560001373291016
2019-05-22,31.5
2019-05-23,30.350000381469727
2019-05-24,30.84000015258789
2019-05-28,30.610000610351562
2019-05-29,30.450000762939453
2019-05-30,30.350000381469727
2019-05-31,30.309999465942383
2019-06-03,30.219999313354492
2019-06-04,30.860000610351562
2019-06-05,31.489999771118164
2019-06-06,30.68000030517578
2019-06-07,30.360000610351562
2019-06-10,32.220001220703125
2019-06-11,31.969999313354492
2019-06-12,31.469999313354492
2019-06-13,32.04999923706055
2019-06-14,31.469999313354492
2019-06-17,30.899999618530273
2019-06-18,30.899999618530273
2019-06-19,29.649999618530273
2019-06-20,30.09000015258789
2019-06-21,29.75
2019-06-24,28.34000015258789
2019-06-25,28.06999969482422
2019-06-26,28.739999771118164
2019-06-27,29.309999465942383
2019-06-28,31.049999237060547
2019-07-01,31.540000915527344
2019-07-02,30.90999984741211
2019-07-03,31.389999389648438
2019-07-05,31.799999237060547
2019-07-08,31.010000228881836
2019-07-09,30.670000076293945
2019-07-10,30.770000457763672
2019-07-11,30.190000534057617
2019-07-12,31.020000457763672
2019-07-15,31.600000381469727
2019-07-16,31.34000015258789
2019-07-17,31.489999771118164
2019-07-18,32.709999084472656
2019-07-19,32.97999954223633
2019-07-22,32.900001525878906
2019-07-23,32.900001525878906
2019-07-24,34.369998931884766
2019-07-25,33.41999816894531
2019-07-26,30.530000686645508
2019-07-29,30.280000686645508
2019-07-30,29.81999969482422
2019-07-31,29.559999465942383
2019-08-01,29.579999923706055
2019-08-02,29.18000030517578
2019-08-05,27.09000015258789
2019-08-06,27.610000610351562
2019-08-07,28.139999389648438
2019-08-08,29.520000457763672
2019-08-09,28.969999313354492
2019-08-12,29.809999465942383
2019-08-13,30.229999542236328
2019-08-14,29.420000076293945
2019-08-15,28.780000686645508
2019-08-16,30.010000228881836
2019-08-19,30.520000457763672
2019-08-20,30.639999389648438
2019-08-21,30.899999618530273
2019-08-22,30.979999542236328
2019-08-23,29.489999771118164
2019-08-26,30.3700008392334
2019-08-27,29.329999923706055
2019-08-28,29.790000915527344
2019-08-29,30.510000228881836
2019-08-30,30.489999771118164
2019-09-03,29.149999618530273
2019-09-04,30.15999984741211
2019-09-05,31.049999237060547
2019-09-06,30.979999542236328
2019-09-09,32.0
2019-09-10,32.380001068115234
2019-09-11,33.97999954223633
2019-09-12,33.7599983215332
2019-09-13,33.54999923706055
2019-09-16,33.130001068115234
2019-09-17,33.029998779296875
2019-09-18,32.689998626708984
2019-09-19,31.8799991607666
2019-09-20,31.110000610351562
2019-09-23,31.309999465942383
2019-09-24,30.100000381469727
2019-09-25,30.860000610351562
2019-09-26,30.010000228881836
2019-09-27,29.389999389648438
2019-09-30,29.520000457763672
2019-10-01,29.510000228881836
2019-10-02,29.43000030517578
2019-10-03,29.889999389648438
2019-10-04,30.469999313354492
2019-10-07,30.389999389648438
2019-10-08,31.219999313354492
2019-10-09,31.06999969482422
2019-10-10,31.299999237060547
2019-10-11,31.829999923706055
2019-10-14,31.15999984741211
2019-10-15,31.739999771118164
2019-10-16,31.600000381469727
2019-10-17,32.790000915527344
2019-10-18,30.969999313354492
2019-10-21,32.5099983215332
2019-10-22,33.349998474121094
2019-10-23,33.20000076293945
2019-10-24,34.11000061035156
2019-10-25,35.220001220703125
2019-10-28,36.380001068115234
2019-10-29,35.970001220703125
2019-10-30,36.099998474121094
2019-10-31,36.349998474121094
2019-11-01,36.9900016784668
2019-11-04,37.400001525878906
2019-11-05,37.369998931884766
2019-11-06,36.7400016784668
2019-11-07,37.18000030517578
2019-11-08,37.7599983215332
2019-11-11,36.869998931884766
2019-11-12,38.68000030517578
2019-11-13,39.119998931884766
2019-11-14,39.5099983215332
2019-11-15,38.91999816894531
2019-11-18,38.95000076293945
2019-11-19,38.9900016784668
2019-11-20,38.34000015258789
2019-11-21,38.849998474121094
2019-11-22,39.79999923706055
2019-11-25,41.47999954223633
2019-11-26,41.06999969482422
2019-11-27,41.29999923706055
2019-11-29,41.06999969482422
2019-12-02,41.04999923706055
2019-12-03,41.22999954223633
2019-12-04,41.459999084472656
2019-12-05,42.0099983215332
2019-12-06,41.27000045776367
2019-12-09,40.40999984741211
2019-12-10,41.09000015258789
2019-12-11,41.310001373291016
2019-12-12,42.45000076293945
2019-12-13,43.810001373291016
2019-12-16,43.470001220703125
2019-12-17,43.689998626708984
2019-12-18,44.189998626708984
2019-12-19,44.970001220703125
2019-12-20,45.130001068115234
2019-12-23,46.0099983215332
2019-12-24,46.20000076293945
2019-12-26,46.529998779296875
2019-12-27,45.61000061035156
2019-12-30,45.81999969482422
2019-12-31,46.720001220703125
2020-01-02,48.75
2020-01-03,48.06999969482422
2020-01-06,48.70000076293945
2020-01-07,51.150001525878906
2020-01-08,51.279998779296875
2020-01-09,51.43000030517578
2020-01-10,51.86000061035156
2020-01-13,52.91999816894531
2020-01-14,52.16999816894531
2020-01-15,52.36000061035156
2020-01-16,53.61000061035156
2020-01-17,54.290000915527344
2020-01-21,54.439998626708984
2020-01-22,54.4900016784668
2020-01-23,54.86000061035156
2020-01-24,52.93000030517578
2020-01-27,52.68000030517578
2020-01-28,54.13999938964844
2020-01-29,53.529998779296875
2020-01-30,52.029998779296875
2020-01-31,50.04999923706055
2020-02-03,50.81999969482422
2020-02-04,52.650001525878906
2020-02-05,53.56999969482422
2020-02-06,53.56999969482422
2020-02-07,52.9900016784668
2020-02-10,53.11000061035156
2020-02-11,54.130001068115234
2020-02-12,54.65999984741211
2020-02-13,55.13999938964844
2020-02-14,56.630001068115234
2020-02-18,55.470001220703125
2020-02-19,55.43000030517578
2020-02-20,54.88999938964844
2020-02-21,48.04999923706055
2020-02-24,48.04999923706055
2020-02-25,47.810001373291016
2020-02-26,44.599998474121094
2020-02-27,44.279998779296875
2020-02-28,43.2400016784668
2020-03-02,43.83000183105469
2020-03-03,43.849998474121094
2020-03-04,46.08000183105469
2020-03-05,45.349998474121094
2020-03-06,43.59000015258789
2020-03-09,40.279998779296875
2020-03-10,42.47999954223633
2020-03-11,37.4900016784668
2020-03-12,32.84000015258789
2020-03-13,38.849998474121094
2020-03-16,33.77000045776367
2020-03-17,38.58000183105469
2020-03-18,34.720001220703125
2020-03-19,36.38999938964844
2020-03-20,32.939998626708984
2020-03-23,33.439998626708984
2020-03-24,37.099998474121094
2020-03-25,39.08000183105469
2020-03-26,40.7400016784668
2020-03-27,37.66999816894531
2020-03-30,41.650001525878906
2020-03-31,44.540000915527344
2020-04-01,42.029998779296875
2020-04-02,41.5099983215332
2020-04-03,37.900001525878906
2020-04-06,42.97999954223633
2020-04-07,40.11000061035156
2020-04-08,42.2599983215332
2020-04-09,44.56999969482422
2020-04-13,43.279998779296875
2020-04-14,44.369998931884766
2020-04-15,40.72999954223633
2020-04-16,42.47999954223633
2020-04-17,43.20000076293945
2020-04-20,42.79999923706055
2020-04-21,41.470001220703125
2020-04-22,41.900001525878906
2020-04-23,42.75
2020-04-24,49.83000183105469
2020-04-27,49.060001373291016
2020-04-28,50.27000045776367
2020-04-29,52.91999816894531
2020-04-30,53.16999816894531
2020-05-01,51.619998931884766
2020-05-04,51.9900016784668
2020-05-05,52.7400016784668
2020-05-06,52.81999969482422
2020-05-07,52.7400016784668
2020-05-08,54.5
2020-05-11,54.310001373291016
2020-05-12,53.709999084472656
2020-05-13,51.83000183105469
2020-05-14,52.709999084472656
2020-05-15,53.91999816894531
2020-05-18,56.349998474121094
2020-05-19,58.150001525878906
2020-05-20,59.279998779296875
2020-05-21,57.04999923706055
2020-05-22,58.459999084472656
2020-05-26,57.619998931884766
2020-05-27,61.290000915527344
2020-05-28,59.150001525878906
2020-05-29,60.97999954223633
2020-06-01,60.59000015258789
2020-06-02,60.41999816894531
2020-06-03,66.0999984741211
2020-06-04,66.0199966430664
2020-06-05,69.33000183105469
2020-06-08,66.33000183105469
2020-06-09,66.68000030517578
2020-06-10,66.29000091552734
2020-06-11,67.05000305175781
2020-06-12,65.19000244140625
2020-06-15,69.33000183105469
2020-06-16,70.0
2020-06-17,69.0199966430664
2020-06-18,69.05000305175781
2020-06-19,71.3499984741211
2020-06-22,72.25
2020-06-23,70.29000091552734
2020-06-24,69.04000091552734
2020-06-25,70.11000061035156
2020-06-26,68.4800033569336
2020-06-29,71.75
2020-06-30,71.94999694824219
2020-07-01,71.62999725341797
2020-07-02,72.56999969482422
2020-07-06,74.5
2020-07-07,73.20999908447266
2020-07-08,75.06999969482422
2020-07-09,75.2699966430664
2020-07-10,75.37999725341797
2020-07-13,73.68000030517578
2020-07-14,75.66000366210938
2020-07-15,74.93000030517578
2020-07-16,74.66000366210938
2020-07-17,75.97000122070312
2020-07-20,77.97000122070312
2020-07-21,76.0999984741211
2020-07-22,74.0
2020-07-23,72.87000274658203
2020-07-24,76.9800033569336
2020-07-27,78.22000122070312
2020-07-28,77.12999725341797
2020-07-29,82.5
2020-07-30,82.72000122070312
2020-07-31,81.47000122070312
2020-08-03,82.36000061035156
2020-08-04,82.81999969482422
2020-08-05,83.80000305175781
2020-08-06,81.97000122070312
2020-08-07,79.33000183105469
2020-08-10,78.45999908447266
2020-08-11,78.22000122070312
2020-08-12,81.30999755859375
2020-08-13,82.83999633789062
2020-08-14,81.56999969482422
2020-08-17,83.61000061035156
2020-08-18,81.13999938964844
2020-08-19,80.56999969482422
2020-08-20,80.25
2020-08-21,79.87000274658203
2020-08-24,81.93000030517578
2020-08-25,83.6500015258789
2020-08-26,84.33000183105469
2020-08-27,84.20999908447266
2020-08-28,86.9000015258789
2020-08-31,87.02999877929688
2020-09-01,88.05999755859375
2020-09-02,90.58000183105469
2020-09-03,83.22000122070312
2020-09-04,83.11000061035156
2020-09-08,81.26000213623047
2020-09-09,84.5
2020-09-10,82.1500015258789
2020-09-11,81.88999938964844
2020-09-14,82.43000030517578
2020-09-15,83.4800033569336
2020-09-16,82.48999786376953
2020-09-17,81.08000183105469
2020-09-18,79.9000015258789
2020-09-21,74.63999938964844
2020-09-22,77.63999938964844
2020-09-23,75.06999969482422
2020-09-24,74.9800033569336
2020-09-25,75.2699966430664
2020-09-28,75.8499984741211
2020-09-29,77.87000274658203
2020-09-30,77.7300033569336
2020-10-01,78.87000274658203
2020-10-02,77.38999938964844
2020-10-05,81.83999633789062
2020-10-06,81.5
2020-10-07,82.7300033569336
2020-10-08,83.55999755859375
2020-10-09,86.66999816894531
2020-10-12,86.58000183105469
2020-10-13,85.83999633789062
2020-10-14,85.29000091552734
2020-10-15,86.58999633789062
2020-10-16,85.9000015258789
2020-10-19,84.0199966430664
2020-10-20,83.70999908447266
2020-10-21,80.55000305175781
2020-10-22,82.11000061035156
2020-10-23,83.73999786376953
2020-10-26,80.37000274658203
2020-10-27,79.97000122070312
2020-10-28,78.87000274658203
2020-10-29,79.58000183105469
2020-10-30,78.0
2020-11-02,78.44000244140625
2020-11-03,80.51000213623047
2020-11-04,81.4800033569336
2020-11-05,84.06999969482422
2020-11-06,83.91999816894531
2020-11-09,78.62999725341797
2020-11-10,76.7699966430664
2020-11-11,80.0
2020-11-12,77.41999816894531
2020-11-13,78.2699966430664
2020-11-16,79.5199966430664
2020-11-17,78.45999908447266
2020-11-18,78.94000244140625
2020-11-19,80.55999755859375
2020-11-20,82.0199966430664
2020-11-23,80.37999725341797
2020-11-24,81.69999694824219
2020-11-25,82.0
2020-11-27,82.3499984741211
2020-11-30,81.95999908447266
2020-12-01,83.87000274658203
2020-12-02,82.63999938964844
2020-12-03,82.69000244140625
2020-12-04,84.11000061035156
2020-12-07,85.06999969482422
2020-12-08,86.33000183105469
2020-12-09,84.0199966430664
2020-12-10,83.87999725341797
2020-12-11,83.30999755859375
2020-12-14,84.7300033569336
2020-12-15,92.3499984741211
2020-12-16,91.94000244140625
2020-12-17,92.58999633789062
2020-12-18,91.26000213623047
2020-12-21,93.7300033569336
2020-12-22,95.30000305175781
2020-12-23,94.2300033569336
2020-12-24,93.87999725341797
2020-12-28,93.62999725341797
2020-12-29,90.08000183105469
2020-12-30,92.16000366210938
2020-12-31,92.22000122070312
2021-01-04,90.22000122070312
2021-01-05,92.87999725341797
2021-01-06,98.06999969482422
2021-01-07,99.08000183105469
2021-01-08,99.5
2021-01-11,100.41000366210938
2021-01-12,102.83000183105469
2021-01-13,99.79000091552734
2021-01-14,101.4000015258789
2021-01-15,97.47000122070312
2021-01-19,99.91999816894531
2021-01-20,99.73999786376953
2021-01-21,99.05000305175781
2021-01-22,98.56999969482422
2021-01-25,96.27999877929688
2021-01-26,92.38999938964844
2021-01-27,88.05999755859375
2021-01-28,89.61000061035156
2021-01-29,86.54000091552734
2021-02-01,88.93000030517578
2021-02-02,90.31999969482422
2021-02-03,90.31999969482422
2021-02-04,93.4800033569336
2021-02-05,95.44999694824219
2021-02-08,97.80000305175781
2021-02-09,99.95999908447266
2021-02-10,98.05999755859375
2021-02-11,100.97000122070312
2021-02-12,102.95999908447266
2021-02-16,100.37000274658203
2021-02-17,98.77999877929688
2021-02-18,95.83999633789062
2021-02-19,98.19000244140625
2021-02-22,94.93000030517578
2021-02-23,92.01000213623047
2021-02-24,95.22000122070312
2021-02-25,90.08000183105469
2021-02-26,98.48999786376953
2021-03-01,101.18000030517578
2021-03-02,98.31999969482422
2021-03-03,94.22000122070312
2021-03-04,89.86000061035156
2021-03-05,91.37999725341797
2021-03-08,89.94000244140625
2021-03-09,93.0
2021-03-10,94.72000122070312
2021-03-11,99.9000015258789
2021-03-12,98.55000305175781
2021-03-15,96.31999969482422
2021-03-16,94.37000274658203
2021-03-17,94.44000244140625
2021-03-18,89.08000183105469
2021-03-19,87.81999969482422
2021-03-22,88.3499984741211
2021-03-23,84.58999633789062
2021-03-24,82.69000244140625
2021-03-25,82.94999694824219
2021-03-26,85.93000030517578
2021-03-29,82.52999877929688
2021-03-30,83.6500015258789
2021-03-31,85.02999877929688
2021-04-01,88.31999969482422
2021-04-05,86.9800033569336
2021-04-06,85.05000305175781
2021-04-07,82.77999877929688
2021-04-08,84.47000122070312
2021-04-09,85.58999633789062
2021-04-12,87.04000091552734
2021-04-13,85.45999908447266
2021-04-14,84.52999877929688
2021-04-15,86.30999755859375
2021-04-16,85.55999755859375
2021-04-19,82.66999816894531
2021-04-20,81.6500015258789
2021-04-21,84.33000183105469
2021-04-22,84.93000030517578
2021-04-23,90.20999908447266
2021-04-26,93.66999816894531
2021-04-27,92.23999786376953
2021-04-28,93.19999694824219
2021-04-29,93.75
2021-04-30,92.2300033569336
2021-05-03,88.04000091552734
2021-05-04,85.37000274658203
2021-05-05,84.79000091552734
2021-05-06,86.0
2021-05-07,86.75
2021-05-10,80.66000366210938
2021-05-11,79.5
2021-05-12,75.43000030517578
2021-05-13,75.73999786376953
2021-05-14,78.5
2021-05-17,78.68000030517578
2021-05-18,79.0
2021-05-19,81.4800033569336
2021-05-20,85.30000305175781
2021-05-21,86.2699966430664
2021-05-24,87.18000030517578
2021-05-25,88.23999786376953
2021-05-26,88.55000305175781
2021-05-27,89.41000366210938
2021-05-28,90.08000183105469
2021-06-01,93.33000183105469
2021-06-02,93.08000183105469
2021-06-03,91.93000030517578
2021-06-04,93.4000015258789
2021-06-07,95.83000183105469
2021-06-08,95.38999938964844
2021-06-09,93.0
2021-06-10,91.97000122070312
2021-06-11,92.9800033569336
2021-06-14,93.94999694824219
2021-06-15,93.12999725341797
2021-06-16,93.33999633789062
2021-06-17,93.45999908447266
2021-06-18,89.47000122070312
2021-06-21,92.16000366210938
2021-06-22,95.80000305175781
2021-06-23,96.01000213623047
2021-06-24,98.38999938964844
2021-06-25,100.0
2021-06-28,102.80000305175781
2021-06-29,104.77999877929688
2021-06-30,105.73999786376953
2021-07-01,107.0
2021-07-02,107.97000122070312
2021-07-06,108.12000274658203
2021-07-07,106.5
2021-07-08,105.41999816894531
2021-07-09,107.01000213623047
2021-07-12,107.95999908447266
2021-07-13,107.16999816894531
2021-07-14,107.51000213623047
2021-07-15,106.41000366210938
2021-07-16,105.61000061035156
2021-07-19,102.69000244140625
2021-07-20,108.0
2021-07-21,109.8499984741211
2021-07-22,109.4000015258789
2021-07-23,107.80000305175781
2021-07-26,112.33000183105469
2021-07-27,107.9800033569336
2021-07-28,110.2699966430664
2021-07-29,114.8499984741211
2021-07-30,115.61000061035156
2021-08-02,118.19000244140625
2021-08-03,117.98999786376953
2021-08-04,119.25
2021-08-05,120.61000061035156
2021-08-06,121.54000091552734
2021-08-09,121.0
2021-08-10,119.4000015258789
2021-08-11,118.98999786376953
2021-08-12,119.48999786376953
2021-08-13,118.37000274658203
2021-08-16,119.41000366210938
2021-08-17,117.95999908447266
2021-08-18,118.87999725341797
2021-08-19,119.80999755859375
2021-08-20,120.79000091552734
2021-08-23,122.4800033569336
2021-08-24,123.97000122070312
2021-08-25,120.7699966430664
2021-08-26,120.30000305175781
2021-08-27,122.83999633789062
2021-08-30,122.83999633789062
2021-08-31,123.37000274658203
2021-09-01,123.91000366210938
2021-09-02,127.81999969482422
2021-09-03,128.0
2021-09-07,126.55000305175781
2021-09-08,125.61000061035156
2021-09-09,124.16999816894531
2021-09-10,124.58999633789062
2021-09-13,126.55999755859375
2021-09-14,126.52999877929688
2021-09-15,127.61000061035156
2021-09-16,129.14999389648438
2021-09-17,130.52000427246094
2021-09-20,125.43000030517578
2021-09-21,127.5
2021-09-22,133.4199981689453
2021-09-23,139.0
2021-09-24,136.55999755859375
2021-09-27,137.52000427246094
2021-09-28,133.8699951171875
2021-09-29,135.24000549316406
2021-09-30,134.16000366210938
2021-10-01,137.88999938964844
2021-10-04,143.75
2021-10-05,139.0
2021-10-06,140.08999633789062
2021-10-07,142.52999877929688
2021-10-08,139.35000610351562
2021-10-11,140.99000549316406
2021-10-12,142.13999938964844
2021-10-13,144.9600067138672
2021-10-14,146.99000549316406
2021-10-15,148.2100067138672
2021-10-18,149.08999633789062
2021-10-19,149.0
2021-10-20,149.63999938964844
2021-10-21,144.22999572753906
2021-10-22,143.77999877929688
2021-10-25,148.24000549316406
2021-10-26,149.47000122070312
2021-10-27,146.0800018310547
2021-10-28,151.0399932861328
2021-10-29,151.58999633789062
2021-11-01,150.50999450683594
2021-11-02,152.3000030517578
2021-11-03,155.38999938964844
2021-11-04,155.72999572753906
2021-11-05,155.0800018310547
2021-11-08,159.14999389648438
2021-11-09,157.67999267578125
2021-11-10,155.6300048828125
2021-11-11,160.99000549316406
2021-11-12,160.69000244140625
2021-11-15,161.77999877929688
2021-11-16,161.7100067138672
2021-11-17,162.92999267578125
2021-11-18,162.10000610351562
2021-11-19,158.8000030517578
2021-11-22,153.22999572753906
2021-11-23,153.11000061035156
2021-11-24,151.8800048828125
2021-11-26,148.30999755859375
2021-11-29,148.7100067138672
2021-11-30,143.4600067138672
2021-12-01,140.33999633789062
2021-12-02,141.42999267578125
2021-12-03,137.1999969482422
2021-12-06,122.01000213623047
2021-12-07,127.3499984741211
2021-12-08,125.91999816894531
2021-12-09,120.16999816894531
2021-12-10,117.29000091552734
2021-12-13,119.86000061035156
2021-12-14,120.33000183105469
2021-12-15,120.41999816894531
2021-12-16,118.41000366210938
2021-12-17,121.0
2021-12-20,114.68000030517578
2021-12-21,118.9000015258789
2021-12-22,121.38999938964844
2021-12-23,123.98999786376953
2021-12-27,128.9199981689453
2021-12-28,125.4800033569336
2021-12-29,126.3499984741211
2021-12-30,126.05999755859375
2021-12-31,126.9800033569336
2022-01-03,123.9800033569336
2022-01-04,126.18000030517578
2022-01-05,123.13999938964844
2022-01-06,120.0
2022-01-07,115.94000244140625
2022-01-10,111.75
2022-01-11,115.08000183105469
2022-01-12,112.62000274658203
2022-01-13,108.7699966430664
2022-01-14,108.56999969482422
2022-01-18,102.38999938964844
2022-01-19,99.73999786376953
2022-01-20,93.98999786376953
2022-01-21,90.9800033569336
2022-01-24,92.7699966430664
2022-01-25,87.80999755859375
2022-01-26,88.7699966430664
2022-01-27,82.76000213623047
2022-01-28,85.9800033569336
2022-01-31,94.33000183105469
2022-02-01,93.52999877929688
2022-02-02,94.47000122070312
2022-02-03,91.61000061035156
2022-02-04,93.20999908447266
2022-02-07,94.97000122070312
2022-02-08,101.69999694824219
2022-02-09,106.11000061035156
2022-02-10,104.5
2022-02-11,99.98999786376953
2022-02-14,100.37000274658203
2022-02-15,107.52999877929688
2022-02-16,104.83000183105469
2022-02-17,98.69999694824219
2022-02-18,95.18000030517578
2022-02-22,92.8499984741211
2022-02-23,89.41000366210938
2022-02-24,100.25
2022-02-25,74.9800033569336
2022-02-28,74.7699966430664
2022-03-01,71.73999786376953
2022-03-02,77.2699966430664
2022-03-03,76.66000366210938
2022-03-04,72.58999633789062
2022-03-07,73.01000213623047
2022-03-08,76.87000274658203
2022-03-09,79.08000183105469
2022-03-10,77.0
2022-03-11,76.38999938964844
2022-03-14,68.69000244140625
2022-03-15,70.73999786376953
2022-03-16,72.98999786376953
2022-03-17,76.37999725341797
2022-03-18,78.41000366210938
2022-03-21,76.75
2022-03-22,77.5
2022-03-23,61.77000045776367
2022-03-24,64.0999984741211
2022-03-25,64.06999969482422
2022-03-28,64.12999725341797
2022-03-29,67.69999694824219
2022-03-30,69.58000183105469
2022-03-31,70.55000305175781
2022-04-01,72.01000213623047
2022-04-04,73.72000122070312
2022-04-05,71.6500015258789
2022-04-06,68.95999908447266
2022-04-07,66.9800033569336
2022-04-08,65.62999725341797
2022-04-11,61.970001220703125
2022-04-12,61.02000045776367
2022-04-13,62.810001373291016
2022-04-14,60.41999816894531
2022-04-18,61.72999954223633
2022-04-19,64.77999877929688
2022-04-20,61.779998779296875
2022-04-21,59.5099983215332
2022-04-22,60.09000015258789
2022-04-25,60.61000061035156
2022-04-26,56.15999984741211
2022-04-27,56.459999084472656
2022-04-28,61.650001525878906
2022-04-29,60.52000045776367
2022-05-02,62.68000030517578
2022-05-03,64.7699966430664
2022-05-04,67.54000091552734
2022-05-05,63.40999984741211
2022-05-06,63.459999084472656
2022-05-09,59.349998474121094
2022-05-10,57.83000183105469
2022-05-11,55.459999084472656
2022-05-12,56.560001373291016
2022-05-13,60.150001525878906
2022-05-16,56.7400016784668
2022-05-17,60.47999954223633
2022-05-18,58.220001220703125
2022-05-19,59.88999938964844
2022-05-20,60.47999954223633
2022-05-23,61.68000030517578
2022-05-24,59.79999923706055
2022-05-25,62.5
2022-05-26,65.4000015258789
2022-05-27,68.75
2022-05-31,67.30000305175781
2022-06-01,67.26000213623047
2022-06-02,71.29000091552734
2022-06-03,69.7699966430664
2022-06-06,70.27999877929688
2022-06-07,69.4800033569336
2022-06-08,67.87999725341797
2022-06-09,65.11000061035156
2022-06-10,62.849998474121094
2022-06-13,58.0099983215332
2022-06-14,55.529998779296875
2022-06-15,58.09000015258789
2022-06-16,52.68000030517578
2022-06-17,55.099998474121094
2022-06-21,56.7599983215332
2022-06-22,56.65999984741211
2022-06-23,59.029998779296875
2022-06-24,60.369998931884766
2022-06-27,59.43000030517578
2022-06-28,57.720001220703125
2022-06-29,56.33000183105469
2022-06-30,54.72999954223633
2022-07-01,53.279998779296875
2022-07-05,53.560001373291016
2022-07-06,53.47999954223633
2022-07-07,55.43000030517578
2022-07-08,54.45000076293945
2022-07-11,52.61000061035156
2022-07-12,52.7599983215332
2022-07-13,52.5099983215332
2022-07-14,52.369998931884766
2022-07-15,52.86000061035156
2022-07-18,52.2599983215332
2022-07-19,53.0099983215332
2022-07-20,55.13999938964844
2022-07-21,55.81999969482422
2022-07-22,65.0199966430664
2022-07-25,67.36000061035156
2022-07-26,69.44000244140625
2022-07-27,70.72000122070312
2022-07-28,71.83999633789062
2022-07-29,72.95999908447266
2022-08-01,71.58999633789062
2022-08-02,73.08000183105469
2022-08-03,74.62000274658203
2022-08-04,76.55999755859375
2022-08-05,76.27999877929688
2022-08-08,74.2699966430664
2022-08-09,72.01000213623047
2022-08-10,75.7699966430664
2022-08-11,74.51000213623047
2022-08-12,77.04000091552734
2022-08-15,80.97000122070312
2022-08-16,82.16999816894531
2022-08-17,80.12000274658203
2022-08-18,81.97000122070312
2022-08-19,79.4800033569336
2022-08-22,73.97000122070312
2022-08-23,72.7300033569336
2022-08-24,74.25
2022-08-25,76.7699966430664
2022-08-26,73.6500015258789
2022-08-29,73.05999755859375
2022-08-30,71.55999755859375
2022-08-31,71.13999938964844
2022-09-01,64.05000305175781
2022-09-02,63.56999969482422
2022-09-06,61.95000076293945
2022-09-07,64.37999725341797
2022-09-08,65.86000061035156
2022-09-09,68.7300033569336
2022-09-12,70.25
2022-09-13,65.2699966430664
2022-09-14,65.48999786376953
2022-09-15,64.41999816894531
2022-09-16,62.380001068115234
2022-09-19,61.849998474121094
2022-09-20,62.279998779296875
2022-09-21,61.95000076293945
2022-09-22,59.939998626708984
2022-09-23,58.75
2022-09-26,57.97999954223633
2022-09-27,59.619998931884766
2022-09-28,62.33000183105469
2022-09-29,59.95000076293945
2022-09-30,59.13999938964844
2022-10-03,62.630001068115234
2022-10-04,64.43000030517578
2022-10-05,63.68000030517578
2022-10-06,62.68000030517578
2022-10-07,57.540000915527344
2022-10-10,55.68000030517578
2022-10-11,50.54999923706055
2022-10-12,50.2599983215332
2022-10-13,51.95000076293945
2022-10-14,47.349998474121094
2022-10-17,50.36000061035156
2022-10-18,51.29999923706055
2022-10-19,48.5
2022-10-20,45.09000015258789
2022-10-21,46.310001373291016
2022-10-24,45.90999984741211
2022-10-25,48.619998931884766
2022-10-26,47.88999938964844
2022-10-27,48.29999923706055
2022-10-28,49.95000076293945
2022-10-31,47.77000045776367
2022-11-01,50.75
2022-11-02,48.52000045776367
2022-11-03,48.47999954223633
2022-11-04,48.45000076293945
2022-11-07,50.470001220703125
2022-11-08,50.79999923706055
2022-11-09,48.04999923706055
2022-11-10,53.0
2022-11-11,58.900001525878906
2022-11-14,55.720001220703125
2022-11-15,56.41999816894531
2022-11-16,53.59000015258789
2022-11-17,52.189998626708984
2022-11-18,53.470001220703125
2022-11-21,52.29999923706055
2022-11-22,53.25
2022-11-23,54.4900016784668
2022-11-25,54.06999969482422
2022-11-28,51.27000045776367
2022-11-29,51.13999938964844
2022-11-30,53.9900016784668
2022-12-01,53.900001525878906
2022-12-02,52.84000015258789
2022-12-05,52.02000045776367
2022-12-06,51.599998474121094
2022-12-07,52.439998626708984
2022-12-08,54.099998474121094
2022-12-09,53.38999938964844
2022-12-12,54.540000915527344
2022-12-13,55.33000183105469
2022-12-14,54.970001220703125
2022-12-15,53.119998931884766
2022-12-16,53.400001525878906
2022-12-19,52.459999084472656
2022-12-20,53.02000045776367
2022-12-21,54.81999969482422
2022-12-22,52.41999816894531
2022-12-23,52.56999969482422
2022-12-27,52.119998931884766
2022-12-28,51.2599983215332
2022-12-29,53.4900016784668
2022-12-30,53.75
2023-01-03,54.2400016784668
2023-01-04,55.16999816894531
2023-01-05,53.029998779296875
2023-01-06,56.25
2023-01-09,57.060001373291016
2023-01-10,57.16999816894531
2023-01-11,57.650001525878906
2023-01-12,60.75
2023-01-13,60.2599983215332
2023-01-17,61.70000076293945
2023-01-18,62.310001373291016
2023-01-19,62.56999969482422
2023-01-20,65.19000244140625
2023-01-23,70.01000213623047
2023-01-24,71.05000305175781
2023-01-25,71.05999755859375
2023-01-26,70.30999755859375
2023-01-27,71.01000213623047
2023-01-30,67.25
2023-01-31,69.43000030517578
2023-02-01,70.16000366210938
2023-02-02,71.9000015258789
2023-02-03,70.55000305175781
2023-02-06,70.01000213623047
2023-02-07,70.37999725341797
2023-02-08,69.12999725341797
2023-02-09,66.08000183105469
2023-02-10,63.34000015258789
2023-02-13,64.33999633789062
2023-02-14,64.33999633789062
2023-02-15,64.9000015258789
2023-02-16,62.209999084472656
2023-02-17,61.290000915527344
2023-02-21,56.56999969482422
2023-02-22,56.470001220703125
2023-02-23,56.31999969482422
2023-02-24,40.849998474121094
2023-02-27,44.720001220703125
2023-02-28,47.0
2023-03-01,47.86000061035156
2023-03-02,47.31999969482422
2023-03-03,45.75
2023-03-06,43.22999954223633
2023-03-07,43.0
2023-03-08,43.689998626708984
2023-03-09,43.900001525878906
2023-03-10,42.900001525878906
2023-03-13,43.369998931884766
2023-03-14,43.790000915527344
2023-03-15,42.189998626708984
2023-03-16,42.720001220703125
2023-03-17,41.560001373291016
2023-03-20,42.220001220703125
2023-03-21,43.59000015258789
2023-03-22,43.66999816894531
2023-03-23,43.810001373291016
2023-03-24,43.529998779296875
2023-03-27,43.90999984741211
2023-03-28,43.790000915527344
2023-03-29,45.869998931884766
2023-03-30,46.279998779296875
2023-03-31,46.939998626708984
2023-04-03,46.959999084472656
2023-04-04,46.61000061035156
2023-04-05,45.189998626708984
2023-04-06,46.02000045776367
2023-04-10,45.41999816894531
2023-04-11,45.470001220703125
2023-04-12,45.04999923706055
2023-04-13,45.77000045776367
2023-04-14,44.36000061035156
2023-04-17,45.16999816894531
2023-04-18,42.91999816894531
2023-04-19,43.029998779296875
2023-04-20,42.959999084472656
2023-04-21,42.439998626708984
2023-04-24,42.619998931884766
2023-04-25,41.439998626708984
2023-04-26,43.54999923706055
2023-04-27,42.9900016784668
2023-04-28,42.970001220703125
2023-05-01,42.869998931884766
2023-05-02,41.61000061035156
2023-05-03,41.72999954223633
2023-05-04,41.279998779296875
2023-05-05,44.7400016784668
2023-05-08,42.9900016784668
2023-05-09,42.79999923706055
2023-05-10,43.5099983215332
2023-05-11,43.58000183105469
2023-05-12,44.099998474121094
2023-05-15,44.2599983215332
2023-05-16,46.04999923706055
2023-05-17,48.61000061035156
2023-05-18,49.279998779296875
2023-05-19,48.459999084472656
2023-05-22,49.79999923706055
2023-05-23,48.869998931884766
2023-05-24,46.56999969482422
2023-05-25,54.0
2023-05-26,60.150001525878906
2023-05-30,60.5
2023-05-31,55.349998474121094
2023-06-01,57.900001525878906
2023-06-02,56.88999938964844
2023-06-05,54.709999084472656
2023-06-06,55.77000045776367
2023-06-07,58.31999969482422
2023-06-08,58.0099983215332
2023-06-09,57.369998931884766
2023-06-12,59.029998779296875
2023-06-13,60.2599983215332
2023-06-14,59.150001525878906
2023-06-15,56.33000183105469
2023-06-16,54.880001068115234
2023-06-20,54.540000915527344
2023-06-21,53.52000045776367
2023-06-22,52.790000915527344
2023-06-23,53.06999969482422
2023-06-26,55.349998474121094
2023-06-27,56.2400016784668
2023-06-28,54.97999954223633
2023-06-29,54.380001068115234
2023-06-30,54.0
2023-07-03,54.61000061035156
2023-07-05,53.27000045776367
2023-07-06,53.439998626708984
2023-07-07,53.290000915527344
2023-07-10,52.95000076293945
2023-07-11,54.459999084472656
2023-07-12,55.11000061035156
2023-07-13,58.220001220703125
2023-07-14,58.33000183105469
2023-07-17,59.689998626708984
2023-07-18,59.209999084472656
2023-07-19,59.560001373291016
2023-07-20,59.08000183105469
2023-07-21,58.650001525878906
2023-07-24,59.09000015258789
2023-07-25,59.40999984741211
2023-07-26,93.69999694824219
2023-07-27,95.13999938964844
2023-07-28,95.13999938964844
2023-07-31,92.2699966430664
2023-08-01,88.0
2023-08-02,78.3499984741211
2023-08-03,74.95999908447266
2023-08-04,77.66999816894531
2023-08-07,77.30000305175781
2023-08-08,78.08000183105469
2023-08-09,76.83999633789062
2023-08-10,77.0999984741211
2023-08-11,75.9000015258789
2023-08-14,75.08000183105469
2023-08-15,74.3499984741211
2023-08-16,70.4800033569336
2023-08-17,68.61000061035156
2023-08-18,67.19000244140625
2023-08-21,68.44999694824219
2023-08-22,67.69000244140625
2023-08-23,70.16999816894531
2023-08-24,67.58999633789062
2023-08-25,67.5
2023-08-28,67.72000122070312
2023-08-29,68.5199966430664
2023-08-30,68.55000305175781
2023-08-31,67.7699966430664
2023-09-01,69.0
2023-09-05,67.43000030517578
2023-09-06,66.7300033569336
2023-09-07,64.01000213623047
2023-09-08,63.13999938964844
2023-09-11,63.06999969482422
2023-09-12,63.02000045776367
2023-09-13,60.16999816894531
2023-09-14,60.290000915527344
2023-09-15,58.560001373291016
2023-09-18,58.36000061035156
2023-09-19,59.02000045776367
2023-09-20,58.220001220703125
2023-09-21,57.709999084472656
2023-09-22,58.0099983215332
2023-09-25,58.2400016784668
2023-09-26,56.470001220703125
2023-09-27,57.7400016784668
2023-09-28,58.959999084472656
2023-09-29,58.88999938964844
2023-10-02,58.18000030517578
2023-10-03,56.33000183105469
2023-10-04,56.970001220703125
2023-10-05,56.619998931884766
2023-10-06,56.599998474121094
2023-10-09,56.720001220703125
2023-10-10,58.86000061035156
2023-10-11,58.33000183105469
2023-10-12,56.11000061035156
2023-10-13,53.439998626708984
2023-10-16,54.25
2023-10-17,53.720001220703125
2023-10-18,54.939998626708984
2023-10-19,53.63999938964844
2023-10-20,51.779998779296875
2023-10-23,53.209999084472656
2023-10-24,53.189998626708984
2023-10-25,39.04999923706055
2023-10-26,39.939998626708984
2023-10-27,40.58000183105469
2023-10-30,39.86000061035156
2023-10-31,38.7400016784668
2023-11-01,36.959999084472656
2023-11-02,38.09000015258789
2023-11-03,39.16999816894531
2023-11-06,38.95000076293945
2023-11-07,38.70000076293945
2023-11-08,38.189998626708984
2023-11-09,36.29999923706055
2023-11-10,36.5
2023-11-13,36.529998779296875
2023-11-14,38.97999954223633
2023-11-15,39.279998779296875
2023-11-16,38.959999084472656
2023-11-17,39.25
2023-11-20,40.04999923706055
2023-11-21,37.97999954223633
2023-11-22,37.83000183105469
2023-11-24,37.7400016784668
2023-11-27,36.66999816894531
2023-11-28,36.52000045776367
2023-11-29,37.81999969482422
2023-11-30,36.56999969482422
2023-12-01,38.47999954223633
2023-12-04,38.70000076293945
2023-12-05,37.619998931884766
2023-12-06,38.119998931884766
2023-12-07,39.150001525878906
2023-12-08,38.38999938964844
2023-12-11,38.72999954223633
2023-12-12,38.83000183105469
2023-12-13,40.91999816894531
2023-12-14,43.150001525878906
2023-12-15,43.040000915527344
2023-12-18,42.7599983215332
2023-12-19,43.63999938964844
2023-12-20,42.619998931884766
2023-12-21,44.529998779296875
2023-12-22,45.529998779296875
2023-12-26,46.33000183105469
2023-12-27,46.130001068115234
2023-12-28,46.16999816894531
2023-12-29,44.939998626708984
2024-01-02,41.97999954223633
2024-01-03,39.83000183105469
2024-01-04,38.4900016784668
2024-01-05,38.36000061035156
2024-01-08,39.27000045776367
2024-01-09,38.880001068115234
2024-01-10,38.72999954223633
2024-01-11,38.72999954223633
2024-01-12,38.34000015258789
2024-01-16,37.720001220703125
2024-01-17,37.7400016784668
2024-01-18,38.15999984741211
2024-01-19,37.130001068115234
2024-01-22,37.59000015258789
2024-01-23,38.099998474121094
2024-01-24,37.11000061035156
2024-01-25,37.130001068115234
2024-01-26,37.75
2024-01-29,38.70000076293945
2024-01-30,37.970001220703125
2024-01-31,37.66999816894531
2024-02-01,38.619998931884766
2024-02-02,38.290000915527344
2024-02-05,37.61000061035156
2024-02-06,38.290000915527344
2024-02-07,38.790000915527344
2024-02-08,42.470001220703125
2024-02-09,43.29999923706055
2024-02-12,43.5099983215332
2024-02-13,41.0
2024-02-14,43.689998626708984
2024-02-15,45.470001220703125
2024-02-16,46.939998626708984
2024-02-20,47.18000030517578
2024-02-21,45.97999954223633
2024-02-22,46.84000015258789
2024-02-23,35.66999816894531
2024-02-26,38.29999923706055
2024-02-27,37.95000076293945
2024-02-28,36.869998931884766
2024-02-29,37.2400016784668
2024-03-01,37.689998626708984
2024-03-04,37.83000183105469
2024-03-05,37.08000183105469
2024-03-06,37.84000015258789
2024-03-07,37.720001220703125
2024-03-08,36.90999984741211
2024-03-11,36.38999938964844
2024-03-12,36.130001068115234
2024-03-13,35.90999984741211
2024-03-14,35.54999923706055
2024-03-15,36.06999969482422
2024-03-18,35.869998931884766
2024-03-19,35.5099983215332
2024-03-20,37.36000061035156
2024-03-21,38.400001525878906
2024-03-22,38.040000915527344
2024-03-25,37.599998474121094
2024-03-26,37.27000045776367
2024-03-27,38.540000915527344
2024-03-28,38.2400016784668
2024-04-01,38.08000183105469
2024-04-02,37.43000030517578
2024-04-03,38.08000183105469
2024-04-04,37.13999938964844
2024-04-05,36.31999969482422
2024-04-08,37.43000030517578
2024-04-09,38.060001373291016
2024-04-10,37.150001525878906
2024-04-11,37.77000045776367
2024-04-12,36.58000183105469
2024-04-15,35.310001373291016
2024-04-16,34.400001525878906
2024-04-17,34.70000076293945
2024-04-18,34.63999938964844
2024-04-19,33.869998931884766
2024-04-22,34.61000061035156
2024-04-23,35.18000030517578
2024-04-24,32.029998779296875
2024-04-25,33.47999954223633
2024-04-26,34.40999984741211
2024-04-29,34.29999923706055
2024-04-30,32.380001068115234
2024-05-01,31.81999969482422
2024-05-02,32.779998779296875
2024-05-03,33.959999084472656
2024-05-06,33.5
2024-05-07,33.15999984741211
2024-05-08,33.209999084472656
2024-05-09,33.369998931884766
2024-05-10,32.970001220703125
2024-05-13,33.290000915527344
2024-05-14,32.939998626708984
2024-05-15,33.88999938964844
2024-05-16,33.56999969482422
2024-05-17,33.70000076293945
2024-05-20,33.810001373291016
2024-05-21,34.08000183105469
2024-05-22,34.880001068115234
2024-05-23,34.7599983215332
2024-05-24,34.720001220703125
2024-05-28,34.939998626708984
2024-05-29,34.40999984741211
2024-05-30,35.02000045776367
2024-05-31,34.9900016784668
2024-06-03,35.060001373291016
2024-06-04,33.2599983215332
2024-06-05,34.40999984741211
2024-06-06,34.86000061035156
2024-06-07,34.66999816894531
2024-06-10,35.5
2024-06-11,34.38999938964844
2024-06-12,34.91999816894531
2024-06-13,35.209999084472656
2024-06-14,33.9900016784668
2024-06-17,34.33000183105469
2024-06-18,34.709999084472656
2024-06-20,34.470001220703125
2024-06-21,32.88999938964844
2024-06-24,32.380001068115234
2024-06-25,31.979999542236328
2024-06-26,33.36000061035156
2024-06-27,33.630001068115234
2024-06-28,33.15999984741211
2024-07-01,32.630001068115234
2024-07-02,33.36000061035156
2024-07-03,33.349998474121094
2024-07-05,33.029998779296875
2024-07-08,33.15999984741211
2024-07-09,33.25
2024-07-10,33.619998931884766
2024-07-11,35.400001525878906
2024-07-12,35.220001220703125
2024-07-15,36.02000045776367
2024-07-16,39.709999084472656
2024-07-17,38.36000061035156
2024-07-18,36.970001220703125
2024-07-19,36.18000030517578
2024-07-22,37.43000030517578
2024-07-23,37.95000076293945
2024-07-24,37.970001220703125
2024-07-25,38.43000030517578
2024-07-26,40.33000183105469
2024-07-29,40.25
2024-07-30,40.70000076293945
2024-07-31,42.11000061035156
2024-08-01,39.5099983215332
2024-08-02,37.529998779296875
2024-08-05,36.599998474121094
2024-08-06,36.90999984741211
2024-08-07,36.2400016784668
2024-08-08,37.4900016784668
2024-08-09,37.27000045776367
2024-08-12,35.7400016784668
2024-08-13,36.779998779296875
2024-08-14,35.61000061035156
2024-08-15,38.91999816894531
2024-08-16,37.849998474121094
2024-08-19,38.0
2024-08-20,36.9900016784668
2024-08-21,38.279998779296875
2024-08-22,37.41999816894531
2024-08-23,39.04999923706055
2024-08-26,38.68000030517578
2024-08-27,38.380001068115234
2024-08-28,38.08000183105469
2024-08-29,38.560001373291016
2024-08-30,38.5
2024-09-03,35.72999954223633
2024-09-04,35.810001373291016
2024-09-05,35.4900016784668
2024-09-06,35.11000061035156
2024-09-09,34.56999969482422
2024-09-10,34.93000030517578
2024-09-11,35.79999923706055
2024-09-12,36.70000076293945
2024-09-13,36.7599983215332
2024-09-16,36.75
2024-09-17,36.88999938964844
2024-09-18,36.150001525878906
2024-09-19,37.63999938964844
2024-09-20,37.040000915527344
2024-09-23,37.470001220703125
2024-09-24,39.40999984741211
2024-09-25,38.75
2024-09-26,42.099998474121094
2024-09-27,42.290000915527344
2024-09-30,42.099998474121094
2024-10-01,41.08000183105469
2024-10-02,41.2400016784668
2024-10-03,41.2400016784668
2024-10-04,42.04999923706055
2024-10-07,41.11000061035156
2024-10-08,41.41999816894531
2024-10-09,41.380001068115234
2024-10-10,40.630001068115234
2024-10-11,41.560001373291016
2024-10-14,41.599998474121094
2024-10-15,41.75
2024-10-16,40.22999954223633
2024-10-17,41.150001525878906
2024-10-18,41.040000915527344
2024-10-21,44.68000030517578
2024-10-22,43.439998626708984
2024-10-23,49.38999938964844
2024-10-24,46.40999984741211
2024-10-25,46.31999969482422
2024-10-28,47.9900016784668
2024-10-29,47.060001373291016
2024-10-30,46.189998626708984
2024-10-31,45.709999084472656
2024-11-01,46.040000915527344
2024-11-04,46.88999938964844
2024-11-05,52.540000915527344
2024-11-06,57.70000076293945
2024-11-07,57.61000061035156
2024-11-08,58.88999938964844
2024-11-11,60.939998626708984
2024-11-12,58.34000015258789
2024-11-13,57.06999969482422
2024-11-14,52.790000915527344
2024-11-15,51.95000076293945
2024-11-18,52.040000915527344
2024-11-19,53.099998474121094
2024-11-20,53.869998931884766
2024-11-21,54.22999954223633
2024-11-22,55.29999923706055
2024-11-25,56.65999984741211
2024-11-26,55.439998626708984
2024-11-27,53.31999969482422
2024-11-29,53.209999084472656
2024-12-02,57.689998626708984
2024-12-03,55.7599983215332
2024-12-04,58.0
2024-12-05,56.79999923706055
2024-12-06,56.84000015258789
2024-12-09,55.45000076293945
2024-12-10,54.09000015258789
2024-12-11,53.779998779296875
2024-12-12,53.08000183105469
2024-12-13,54.54999923706055
2024-12-16,56.560001373291016
2024-12-17,52.91999816894531
2024-12-18,50.77000045776367
2024-12-19,49.08000183105469
2024-12-20,49.16999816894531
2024-12-23,49.310001373291016
2024-12-24,51.56999969482422
2024-12-26,51.779998779296875
2024-12-27,49.880001068115234
2024-12-30,49.099998474121094
2024-12-31,48.31999969482422
2025-01-02,48.220001220703125
2025-01-03,51.2599983215332
2025-01-06,51.560001373291016
2025-01-07,50.060001373291016
2025-01-08,49.279998779296875
2025-01-10,47.97999954223633
2025-01-13,46.81999969482422
2025-01-14,47.849998474121094
2025-01-15,48.2400016784668
2025-01-16,48.380001068115234
2025-01-17,51.540000915527344
2025-01-21,56.599998474121094
2025-01-22,60.599998474121094
2025-01-23,57.650001525878906
2025-01-24,57.29999923706055
2025-01-27,46.97999954223633
2025-01-28,48.970001220703125
2025-01-29,49.45000076293945
2025-01-30,50.70000076293945
2025-01-31,51.13999938964844
2025-02-03,47.189998626708984
2025-02-04,49.15999984741211
2025-02-05,50.849998474121094
2025-02-06,50.04999923706055
2025-02-07,49.970001220703125
2025-02-10,52.15999984741211
2025-02-11,49.33000183105469
2025-02-12,47.619998931884766
2025-02-13,49.81999969482422
2025-02-14,50.119998931884766
2025-02-18,50.75
2025-02-19,50.59000015258789
2025-02-20,51.86000061035156
2025-02-21,63.66999816894531
2025-02-24,60.349998474121094
2025-02-25,60.439998626708984
2025-02-26,64.70999908447266
2025-02-27,61.68000030517578
2025-02-28,63.33000183105469
2025-03-03,60.619998931884766
2025-03-04,59.310001373291016
2025-03-05,60.97999954223633
2025-03-06,59.16999816894531
2025-03-07,59.54999923706055
2025-03-10,48.939998626708984
2025-03-11,50.09000015258789
2025-03-12,53.310001373291016
2025-03-13,51.0
2025-03-14,53.65999984741211
2025-03-17,55.5099983215332
2025-03-18,53.09000015258789
2025-03-19,54.43000030517578
2025-03-20,52.959999084472656
2025-03-21,53.63999938964844
2025-03-24,55.369998931884766
2025-03-25,54.599998474121094
2025-03-26,53.470001220703125
2025-03-27,50.630001068115234
2025-03-28,48.400001525878906
2025-03-31,46.779998779296875
2025-04-01,47.02000045776367
2025-04-02,48.56999969482422
2025-04-03,44.689998626708984
2025-04-04,42.09000015258789
2025-04-07,43.369998931884766
2025-04-08,43.290000915527344
2025-04-09,49.15999984741211
2025-04-10,46.29999923706055
2025-04-11,46.83000183105469
2025-04-14,46.66999816894531
2025-04-15,47.040000915527344
2025-04-16,46.66999816894531
2025-04-17,46.7599983215332
2025-04-21,45.25
2025-04-22,46.84000015258789
2025-04-23,47.75
2025-04-24,50.66999816894531
2025-04-25,51.4900016784668
2025-04-28,51.529998779296875
2025-04-29,51.90999984741211
2025-04-30,39.90999984741211
2025-05-01,39.40999984741211
2025-05-02,41.06999969482422
2025-05-05,40.43000030517578
2025-05-06,41.36000061035156
2025-05-07,41.11000061035156
2025-05-08,41.09000015258789
2025-05-09,41.13999938964844
2025-05-12,43.90999984741211
2025-05-13,44.56999969482422
2025-05-14,44.18000030517578
2025-05-15,43.11000061035156
2025-05-16,43.369998931884766
2025-05-19,43.150001525878906
2025-05-20,43.540000915527344
2025-05-21,41.470001220703125
2025-05-22,41.54999923706055
2025-05-23,41.66999816894531
2025-05-27,42.5
2025-05-28,42.31999969482422
2025-05-29,42.77000045776367
2025-05-30,43.63999938964844
2025-06-02,43.11000061035156
2025-06-03,43.88999938964844
2025-06-04,44.189998626708984
2025-06-05,44.310001373291016
2025-06-06,45.2599983215332
2025-06-09,45.84000015258789
2025-06-10,45.790000915527344
2025-06-11,45.43000030517578
2025-06-12,45.0
2025-06-13,43.650001525878906
2025-06-16,44.84000015258789
2025-06-17,44.25
2025-06-18,45.470001220703125
2025-06-20,44.06999969482422
2025-06-23,43.83000183105469
2025-06-24,45.38999938964844
2025-06-25,46.04999923706055
2025-06-26,47.310001373291016
2025-06-27,46.65999984741211
2025-06-30,45.36000061035156
2025-07-01,45.34000015258789
2025-07-02,45.849998474121094
2025-07-03,46.27000045776367
2025-07-07,45.38999938964844
2025-07-08,45.63999938964844
2025-07-09,46.720001220703125
2025-07-10,47.060001373291016
2025-07-11,46.25
2025-07-14,46.15999984741211
2025-07-15,46.689998626708984
2025-07-16,47.31999969482422
2025-07-17,48.38999938964844
2025-07-18,47.5099983215332
2025-07-21,47.79999923706055
2025-07-22,45.20000076293945
2025-07-23,52.68000030517578
2025-07-24,47.150001525878906
2025-07-25,46.40999984741211
2025-07-28,45.970001220703125
2025-07-29,45.720001220703125
2025-07-30,45.810001373291016
2025-07-31,44.439998626708984
2025-08-01,43.849998474121094
2025-08-04,46.08000183105469
2025-08-05,46.90999984741211
2025-08-06,46.130001068115234
2025-08-07,46.02000045776367
2025-08-08,46.84000015258789
2025-08-11,46.279998779296875
2025-08-12,48.43000030517578
2025-08-13,49.47999954223633
2025-08-14,47.25
2025-08-15,47.650001525878906
2025-08-18,48.130001068115234
2025-08-19,47.2400016784668
2025-08-20,46.4900016784668
2025-08-21,46.709999084472656
2025-08-22,50.95000076293945
2025-08-25,50.70000076293945
2025-08-26,51.5099983215332
2025-08-27,51.31999969482422
2025-08-28,52.130001068115234
2025-08-29,51.11000061035156
2025-09-02,50.470001220703125
2025-09-03,50.5099983215332
2025-09-04,51.900001525878906
2025-09-05,51.79999923706055
2025-09-08,50.560001373291016
2025-09-09,50.060001373291016
2025-09-10,50.09000015258789
2025-09-11,50.959999084472656
2025-09-12,50.77000045776367
2025-09-15,51.88999938964844
2025-09-16,52.060001373291016
2025-09-17,52.209999084472656
2025-09-18,53.84000015258789
2025-09-19,52.880001068115234
2025-09-22,54.720001220703125
2025-09-23,53.81999969482422
2025-09-24,52.810001373291016
2025-09-25,52.13999938964844
2025-09-26,48.66999816894531
2025-09-29,48.459999084472656
2025-09-30,49.720001220703125
2025-10-01,49.310001373291016
2025-10-02,48.880001068115234
2025-10-03,49.029998779296875
2025-10-06,49.970001220703125
2025-10-07,48.630001068115234
2025-10-08,51.5
2025-10-09,52.619998931884766
2025-10-10,48.560001373291016
2025-10-13,51.959999084472656
2025-10-14,53.650001525878906
2025-10-15,57.310001373291016
2025-10-16,60.470001220703125
2025-10-17,57.43000030517578
2025-10-20,58.040000915527344
2025-10-21,65.80000305175781
2025-10-22,85.76000213623047
2025-10-23,92.9800033569336
2025-10-24,90.44000244140625
2025-10-27,90.0
2025-10-28,89.6500015258789
2025-10-29,91.16999816894531
2025-10-30,91.41999816894531
2025-10-31,90.7300033569336
2025-11-03,93.3499984741211
2025-11-04,88.36000061035156
2025-11-05,94.87999725341797
2025-11-06,89.0199966430664
2025-11-07,87.43000030517578
2025-11-10,92.38999938964844
2025-11-11,92.58000183105469
2025-11-12,94.3499984741211
2025-11-13,88.58000183105469
2025-11-14,89.0
2025-11-17,87.08000183105469
2025-11-18,84.66000366210938
2025-11-19,85.06999969482422
2025-11-20,83.27999877929688
2025-11-21,84.37000274658203
2025-11-24,87.66000366210938
2025-11-25,88.1500015258789
2025-11-26,89.54000091552734
2025-11-28,89.3499984741211
2025-12-01,89.7300033569336
2025-12-02,91.13999938964844
2025-12-03,92.81999969482422
2025-12-04,94.54000091552734
2025-12-05,96.83000183105469
2025-12-08,98.69000244140625
2025-12-09,99.30000305175781
2025-12-10,100.83000183105469
2025-12-11,100.97000122070312
2025-12-12,97.80000305175781
2025-12-15,95.58999633789062
2025-12-16,93.44999694824219
2025-12-17,97.19000244140625
2025-12-18,98.29000091552734
2025-12-19,104.4000015258789
2025-12-22,111.0199966430664
2025-12-23,108.97000122070312
2025-12-24,108.45999908447266
2025-12-26,111.0199966430664
2025-12-29,112.0
2025-12-30,113.69999694824219
2025-12-31,109.5999984741211
2026-01-02,116.86000061035156
2026-01-05,133.63999938964844
2026-01-06,138.9199981689453
2026-01-07,139.47000122070312
2026-01-08,136.11000061035156
2026-01-09,142.30999755859375
2026-01-12,139.1199951171875
2026-01-13,138.61000061035156
2026-01-14,145.32000732421875
2026-01-15,145.47999572753906
2026-01-16,149.8800048828125
2026-01-20,157.39999389648438
2026-01-21,162.0800018310547
2026-01-22,166.77999877929688
2026-01-23,153.2899932861328
2026-01-26,158.4600067138672
2026-01-27,164.02999877929688
2026-01-28,166.50999450683594
2026-01-29,171.52999877929688
2026-01-30,157.6699981689453
2026-02-02,165.35000610351562
2026-02-03,166.75999450683594
2026-02-04,152.08999633789062
2026-02-05,148.19000244140625
2026-02-06,159.8699951171875
2026-02-09,159.0399932861328
2026-02-10,157.42999267578125
2026-02-11,160.7100067138672
2026-02-12,164.2899932861328
2026-02-13,155.9600067138672
2026-02-17,157.27999877929688
2026-02-18,155.61000061035156
2026-02-19,152.83999633789062
2026-02-20,170.00999450683594
2026-02-23,171.8000030517578
2026-02-24,190.3000030517578
2026-02-25,197.16000366210938
2026-02-26,205.63999938964844
2026-02-27,201.39999389648438
2026-03-02,209.19000244140625
2026-03-03,201.97000122070312
2026-03-04,203.19000244140625
2026-03-05,181.9199981689453
2026-03-06,162.6699981689453
2026-03-09,170.02999877929688
2026-03-10,175.8000030517578
2026-03-11,178.8300018310547
2026-03-12,167.80999755859375
2026-03-13,172.57000732421875
2026-03-16,185.4199981689453
2026-03-17,196.3300018310547
2026-03-18,191.83999633789062
2026-03-19,190.1300048828125
2026-03-20,164.5399932861328
2026-03-23,173.07000732421875
2026-03-24,180.5
2026-03-25,186.0
2026-03-26,157.9600067138672
2026-03-27,153.02000427246094
2026-03-30,142.22000122070312
2026-03-31,161.0
2026-04-01,158.16000366210938
2026-04-02,155.63999938964844
2026-04-06,155.7100067138672
2026-04-07,159.8300018310547
2026-04-08,179.99000549316406
2026-04-09,184.9199981689453
2026-04-10,185.61000061035156
2026-04-13,186.22000122070312
2026-04-14,190.10000610351562
2026-04-15,194.1999969482422
2026-04-16,203.10000610351562
2026-04-17,218.0500030517578
2026-04-20,224.80999755859375
2026-04-21,246.24000549316406
2026-04-22,265.0
2026-04-23,260.1300048828125
2026-04-24,273.5299987792969
2026-04-27,268.6099853515625
2026-04-28,248.6999969482422
2026-04-29,256.70001220703125
2026-04-30,269.2699890136719
2026-05-01,268.3599853515625
2026-05-04,251.02000427246094
2026-05-05,266.010009765625
2026-05-06,280.3399963378906
2026-05-07,261.3399963378906
2026-05-08,256.4700012207031
2026-05-11,302.5899963378906
