Date,Close
1976-05-11,0.9057445526123047
1976-05-12,0.8968208432197571
1976-05-13,0.887897253036499
1976-05-14,0.887897253036499
1976-05-17,0.8834350109100342
1976-05-18,0.8789733052253723
1976-05-19,0.8700499534606934
1976-05-20,0.8745114207267761
1976-05-21,0.8700499534606934
1976-05-24,0.8655881881713867
1976-05-25,0.8566645383834839
1976-05-26,0.8432788848876953
1976-05-27,0.8611267805099487
1976-05-28,0.8700499534606934
1976-06-01,0.8611267805099487
1976-06-02,0.8611267805099487
1976-06-03,0.8566645383834839
1976-06-04,0.8566645383834839
1976-06-07,0.8611267805099487
1976-06-08,0.8655881881713867
1976-06-09,0.8745114207267761
1976-06-10,0.887897253036499
1976-06-11,0.8834350109100342
1976-06-14,0.8789733052253723
1976-06-15,0.8789733052253723
1976-06-16,0.8700499534606934
1976-06-17,0.8745114207267761
1976-06-18,0.8655881881713867
1976-06-21,0.8700499534606934
1976-06-22,0.8566645383834839
1976-06-23,0.8611267805099487
1976-06-24,0.8522028923034668
1976-06-25,0.8655881881713867
1976-06-28,0.8655881881713867
1976-06-29,0.8611267805099487
1976-06-30,0.8700499534606934
1976-07-01,0.8745114207267761
1976-07-02,0.9012826681137085
1976-07-06,0.9102064371109009
1976-07-07,0.9146681427955627
1976-07-08,0.9235910177230835
1976-07-09,0.9503617286682129
1976-07-12,0.9414383172988892
1976-07-13,0.9414383172988892
1976-07-14,0.945900559425354
1976-07-15,0.9369773864746094
1976-07-16,0.9548242092132568
1976-07-19,0.9637471437454224
1976-07-20,0.9548242092132568
1976-07-21,0.9503617286682129
1976-07-22,0.9369773864746094
1976-07-23,0.932515025138855
1976-07-26,0.9369773864746094
1976-07-27,0.945900559425354
1976-07-28,0.9414383172988892
1976-07-29,0.9548242092132568
1976-07-30,0.945900559425354
1976-08-02,0.9548242092132568
1976-08-03,0.9548242092132568
1976-08-04,0.9682093262672424
1976-08-05,0.9771326780319214
1976-08-06,0.9726713299751282
1976-08-09,0.9682093262672424
1976-08-10,0.9771326780319214
1976-08-11,0.9815946221351624
1976-08-12,0.9637471437454224
1976-08-13,0.9771326780319214
1976-08-16,0.9771326780319214
1976-08-17,0.9637471437454224
1976-08-18,0.9682093262672424
1976-08-19,0.9726713299751282
1976-08-20,0.9637471437454224
1976-08-23,0.9682093262672424
1976-08-24,0.9860563278198242
1976-08-25,0.9905188083648682
1976-08-26,0.9905188083648682
1976-08-27,0.9949803948402405
1976-08-30,1.0083658695220947
1976-08-31,1.0083658695220947
1976-09-01,0.9994423985481262
1976-09-02,1.0083658695220947
1976-09-03,1.0172892808914185
1976-09-07,1.0306750535964966
1976-09-08,1.026212453842163
1976-09-09,1.0217504501342773
1976-09-10,1.0395982265472412
1976-09-13,1.0529835224151611
1976-09-14,1.0440595149993896
1976-09-15,1.0351359844207764
1976-09-16,1.0395982265472412
1976-09-17,1.0440595149993896
1976-09-20,1.0351359844207764
1976-09-21,1.0306750535964966
1976-09-22,1.0395982265472412
1976-09-23,1.048521876335144
1976-09-24,1.0306750535964966
1976-09-27,1.0217504501342773
1976-09-28,1.0128273963928223
1976-09-29,1.0039029121398926
1976-09-30,0.9994423985481262
1976-10-01,0.9860563278198242
1976-10-04,0.9994423985481262
1976-10-05,1.0039029121398926
1976-10-06,1.0083658695220947
1976-10-07,1.0128273963928223
1976-10-08,1.0172892808914185
1976-10-11,1.0039029121398926
1976-10-12,1.0039029121398926
1976-10-13,1.0217504501342773
1976-10-14,1.0172892808914185
1976-10-15,1.0128273963928223
1976-10-18,1.0083658695220947
1976-10-19,1.0083658695220947
1976-10-20,0.9949803948402405
1976-10-21,0.9771326780319214
1976-10-22,0.9637471437454224
1976-10-25,0.9682093262672424
1976-10-26,0.9815946221351624
1976-10-27,0.9949803948402405
1976-10-28,0.9949803948402405
1976-10-29,0.9994423985481262
1976-11-01,1.0039029121398926
1976-11-03,0.9994423985481262
1976-11-04,0.9994423985481262
1976-11-05,0.9771326780319214
1976-11-08,0.9771326780319214
1976-11-09,0.9905188083648682
1976-11-10,0.9994423985481262
1976-11-11,0.9905188083648682
1976-11-12,0.9994423985481262
1976-11-15,1.0083658695220947
1976-11-16,1.0128273963928223
1976-11-17,1.0172892808914185
1976-11-18,1.0306750535964966
1976-11-19,1.0351359844207764
1976-11-22,1.0395982265472412
1976-11-23,1.0351359844207764
1976-11-24,1.0306750535964966
1976-11-26,1.0306750535964966
1976-11-29,1.0217504501342773
1976-11-30,1.026212453842163
1976-12-01,1.0351359844207764
1976-12-02,1.0395982265472412
1976-12-03,1.0351359844207764
1976-12-06,1.0128273963928223
1976-12-07,1.0351359844207764
1976-12-08,1.0395982265472412
1976-12-09,1.0395982265472412
1976-12-10,1.0529835224151611
1976-12-13,1.0529835224151611
1976-12-14,1.0529835224151611
1976-12-15,1.0529835224151611
1976-12-16,1.0619072914123535
1976-12-17,1.0663686990737915
1976-12-20,1.0619072914123535
1976-12-21,1.0663686990737915
1976-12-22,1.0663686990737915
1976-12-23,1.07082998752594
1976-12-27,1.0440595149993896
1976-12-28,1.0395982265472412
1976-12-29,1.0440595149993896
1976-12-30,1.048521876335144
1976-12-31,1.0529835224151611
1977-01-03,1.048521876335144
1977-01-04,1.0440595149993896
1977-01-05,1.0395982265472412
1977-01-06,1.0351359844207764
1977-01-07,1.0395982265472412
1977-01-10,1.0351359844207764
1977-01-11,0.9994423985481262
1977-01-12,0.9815946221351624
1977-01-13,1.0128273963928223
1977-01-14,1.0172892808914185
1977-01-17,1.0306750535964966
1977-01-18,1.026212453842163
1977-01-19,1.0217504501342773
1977-01-20,1.0172892808914185
1977-01-21,1.0172892808914185
1977-01-24,1.0440595149993896
1977-01-25,1.0306750535964966
1977-01-26,1.0351359844207764
1977-01-27,1.0395982265472412
1977-01-28,1.0574452877044678
1977-01-31,1.048521876335144
1977-02-01,1.0529835224151611
1977-02-02,1.0529835224151611
1977-02-03,1.0574452877044678
1977-02-04,1.0529835224151611
1977-02-07,1.0574452877044678
1977-02-08,1.0574452877044678
1977-02-09,1.048521876335144
1977-02-10,1.0395982265472412
1977-02-11,1.0217504501342773
1977-02-14,1.0306750535964966
1977-02-15,1.0172892808914185
1977-02-16,1.0172892808914185
1977-02-17,1.0039029121398926
1977-02-18,0.9994423985481262
1977-02-22,0.9994423985481262
1977-02-23,0.9860563278198242
1977-02-24,0.9771326780319214
1977-02-25,0.9815946221351624
1977-02-28,0.9905188083648682
1977-03-01,0.9905188083648682
1977-03-02,0.9949803948402405
1977-03-03,1.0039029121398926
1977-03-04,1.0128273963928223
1977-03-07,1.0172892808914185
1977-03-08,1.0217504501342773
1977-03-09,1.0306750535964966
1977-03-10,1.0306750535964966
1977-03-11,1.0172892808914185
1977-03-14,1.0172892808914185
1977-03-15,1.0217504501342773
1977-03-16,1.0217504501342773
1977-03-17,1.0083658695220947
1977-03-18,1.0128273963928223
1977-03-21,1.0039029121398926
1977-03-22,0.9994423985481262
1977-03-23,1.0039029121398926
1977-03-24,1.0039029121398926
1977-03-25,0.9726713299751282
1977-03-28,0.9726713299751282
1977-03-29,0.9637471437454224
1977-03-30,0.9637471437454224
1977-03-31,0.9637471437454224
1977-04-01,0.9682093262672424
1977-04-04,0.9637471437454224
1977-04-05,0.9592851996421814
1977-04-06,0.9592851996421814
1977-04-07,0.9592851996421814
1977-04-11,0.9592851996421814
1977-04-12,0.9637471437454224
1977-04-13,0.9771326780319214
1977-04-14,0.9994423985481262
1977-04-15,0.9994423985481262
1977-04-18,0.9949803948402405
1977-04-19,0.9949803948402405
1977-04-20,0.9905188083648682
1977-04-21,0.9771326780319214
1977-04-22,0.9726713299751282
1977-04-25,0.9682093262672424
1977-04-26,0.9637471437454224
1977-04-27,0.9771326780319214
1977-04-28,0.9637471437454224
1977-04-29,0.9771326780319214
1977-05-02,0.9726713299751282
1977-05-03,0.9726713299751282
1977-05-04,0.9860563278198242
1977-05-05,0.9771326780319214
1977-05-06,0.9771326780319214
1977-05-09,0.9726713299751282
1977-05-10,0.9726713299751282
1977-05-11,0.9815946221351624
1977-05-12,0.9860563278198242
1977-05-13,0.9905188083648682
1977-05-16,0.9815946221351624
1977-05-17,0.9860563278198242
1977-05-18,0.9860563278198242
1977-05-19,0.9771326780319214
1977-05-20,0.9771326780319214
1977-05-23,0.9682093262672424
1977-05-24,0.9771326780319214
1977-05-25,0.9815946221351624
1977-05-26,0.9860563278198242
1977-05-27,0.9815946221351624
1977-05-31,0.9860563278198242
1977-06-01,0.9905188083648682
1977-06-02,1.0039029121398926
1977-06-03,1.0172892808914185
1977-06-06,1.0172892808914185
1977-06-07,1.0217504501342773
1977-06-08,1.0306750535964966
1977-06-09,1.0172892808914185
1977-06-10,1.0217504501342773
1977-06-13,1.0217504501342773
1977-06-14,1.026212453842163
1977-06-15,1.026212453842163
1977-06-16,1.026212453842163
1977-06-17,1.0351359844207764
1977-06-20,1.0440595149993896
1977-06-21,1.0351359844207764
1977-06-22,1.0217504501342773
1977-06-23,1.0217504501342773
1977-06-24,0.9994423985481262
1977-06-27,1.0128273963928223
1977-06-28,1.0128273963928223
1977-06-29,1.0128273963928223
1977-06-30,1.026212453842163
1977-07-01,1.026212453842163
1977-07-05,1.0306750535964966
1977-07-06,1.0395982265472412
1977-07-07,1.0440595149993896
1977-07-08,1.048521876335144
1977-07-11,1.0574452877044678
1977-07-12,1.0619072914123535
1977-07-13,1.07082998752594
1977-07-15,1.0619072914123535
1977-07-18,1.0619072914123535
1977-07-19,1.0619072914123535
1977-07-20,1.0574452877044678
1977-07-21,1.0529835224151611
1977-07-22,1.0440595149993896
1977-07-25,1.0395982265472412
1977-07-26,1.048521876335144
1977-07-27,1.048521876335144
1977-07-28,1.0529835224151611
1977-07-29,1.0440595149993896
1977-08-01,1.0440595149993896
1977-08-02,1.0440595149993896
1977-08-03,1.0440595149993896
1977-08-04,1.0440595149993896
1977-08-05,1.0529835224151611
1977-08-08,1.048521876335144
1977-08-09,1.0529835224151611
1977-08-10,1.07082998752594
1977-08-11,1.0574452877044678
1977-08-12,1.0574452877044678
1977-08-15,1.0529835224151611
1977-08-16,1.048521876335144
1977-08-17,1.0529835224151611
1977-08-18,1.0529835224151611
1977-08-19,1.0574452877044678
1977-08-22,1.0529835224151611
1977-08-23,1.0529835224151611
1977-08-24,1.0619072914123535
1977-08-25,1.0619072914123535
1977-08-26,1.0351359844207764
1977-08-29,1.0619072914123535
1977-08-30,1.07082998752594
1977-08-31,1.0752919912338257
1977-09-01,1.07082998752594
1977-09-02,1.07082998752594
1977-09-06,1.0797538757324219
1977-09-07,1.0752919912338257
1977-09-08,1.0752919912338257
1977-09-09,1.07082998752594
1977-09-12,1.07082998752594
1977-09-13,1.0752919912338257
1977-09-14,1.0797538757324219
1977-09-15,1.0752919912338257
1977-09-16,1.0752919912338257
1977-09-19,1.0797538757324219
1977-09-20,1.0752919912338257
1977-09-21,1.0574452877044678
1977-09-22,1.0619072914123535
1977-09-23,1.07082998752594
1977-09-26,1.0574452877044678
1977-09-27,1.07082998752594
1977-09-28,1.0619072914123535
1977-09-29,1.0663686990737915
1977-09-30,1.0619072914123535
1977-10-03,1.0619072914123535
1977-10-04,1.0663686990737915
1977-10-05,1.0663686990737915
1977-10-06,1.0619072914123535
1977-10-07,1.0663686990737915
1977-10-10,1.0663686990737915
1977-10-11,1.0663686990737915
1977-10-12,1.0574452877044678
1977-10-13,1.0574452877044678
1977-10-14,1.026212453842163
1977-10-17,1.026212453842163
1977-10-18,1.0172892808914185
1977-10-19,1.0083658695220947
1977-10-20,1.0083658695220947
1977-10-21,0.9994423985481262
1977-10-24,0.9815946221351624
1977-10-25,0.9592851996421814
1977-10-26,0.9637471437454224
1977-10-27,0.9592851996421814
1977-10-28,0.9905188083648682
1977-10-31,0.9860563278198242
1977-11-01,0.9682093262672424
1977-11-02,0.9637471437454224
1977-11-03,0.9726713299751282
1977-11-04,0.9682093262672424
1977-11-07,0.9815946221351624
1977-11-08,0.9860563278198242
1977-11-09,0.9949803948402405
1977-11-10,1.0039029121398926
1977-11-11,1.0083658695220947
1977-11-14,1.0083658695220947
1977-11-15,1.0039029121398926
1977-11-16,1.0128273963928223
1977-11-17,1.0039029121398926
1977-11-18,1.0083658695220947
1977-11-21,1.0083658695220947
1977-11-22,0.9860563278198242
1977-11-23,1.0039029121398926
1977-11-25,1.0128273963928223
1977-11-28,1.0217504501342773
1977-11-29,1.0217504501342773
1977-11-30,1.0217504501342773
1977-12-01,1.0440595149993896
1977-12-02,1.026212453842163
1977-12-05,1.0395982265472412
1977-12-06,1.0351359844207764
1977-12-07,1.026212453842163
1977-12-08,1.026212453842163
1977-12-09,1.0306750535964966
1977-12-12,1.0395982265472412
1977-12-13,1.0172892808914185
1977-12-14,1.026212453842163
1977-12-15,1.026212453842163
1977-12-16,1.026212453842163
1977-12-19,1.026212453842163
1977-12-20,1.026212453842163
1977-12-21,1.0306750535964966
1977-12-22,1.026212453842163
1977-12-23,0.9994423985481262
1977-12-27,1.0083658695220947
1977-12-28,0.9994423985481262
1977-12-29,1.0083658695220947
1977-12-30,1.0083658695220947
1978-01-03,1.0039029121398926
1978-01-04,0.9994423985481262
1978-01-05,0.9994423985481262
1978-01-06,0.9905188083648682
1978-01-09,0.9637471437454224
1978-01-10,0.9548242092132568
1978-01-11,0.9280530214309692
1978-01-12,0.9369773864746094
1978-01-13,0.9369773864746094
1978-01-16,0.9369773864746094
1978-01-17,0.9280530214309692
1978-01-18,0.9280530214309692
1978-01-19,0.9191296696662903
1978-01-20,0.9235910177230835
1978-01-23,0.9191296696662903
1978-01-24,0.9102064371109009
1978-01-25,0.9012826681137085
1978-01-26,0.9057445526123047
1978-01-27,0.8923585414886475
1978-01-30,0.9012826681137085
1978-01-31,0.9191296696662903
1978-02-01,0.9280530214309692
1978-02-02,0.932515025138855
1978-02-03,0.932515025138855
1978-02-06,0.932515025138855
1978-02-07,0.9280530214309692
1978-02-08,0.9280530214309692
1978-02-09,0.9280530214309692
1978-02-10,0.932515025138855
1978-02-13,0.9414383172988892
1978-02-14,0.932515025138855
1978-02-15,0.9235910177230835
1978-02-16,0.9191296696662903
1978-02-17,0.9102064371109009
1978-02-21,0.9235910177230835
1978-02-22,0.9235910177230835
1978-02-23,0.932515025138855
1978-02-24,0.9503617286682129
1978-02-27,0.9414383172988892
1978-02-28,0.932515025138855
1978-03-01,0.9280530214309692
1978-03-02,0.9280530214309692
1978-03-03,0.9414383172988892
1978-03-06,0.932515025138855
1978-03-07,0.9414383172988892
1978-03-08,0.9503617286682129
1978-03-09,0.9369773864746094
1978-03-10,0.9414383172988892
1978-03-13,0.9369773864746094
1978-03-14,0.9280530214309692
1978-03-15,0.9369773864746094
1978-03-16,0.932515025138855
1978-03-17,0.932515025138855
1978-03-20,0.9369773864746094
1978-03-21,0.9102064371109009
1978-03-22,0.9146681427955627
1978-03-23,0.9102064371109009
1978-03-27,0.9102064371109009
1978-03-28,0.9102064371109009
1978-03-29,0.9102064371109009
1978-03-30,0.8789733052253723
1978-03-31,0.8789733052253723
1978-04-03,0.8834350109100342
1978-04-04,0.8745114207267761
1978-04-05,0.8834350109100342
1978-04-06,0.8789733052253723
1978-04-07,0.8923585414886475
1978-04-10,0.8834350109100342
1978-04-11,0.8745114207267761
1978-04-12,0.8789733052253723
1978-04-13,0.8700499534606934
1978-04-14,0.8745114207267761
1978-04-17,0.8789733052253723
1978-04-18,0.8700499534606934
1978-04-19,0.8700499534606934
1978-04-20,0.8700499534606934
1978-04-21,0.8745114207267761
1978-04-24,0.8655881881713867
1978-04-25,0.8611267805099487
1978-04-26,0.8611267805099487
1978-04-27,0.8566645383834839
1978-04-28,0.8655881881713867
1978-05-01,0.8611267805099487
1978-05-02,0.8655881881713867
1978-05-03,0.8655881881713867
1978-05-04,0.8655881881713867
1978-05-05,0.8655881881713867
1978-05-08,0.8700499534606934
1978-05-09,0.8655881881713867
1978-05-10,0.8700499534606934
1978-05-11,0.8611267805099487
1978-05-12,0.8745114207267761
1978-05-15,0.8789733052253723
1978-05-16,0.887897253036499
1978-05-17,0.8834350109100342
1978-05-18,0.8745114207267761
1978-05-19,0.8745114207267761
1978-05-22,0.8655881881713867
1978-05-23,0.887897253036499
1978-05-24,0.887897253036499
1978-05-25,0.8923585414886475
1978-05-26,0.9102064371109009
1978-05-30,0.9057445526123047
1978-05-31,0.9191296696662903
1978-06-01,0.9280530214309692
1978-06-02,0.9503617286682129
1978-06-05,0.9503617286682129
1978-06-06,0.9369773864746094
1978-06-07,0.932515025138855
1978-06-08,0.9280530214309692
1978-06-09,0.9280530214309692
1978-06-12,0.932515025138855
1978-06-13,0.9369773864746094
1978-06-14,0.932515025138855
1978-06-15,0.9280530214309692
1978-06-16,0.932515025138855
1978-06-19,0.9280530214309692
1978-06-20,0.9191296696662903
1978-06-21,0.9102064371109009
1978-06-22,0.9102064371109009
1978-06-23,0.9235910177230835
1978-06-26,0.9235910177230835
1978-06-27,0.9146681427955627
1978-06-28,0.9280530214309692
1978-06-29,0.9414383172988892
1978-06-30,0.9102064371109009
1978-07-03,0.9102064371109009
1978-07-05,0.9102064371109009
1978-07-06,0.9102064371109009
1978-07-07,0.9012826681137085
1978-07-10,0.8923585414886475
1978-07-11,0.8968208432197571
1978-07-12,0.8923585414886475
1978-07-13,0.8968208432197571
1978-07-14,0.9191296696662903
1978-07-17,0.9102064371109009
1978-07-18,0.9146681427955627
1978-07-19,0.9191296696662903
1978-07-20,0.9191296696662903
1978-07-21,0.9191296696662903
1978-07-24,0.9280530214309692
1978-07-25,0.9191296696662903
1978-07-26,0.9191296696662903
1978-07-27,0.932515025138855
1978-07-28,0.9369773864746094
1978-07-31,0.932515025138855
1978-08-01,0.9414383172988892
1978-08-02,0.9548242092132568
1978-08-03,0.9682093262672424
1978-08-04,0.9682093262672424
1978-08-07,0.9592851996421814
1978-08-08,0.9548242092132568
1978-08-09,0.9548242092132568
1978-08-10,0.945900559425354
1978-08-11,0.9503617286682129
1978-08-14,0.9548242092132568
1978-08-15,0.9548242092132568
1978-08-16,0.9548242092132568
1978-08-17,0.9637471437454224
1978-08-18,0.9548242092132568
1978-08-21,0.9592851996421814
1978-08-22,0.9637471437454224
1978-08-23,0.9592851996421814
1978-08-24,0.9592851996421814
1978-08-25,0.9637471437454224
1978-08-28,0.945900559425354
1978-08-29,0.9414383172988892
1978-08-30,0.945900559425354
1978-08-31,0.9414383172988892
1978-09-01,0.9414383172988892
1978-09-05,0.945900559425354
1978-09-06,0.945900559425354
1978-09-07,0.945900559425354
1978-09-08,0.9548242092132568
1978-09-11,0.9682093262672424
1978-09-12,0.9637471437454224
1978-09-13,0.9637471437454224
1978-09-14,0.9592851996421814
1978-09-15,0.9637471437454224
1978-09-18,0.9503617286682129
1978-09-19,0.9503617286682129
1978-09-20,0.9280530214309692
1978-09-21,0.9191296696662903
1978-09-22,0.932515025138855
1978-09-25,0.9369773864746094
1978-09-26,0.9369773864746094
1978-09-27,0.932515025138855
1978-09-28,0.932515025138855
1978-09-29,0.8923585414886475
1978-10-02,0.8968208432197571
1978-10-03,0.8923585414886475
1978-10-04,0.9057445526123047
1978-10-05,0.9057445526123047
1978-10-06,0.9012826681137085
1978-10-09,0.8968208432197571
1978-10-10,0.9012826681137085
1978-10-11,0.8968208432197571
1978-10-12,0.8923585414886475
1978-10-13,0.8968208432197571
1978-10-16,0.8968208432197571
1978-10-17,0.8834350109100342
1978-10-18,0.887897253036499
1978-10-19,0.8700499534606934
1978-10-20,0.8655881881713867
1978-10-23,0.8611267805099487
1978-10-24,0.8611267805099487
1978-10-25,0.8566645383834839
1978-10-26,0.8477407097816467
1978-10-27,0.8432788848876953
1978-10-30,0.8388177752494812
1978-10-31,0.8432788848876953
1978-11-01,0.8432788848876953
1978-11-02,0.8522028923034668
1978-11-03,0.8477407097816467
1978-11-06,0.8343557119369507
1978-11-07,0.8343557119369507
1978-11-08,0.8343557119369507
1978-11-09,0.8477407097816467
1978-11-10,0.8522028923034668
1978-11-13,0.8477407097816467
1978-11-14,0.8522028923034668
1978-11-15,0.8566645383834839
1978-11-16,0.8655881881713867
1978-11-17,0.8655881881713867
1978-11-20,0.8611267805099487
1978-11-21,0.8700499534606934
1978-11-22,0.8745114207267761
1978-11-24,0.8745114207267761
1978-11-27,0.8745114207267761
1978-11-28,0.8655881881713867
1978-11-29,0.8611267805099487
1978-11-30,0.8611267805099487
1978-12-01,0.8655881881713867
1978-12-04,0.8700499534606934
1978-12-05,0.8923585414886475
1978-12-06,0.8834350109100342
1978-12-07,0.8789733052253723
1978-12-08,0.8789733052253723
1978-12-11,0.887897253036499
1978-12-12,0.8655881881713867
1978-12-13,0.8789733052253723
1978-12-14,0.8745114207267761
1978-12-15,0.8700499534606934
1978-12-18,0.8700499534606934
1978-12-19,0.8655881881713867
1978-12-20,0.8655881881713867
1978-12-21,0.8611267805099487
1978-12-22,0.8655881881713867
1978-12-26,0.8700499534606934
1978-12-27,0.8745114207267761
1978-12-28,0.8655881881713867
1978-12-29,0.8388177752494812
1979-01-02,0.8432788848876953
1979-01-03,0.8432788848876953
1979-01-04,0.8566645383834839
1979-01-05,0.8700499534606934
1979-01-08,0.8655881881713867
1979-01-09,0.8566645383834839
1979-01-10,0.8566645383834839
1979-01-11,0.8611267805099487
1979-01-12,0.8700499534606934
1979-01-15,0.8700499534606934
1979-01-16,0.8655881881713867
1979-01-17,0.8700499534606934
1979-01-18,0.8700499534606934
1979-01-19,0.8700499534606934
1979-01-22,0.8655881881713867
1979-01-23,0.8655881881713867
1979-01-24,0.8655881881713867
1979-01-25,0.8745114207267761
1979-01-26,0.8745114207267761
1979-01-29,0.8745114207267761
1979-01-30,0.8745114207267761
1979-01-31,0.8745114207267761
1979-02-01,0.8655881881713867
1979-02-02,0.8655881881713867
1979-02-05,0.8745114207267761
1979-02-06,0.8700499534606934
1979-02-07,0.8700499534606934
1979-02-08,0.8655881881713867
1979-02-09,0.8655881881713867
1979-02-12,0.8611267805099487
1979-02-13,0.8700499534606934
1979-02-14,0.8700499534606934
1979-02-15,0.8700499534606934
1979-02-16,0.8655881881713867
1979-02-20,0.8745114207267761
1979-02-21,0.8745114207267761
1979-02-22,0.8745114207267761
1979-02-23,0.8745114207267761
1979-02-26,0.8745114207267761
1979-02-27,0.8700499534606934
1979-02-28,0.8655881881713867
1979-03-01,0.8655881881713867
1979-03-02,0.8655881881713867
1979-03-05,0.8700499534606934
1979-03-06,0.8700499534606934
1979-03-07,0.8745114207267761
1979-03-08,0.8923585414886475
1979-03-09,0.8789733052253723
1979-03-12,0.8923585414886475
1979-03-13,0.887897253036499
1979-03-14,0.8834350109100342
1979-03-15,0.8834350109100342
1979-03-16,0.8789733052253723
1979-03-19,0.8834350109100342
1979-03-20,0.8834350109100342
1979-03-21,0.9012826681137085
1979-03-22,0.887897253036499
1979-03-23,0.8923585414886475
1979-03-26,0.8923585414886475
1979-03-27,0.8968208432197571
1979-03-28,0.8923585414886475
1979-03-29,0.8968208432197571
1979-03-30,0.8789733052253723
1979-04-02,0.8700499534606934
1979-04-03,0.8655881881713867
1979-04-04,0.8611267805099487
1979-04-05,0.8611267805099487
1979-04-06,0.8432788848876953
1979-04-09,0.8388177752494812
1979-04-10,0.8388177752494812
1979-04-11,0.8432788848876953
1979-04-12,0.8566645383834839
1979-04-16,0.8209702372550964
1979-04-17,0.8209702372550964
1979-04-18,0.8209702372550964
1979-04-19,0.8343557119369507
1979-04-20,0.8254318833351135
1979-04-23,0.8165082335472107
1979-04-24,0.8165082335472107
1979-04-25,0.8075848817825317
1979-04-26,0.8120465278625488
1979-04-27,0.803122878074646
1979-04-30,0.8075848817825317
1979-05-01,0.8120465278625488
1979-05-02,0.803122878074646
1979-05-03,0.7941991090774536
1979-05-04,0.785275936126709
1979-05-07,0.785275936126709
1979-05-08,0.785275936126709
1979-05-09,0.7808138132095337
1979-05-10,0.7763519883155823
1979-05-11,0.7808138132095337
1979-05-14,0.785275936126709
1979-05-15,0.7808138132095337
1979-05-16,0.7941991090774536
1979-05-17,0.8120465278625488
1979-05-18,0.803122878074646
1979-05-21,0.7986612915992737
1979-05-22,0.803122878074646
1979-05-23,0.8075848817825317
1979-05-24,0.8120465278625488
1979-05-25,0.8254318833351135
1979-05-29,0.8209702372550964
1979-05-30,0.8209702372550964
1979-05-31,0.8254318833351135
1979-06-01,0.8254318833351135
1979-06-04,0.8343557119369507
1979-06-05,0.8477407097816467
1979-06-06,0.8477407097816467
1979-06-07,0.8432788848876953
1979-06-08,0.8432788848876953
1979-06-11,0.8477407097816467
1979-06-12,0.8611267805099487
1979-06-13,0.8700499534606934
1979-06-14,0.8745114207267761
1979-06-15,0.8745114207267761
1979-06-18,0.8745114207267761
1979-06-19,0.8745114207267761
1979-06-20,0.8745114207267761
1979-06-21,0.8745114207267761
1979-06-22,0.8834350109100342
1979-06-25,0.8789733052253723
1979-06-26,0.8834350109100342
1979-06-27,0.887897253036499
1979-06-28,0.887897253036499
1979-06-29,0.8611267805099487
1979-07-02,0.8477407097816467
1979-07-03,0.8522028923034668
1979-07-05,0.8655881881713867
1979-07-06,0.8655881881713867
1979-07-09,0.8745114207267761
1979-07-10,0.8745114207267761
1979-07-11,0.8789733052253723
1979-07-12,0.8834350109100342
1979-07-13,0.8789733052253723
1979-07-16,0.887897253036499
1979-07-17,0.8834350109100342
1979-07-18,0.8834350109100342
1979-07-19,0.8745114207267761
1979-07-20,0.8789733052253723
1979-07-23,0.8700499534606934
1979-07-24,0.8655881881713867
1979-07-25,0.8655881881713867
1979-07-26,0.8745114207267761
1979-07-27,0.8834350109100342
1979-07-30,0.8789733052253723
1979-07-31,0.8745114207267761
1979-08-01,0.8745114207267761
1979-08-02,0.8700499534606934
1979-08-03,0.8700499534606934
1979-08-06,0.8834350109100342
1979-08-07,0.8834350109100342
1979-08-08,0.8923585414886475
1979-08-09,0.887897253036499
1979-08-10,0.887897253036499
1979-08-13,0.8968208432197571
1979-08-14,0.9012826681137085
1979-08-15,0.9057445526123047
1979-08-16,0.9057445526123047
1979-08-17,0.9012826681137085
1979-08-20,0.9057445526123047
1979-08-21,0.9102064371109009
1979-08-22,0.9057445526123047
1979-08-23,0.9057445526123047
1979-08-24,0.8968208432197571
1979-08-27,0.9012826681137085
1979-08-28,0.9057445526123047
1979-08-29,0.9012826681137085
1979-08-30,0.9012826681137085
1979-08-31,0.8968208432197571
1979-09-04,0.8968208432197571
1979-09-05,0.8923585414886475
1979-09-06,0.887897253036499
1979-09-07,0.8834350109100342
1979-09-10,0.887897253036499
1979-09-11,0.887897253036499
1979-09-12,0.887897253036499
1979-09-13,0.8745114207267761
1979-09-14,0.8745114207267761
1979-09-17,0.8745114207267761
1979-09-18,0.8745114207267761
1979-09-19,0.8745114207267761
1979-09-20,0.8700499534606934
1979-09-21,0.8700499534606934
1979-09-24,0.8655881881713867
1979-09-25,0.8700499534606934
1979-09-26,0.8745114207267761
1979-09-27,0.8745114207267761
1979-09-28,0.8477407097816467
1979-10-01,0.8477407097816467
1979-10-02,0.8432788848876953
1979-10-03,0.8209702372550964
1979-10-04,0.8343557119369507
1979-10-05,0.8343557119369507
1979-10-08,0.8254318833351135
1979-10-09,0.7941991090774536
1979-10-10,0.785275936126709
1979-10-11,0.7941991090774536
1979-10-12,0.7986612915992737
1979-10-15,0.803122878074646
1979-10-16,0.803122878074646
1979-10-17,0.803122878074646
1979-10-18,0.7986612915992737
1979-10-19,0.7897378206253052
1979-10-22,0.785275936126709
1979-10-23,0.7763519883155823
1979-10-24,0.7763519883155823
1979-10-25,0.7629666924476624
1979-10-26,0.77189040184021
1979-10-29,0.7808138132095337
1979-10-30,0.7808138132095337
1979-10-31,0.785275936126709
1979-11-01,0.7763519883155823
1979-11-02,0.7763519883155823
1979-11-05,0.7763519883155823
1979-11-06,0.7763519883155823
1979-11-07,0.77189040184021
1979-11-08,0.77189040184021
1979-11-09,0.77189040184021
1979-11-12,0.7763519883155823
1979-11-13,0.7763519883155823
1979-11-14,0.7808138132095337
1979-11-15,0.7763519883155823
1979-11-16,0.7763519883155823
1979-11-19,0.7808138132095337
1979-11-20,0.77189040184021
1979-11-21,0.785275936126709
1979-11-23,0.7808138132095337
1979-11-26,0.7986612915992737
1979-11-27,0.8298940062522888
1979-11-28,0.8343557119369507
1979-11-29,0.8432788848876953
1979-11-30,0.8388177752494812
1979-12-03,0.8477407097816467
1979-12-04,0.8343557119369507
1979-12-05,0.8388177752494812
1979-12-06,0.8343557119369507
1979-12-07,0.8343557119369507
1979-12-10,0.8209702372550964
1979-12-11,0.8209702372550964
1979-12-12,0.8209702372550964
1979-12-13,0.8120465278625488
1979-12-14,0.8120465278625488
1979-12-17,0.8120465278625488
1979-12-18,0.8165082335472107
1979-12-19,0.8254318833351135
1979-12-20,0.8388177752494812
1979-12-21,0.8254318833351135
1979-12-24,0.8254318833351135
1979-12-26,0.8254318833351135
1979-12-27,0.8298940062522888
1979-12-28,0.803122878074646
1979-12-31,0.7986612915992737
1980-01-02,0.785275936126709
1980-01-03,0.7986612915992737
1980-01-04,0.7986612915992737
1980-01-07,0.8209702372550964
1980-01-08,0.8254318833351135
1980-01-09,0.8254318833351135
1980-01-10,0.8165082335472107
1980-01-11,0.8165082335472107
1980-01-14,0.8075848817825317
1980-01-15,0.7986612915992737
1980-01-16,0.7897378206253052
1980-01-17,0.785275936126709
1980-01-18,0.785275936126709
1980-01-21,0.7629666924476624
1980-01-22,0.7629666924476624
1980-01-23,0.7540433406829834
1980-01-24,0.7540433406829834
1980-01-25,0.749581515789032
1980-01-28,0.7361962795257568
1980-01-29,0.7406576871871948
1980-01-30,0.7272722125053406
1980-01-31,0.7317343950271606
1980-02-01,0.7361962795257568
1980-02-04,0.7317343950271606
1980-02-05,0.7272722125053406
1980-02-06,0.7272722125053406
1980-02-07,0.7228109836578369
1980-02-08,0.7183489799499512
1980-02-11,0.7272722125053406
1980-02-12,0.7138870358467102
1980-02-13,0.7183489799499512
1980-02-14,0.7138870358467102
1980-02-15,0.7049633264541626
1980-02-19,0.7094250321388245
1980-02-20,0.7005016207695007
1980-02-21,0.7005016207695007
1980-02-22,0.7005016207695007
1980-02-25,0.6915779709815979
1980-02-26,0.6915779709815979
1980-02-27,0.6826545596122742
1980-02-28,0.6781928539276123
1980-02-29,0.6915779709815979
1980-03-03,0.7049633264541626
1980-03-04,0.6915779709815979
1980-03-05,0.6871163845062256
1980-03-06,0.6737309098243713
1980-03-07,0.6469600796699524
1980-03-10,0.6603453159332275
1980-03-11,0.6960399746894836
1980-03-12,0.6826545596122742
1980-03-13,0.6871163845062256
1980-03-14,0.6871163845062256
1980-03-17,0.6871163845062256
1980-03-18,0.7049633264541626
1980-03-19,0.7272722125053406
1980-03-20,0.7361962795257568
1980-03-21,0.7183489799499512
1980-03-24,0.7183489799499512
1980-03-25,0.7049633264541626
1980-03-26,0.7049633264541626
1980-03-27,0.7049633264541626
1980-03-28,0.6871163845062256
1980-03-31,0.6960399746894836
1980-04-01,0.7049633264541626
1980-04-02,0.7183489799499512
1980-04-03,0.7272722125053406
1980-04-07,0.7228109836578369
1980-04-08,0.7272722125053406
1980-04-09,0.7406576871871948
1980-04-10,0.7629666924476624
1980-04-11,0.7897378206253052
1980-04-14,0.7897378206253052
1980-04-15,0.7941991090774536
1980-04-16,0.8120465278625488
1980-04-17,0.8165082335472107
1980-04-18,0.8254318833351135
1980-04-21,0.8165082335472107
1980-04-22,0.8254318833351135
1980-04-23,0.8254318833351135
1980-04-24,0.8388177752494812
1980-04-25,0.8298940062522888
1980-04-28,0.8388177752494812
1980-04-29,0.8432788848876953
1980-04-30,0.8343557119369507
1980-05-01,0.8298940062522888
1980-05-02,0.8298940062522888
1980-05-05,0.8209702372550964
1980-05-06,0.8209702372550964
1980-05-07,0.8254318833351135
1980-05-08,0.8209702372550964
1980-05-09,0.8254318833351135
1980-05-12,0.8298940062522888
1980-05-13,0.8388177752494812
1980-05-14,0.8254318833351135
1980-05-15,0.8254318833351135
1980-05-16,0.8254318833351135
1980-05-19,0.8298940062522888
1980-05-20,0.8298940062522888
1980-05-21,0.8254318833351135
1980-05-22,0.8254318833351135
1980-05-23,0.8254318833351135
1980-05-27,0.8343557119369507
1980-05-28,0.8477407097816467
1980-05-29,0.8432788848876953
1980-05-30,0.8477407097816467
1980-06-02,0.8432788848876953
1980-06-03,0.8388177752494812
1980-06-04,0.8432788848876953
1980-06-05,0.8522028923034668
1980-06-06,0.8343557119369507
1980-06-09,0.8343557119369507
1980-06-10,0.8522028923034668
1980-06-11,0.8566645383834839
1980-06-12,0.8522028923034668
1980-06-13,0.8700499534606934
1980-06-16,0.887897253036499
1980-06-17,0.8968208432197571
1980-06-18,0.887897253036499
1980-06-19,0.8745114207267761
1980-06-20,0.8700499534606934
1980-06-23,0.8700499534606934
1980-06-24,0.8745114207267761
1980-06-25,0.8923585414886475
1980-06-26,0.8968208432197571
1980-06-27,0.8789733052253723
1980-06-30,0.887897253036499
1980-07-01,0.887897253036499
1980-07-02,0.8834350109100342
1980-07-03,0.8923585414886475
1980-07-07,0.887897253036499
1980-07-08,0.8923585414886475
1980-07-09,0.887897253036499
1980-07-10,0.8834350109100342
1980-07-11,0.8834350109100342
1980-07-14,0.8834350109100342
1980-07-15,0.8834350109100342
1980-07-16,0.887897253036499
1980-07-17,0.8834350109100342
1980-07-18,0.887897253036499
1980-07-21,0.887897253036499
1980-07-22,0.8923585414886475
1980-07-23,0.8923585414886475
1980-07-24,0.887897253036499
1980-07-25,0.8923585414886475
1980-07-28,0.887897253036499
1980-07-29,0.8923585414886475
1980-07-30,0.887897253036499
1980-07-31,0.8834350109100342
1980-08-01,0.8745114207267761
1980-08-04,0.8611267805099487
1980-08-05,0.8611267805099487
1980-08-06,0.8343557119369507
1980-08-07,0.8298940062522888
1980-08-08,0.8432788848876953
1980-08-11,0.8432788848876953
1980-08-12,0.8432788848876953
1980-08-13,0.8522028923034668
1980-08-14,0.8388177752494812
1980-08-15,0.8611267805099487
1980-08-18,0.8477407097816467
1980-08-19,0.8388177752494812
1980-08-20,0.8388177752494812
1980-08-21,0.8432788848876953
1980-08-22,0.8522028923034668
1980-08-25,0.8522028923034668
1980-08-26,0.8566645383834839
1980-08-27,0.8611267805099487
1980-08-28,0.8522028923034668
1980-08-29,0.8611267805099487
1980-09-02,0.8789733052253723
1980-09-03,0.8834350109100342
1980-09-04,0.8834350109100342
1980-09-05,0.8834350109100342
1980-09-08,0.8789733052253723
1980-09-09,0.8700499534606934
1980-09-10,0.8789733052253723
1980-09-11,0.8834350109100342
1980-09-12,0.8789733052253723
1980-09-15,0.8834350109100342
1980-09-16,0.887897253036499
1980-09-17,0.887897253036499
1980-09-18,0.887897253036499
1980-09-19,0.8923585414886475
1980-09-22,0.8834350109100342
1980-09-23,0.887897253036499
1980-09-24,0.8923585414886475
1980-09-25,0.8968208432197571
1980-09-26,0.8923585414886475
1980-09-29,0.8477407097816467
1980-09-30,0.8432788848876953
1980-10-01,0.8209702372550964
1980-10-02,0.8165082335472107
1980-10-03,0.8209702372550964
1980-10-06,0.8209702372550964
1980-10-07,0.8120465278625488
1980-10-08,0.8120465278625488
1980-10-09,0.8165082335472107
1980-10-10,0.8165082335472107
1980-10-13,0.8120465278625488
1980-10-14,0.8209702372550964
1980-10-15,0.8209702372550964
1980-10-16,0.8209702372550964
1980-10-17,0.8209702372550964
1980-10-20,0.8298940062522888
1980-10-21,0.8254318833351135
1980-10-22,0.8298940062522888
1980-10-23,0.8075848817825317
1980-10-24,0.8075848817825317
1980-10-27,0.8075848817825317
1980-10-28,0.7808138132095337
1980-10-29,0.7808138132095337
1980-10-30,0.7763519883155823
1980-10-31,0.7763519883155823
1980-11-03,0.7674286961555481
1980-11-05,0.7674286961555481
1980-11-06,0.7629666924476624
1980-11-07,0.749581515789032
1980-11-10,0.749581515789032
1980-11-11,0.7585050463676453
1980-11-12,0.7808138132095337
1980-11-13,0.7941991090774536
1980-11-14,0.7941991090774536
1980-11-17,0.7808138132095337
1980-11-18,0.7897378206253052
1980-11-19,0.7763519883155823
1980-11-20,0.7629666924476624
1980-11-21,0.7629666924476624
1980-11-24,0.7629666924476624
1980-11-25,0.7629666924476624
1980-11-26,0.7585050463676453
1980-11-28,0.7585050463676453
1980-12-01,0.7585050463676453
1980-12-02,0.7540433406829834
1980-12-03,0.7629666924476624
1980-12-04,0.7585050463676453
1980-12-05,0.7585050463676453
1980-12-08,0.7585050463676453
1980-12-09,0.7540433406829834
1980-12-10,0.7317343950271606
1980-12-11,0.7406576871871948
1980-12-12,0.7451196908950806
1980-12-15,0.7361962795257568
1980-12-16,0.7361962795257568
1980-12-17,0.7361962795257568
1980-12-18,0.77189040184021
1980-12-19,0.7986612915992737
1980-12-22,0.803122878074646
1980-12-23,0.8075848817825317
1980-12-24,0.8165082335472107
1980-12-26,0.8209702372550964
1980-12-29,0.785275936126709
1980-12-30,0.77189040184021
1980-12-31,0.7674286961555481
1981-01-02,0.77189040184021
1981-01-05,0.7897378206253052
1981-01-06,0.803122878074646
1981-01-07,0.803122878074646
1981-01-08,0.803122878074646
1981-01-09,0.7941991090774536
1981-01-12,0.7941991090774536
1981-01-13,0.7941991090774536
1981-01-14,0.7941991090774536
1981-01-15,0.7986612915992737
1981-01-16,0.7986612915992737
1981-01-19,0.7986612915992737
1981-01-20,0.7986612915992737
1981-01-21,0.7897378206253052
1981-01-22,0.77189040184021
1981-01-23,0.77189040184021
1981-01-26,0.749581515789032
1981-01-27,0.7361962795257568
1981-01-28,0.7317343950271606
1981-01-29,0.7361962795257568
1981-01-30,0.749581515789032
1981-02-02,0.7406576871871948
1981-02-03,0.7361962795257568
1981-02-04,0.7406576871871948
1981-02-05,0.749581515789032
1981-02-06,0.749581515789032
1981-02-09,0.7406576871871948
1981-02-10,0.7406576871871948
1981-02-11,0.7406576871871948
1981-02-12,0.7361962795257568
1981-02-13,0.7272722125053406
1981-02-17,0.7183489799499512
1981-02-18,0.7138870358467102
1981-02-19,0.7183489799499512
1981-02-20,0.7272722125053406
1981-02-23,0.7317343950271606
1981-02-24,0.749581515789032
1981-02-25,0.7361962795257568
1981-02-26,0.7317343950271606
1981-02-27,0.7272722125053406
1981-03-02,0.7317343950271606
1981-03-03,0.7361962795257568
1981-03-04,0.7317343950271606
1981-03-05,0.749581515789032
1981-03-06,0.7540433406829834
1981-03-09,0.7674286961555481
1981-03-10,0.7585050463676453
1981-03-11,0.7585050463676453
1981-03-12,0.7629666924476624
1981-03-13,0.7629666924476624
1981-03-16,0.7540433406829834
1981-03-17,0.7674286961555481
1981-03-18,0.7674286961555481
1981-03-19,0.7763519883155823
1981-03-20,0.7763519883155823
1981-03-23,0.7763519883155823
1981-03-24,0.7808138132095337
1981-03-25,0.785275936126709
1981-03-26,0.7674286961555481
1981-03-27,0.7674286961555481
1981-03-30,0.77189040184021
1981-03-31,0.749581515789032
1981-04-01,0.7451196908950806
1981-04-02,0.749581515789032
1981-04-03,0.749581515789032
1981-04-06,0.7540433406829834
1981-04-07,0.749581515789032
1981-04-08,0.7451196908950806
1981-04-09,0.7406576871871948
1981-04-10,0.749581515789032
1981-04-13,0.7406576871871948
1981-04-14,0.749581515789032
1981-04-15,0.7540433406829834
1981-04-16,0.7674286961555481
1981-04-20,0.77189040184021
1981-04-21,0.77189040184021
1981-04-22,0.7674286961555481
1981-04-23,0.7763519883155823
1981-04-24,0.785275936126709
1981-04-27,0.803122878074646
1981-04-28,0.8165082335472107
1981-04-29,0.8209702372550964
1981-04-30,0.8209702372550964
1981-05-01,0.8209702372550964
1981-05-04,0.803122878074646
1981-05-05,0.7986612915992737
1981-05-06,0.803122878074646
1981-05-07,0.8075848817825317
1981-05-08,0.8075848817825317
1981-05-11,0.8075848817825317
1981-05-12,0.8120465278625488
1981-05-13,0.8432788848876953
1981-05-14,0.8298940062522888
1981-05-15,0.8388177752494812
1981-05-18,0.8343557119369507
1981-05-19,0.8298940062522888
1981-05-20,0.8298940062522888
1981-05-21,0.8298940062522888
1981-05-22,0.8343557119369507
1981-05-26,0.8388177752494812
1981-05-27,0.8432788848876953
1981-05-28,0.8522028923034668
1981-05-29,0.8477407097816467
1981-06-01,0.8700499534606934
1981-06-02,0.8700499534606934
1981-06-03,0.8655881881713867
1981-06-04,0.8655881881713867
1981-06-05,0.8655881881713867
1981-06-08,0.8789733052253723
1981-06-09,0.9012826681137085
1981-06-10,0.9146681427955627
1981-06-11,0.9414383172988892
1981-06-12,0.9414383172988892
1981-06-15,0.9503617286682129
1981-06-16,0.945900559425354
1981-06-17,0.9414383172988892
1981-06-18,0.9146681427955627
1981-06-19,0.9102064371109009
1981-06-22,0.9102064371109009
1981-06-23,0.9102064371109009
1981-06-24,0.9102064371109009
1981-06-25,0.9102064371109009
1981-06-26,0.9235910177230835
1981-06-29,0.887897253036499
1981-06-30,0.9012826681137085
1981-07-01,0.887897253036499
1981-07-02,0.8923585414886475
1981-07-06,0.8923585414886475
1981-07-07,0.8923585414886475
1981-07-08,0.887897253036499
1981-07-09,0.8923585414886475
1981-07-10,0.8923585414886475
1981-07-13,0.8923585414886475
1981-07-14,0.8923585414886475
1981-07-15,0.9012826681137085
1981-07-16,0.8968208432197571
1981-07-17,0.8968208432197571
1981-07-20,0.8834350109100342
1981-07-21,0.8655881881713867
1981-07-22,0.8655881881713867
1981-07-23,0.8566645383834839
1981-07-24,0.8655881881713867
1981-07-27,0.8745114207267761
1981-07-28,0.8700499534606934
1981-07-29,0.8700499534606934
1981-07-30,0.8700499534606934
1981-07-31,0.8611267805099487
1981-08-03,0.8655881881713867
1981-08-04,0.8655881881713867
1981-08-05,0.8923585414886475
1981-08-06,0.8923585414886475
1981-08-07,0.9012826681137085
1981-08-10,0.9102064371109009
1981-08-11,0.9191296696662903
1981-08-12,0.9191296696662903
1981-08-13,0.9191296696662903
1981-08-14,0.9280530214309692
1981-08-17,0.9235910177230835
1981-08-18,0.9057445526123047
1981-08-19,0.9146681427955627
1981-08-20,0.9280530214309692
1981-08-21,0.9280530214309692
1981-08-24,0.9191296696662903
1981-08-25,0.9102064371109009
1981-08-26,0.9057445526123047
1981-08-27,0.887897253036499
1981-08-28,0.9012826681137085
1981-08-31,0.8968208432197571
1981-09-01,0.8834350109100342
1981-09-02,0.8745114207267761
1981-09-03,0.8611267805099487
1981-09-04,0.8566645383834839
1981-09-08,0.8298940062522888
1981-09-09,0.8388177752494812
1981-09-10,0.8298940062522888
1981-09-11,0.8388177752494812
1981-09-14,0.8343557119369507
1981-09-15,0.8432788848876953
1981-09-16,0.8388177752494812
1981-09-17,0.8298940062522888
1981-09-18,0.8209702372550964
1981-09-21,0.8298940062522888
1981-09-22,0.8343557119369507
1981-09-23,0.8388177752494812
1981-09-24,0.8432788848876953
1981-09-25,0.8477407097816467
1981-09-28,0.8343557119369507
1981-09-29,0.8209702372550964
1981-09-30,0.8120465278625488
1981-10-01,0.8209702372550964
1981-10-02,0.8432788848876953
1981-10-05,0.8611267805099487
1981-10-06,0.8789733052253723
1981-10-07,0.9012826681137085
1981-10-08,0.8968208432197571
1981-10-09,0.9057445526123047
1981-10-12,0.8968208432197571
1981-10-13,0.9012826681137085
1981-10-14,0.9012826681137085
1981-10-15,0.9012826681137085
1981-10-16,0.9012826681137085
1981-10-19,0.9012826681137085
1981-10-20,0.9102064371109009
1981-10-21,0.9102064371109009
1981-10-22,0.9057445526123047
1981-10-23,0.8968208432197571
1981-10-26,0.8834350109100342
1981-10-27,0.8968208432197571
1981-10-28,0.9012826681137085
1981-10-29,0.9012826681137085
1981-10-30,0.9057445526123047
1981-11-02,0.9102064371109009
1981-11-03,0.9191296696662903
1981-11-04,0.9146681427955627
1981-11-05,0.9146681427955627
1981-11-06,0.9235910177230835
1981-11-09,0.9235910177230835
1981-11-10,0.9191296696662903
1981-11-11,0.932515025138855
1981-11-12,0.945900559425354
1981-11-13,0.932515025138855
1981-11-16,0.9414383172988892
1981-11-17,0.9414383172988892
1981-11-18,0.9369773864746094
1981-11-19,0.9369773864746094
1981-11-20,0.932515025138855
1981-11-23,0.932515025138855
1981-11-24,0.9414383172988892
1981-11-25,0.9414383172988892
1981-11-27,0.932515025138855
1981-11-30,0.9369773864746094
1981-12-01,0.932515025138855
1981-12-02,0.9146681427955627
1981-12-03,0.9191296696662903
1981-12-04,0.932515025138855
1981-12-07,0.932515025138855
1981-12-08,0.9369773864746094
1981-12-09,0.932515025138855
1981-12-10,0.932515025138855
1981-12-11,0.932515025138855
1981-12-14,0.932515025138855
1981-12-15,0.9280530214309692
1981-12-16,0.9102064371109009
1981-12-17,0.9102064371109009
1981-12-18,0.9191296696662903
1981-12-21,0.9191296696662903
1981-12-22,0.9146681427955627
1981-12-23,0.8968208432197571
1981-12-24,0.8968208432197571
1981-12-28,0.8923585414886475
1981-12-29,0.8611267805099487
1981-12-30,0.8700499534606934
1981-12-31,0.8611267805099487
1982-01-04,0.8655881881713867
1982-01-05,0.8566645383834839
1982-01-06,0.8432788848876953
1982-01-07,0.8388177752494812
1982-01-08,0.8566645383834839
1982-01-11,0.8566645383834839
1982-01-12,0.8655881881713867
1982-01-13,0.8655881881713867
1982-01-14,0.8566645383834839
1982-01-15,0.8700499534606934
1982-01-18,0.8789733052253723
1982-01-19,0.8700499534606934
1982-01-20,0.8700499534606934
1982-01-21,0.8745114207267761
1982-01-22,0.8968208432197571
1982-01-25,0.9012826681137085
1982-01-26,0.9102064371109009
1982-01-27,0.9102064371109009
1982-01-28,0.9102064371109009
1982-01-29,0.9191296696662903
1982-02-01,0.9191296696662903
1982-02-02,0.9102064371109009
1982-02-03,0.887897253036499
1982-02-04,0.887897253036499
1982-02-05,0.9102064371109009
1982-02-08,0.9057445526123047
1982-02-09,0.8968208432197571
1982-02-10,0.9102064371109009
1982-02-11,0.8968208432197571
1982-02-12,0.8968208432197571
1982-02-16,0.887897253036499
1982-02-17,0.8923585414886475
1982-02-18,0.9012826681137085
1982-02-19,0.9012826681137085
1982-02-22,0.9102064371109009
1982-02-23,0.9191296696662903
1982-02-24,0.9280530214309692
1982-02-25,0.9369773864746094
1982-02-26,0.9280530214309692
1982-03-01,0.945900559425354
1982-03-02,0.9592851996421814
1982-03-03,0.9592851996421814
1982-03-04,0.9726713299751282
1982-03-05,0.9815946221351624
1982-03-08,0.9905188083648682
1982-03-09,0.9815946221351624
1982-03-10,0.9726713299751282
1982-03-11,0.9548242092132568
1982-03-12,0.9503617286682129
1982-03-15,0.9592851996421814
1982-03-16,0.9548242092132568
1982-03-17,0.9548242092132568
1982-03-18,0.9592851996421814
1982-03-19,0.9726713299751282
1982-03-22,0.9771326780319214
1982-03-23,0.9771326780319214
1982-03-24,0.9726713299751282
1982-03-25,0.9682093262672424
1982-03-26,0.9637471437454224
1982-03-29,0.9637471437454224
1982-03-30,0.9369773864746094
1982-03-31,0.9369773864746094
1982-04-01,0.9369773864746094
1982-04-02,0.9369773864746094
1982-04-05,0.9369773864746094
1982-04-06,0.9191296696662903
1982-04-07,0.9146681427955627
1982-04-08,0.9057445526123047
1982-04-12,0.9102064371109009
1982-04-13,0.9280530214309692
1982-04-14,0.9191296696662903
1982-04-15,0.932515025138855
1982-04-16,0.9369773864746094
1982-04-19,0.9592851996421814
1982-04-20,0.9503617286682129
1982-04-21,0.945900559425354
1982-04-22,0.945900559425354
1982-04-23,0.9503617286682129
1982-04-26,0.9503617286682129
1982-04-27,0.9548242092132568
1982-04-28,0.9637471437454224
1982-04-29,0.9637471437454224
1982-04-30,0.9548242092132568
1982-05-03,0.9548242092132568
1982-05-04,0.9548242092132568
1982-05-05,0.9637471437454224
1982-05-06,0.9815946221351624
1982-05-07,0.9860563278198242
1982-05-10,0.9815946221351624
1982-05-11,0.9905188083648682
1982-05-12,0.9905188083648682
1982-05-13,0.9905188083648682
1982-05-14,0.9949803948402405
1982-05-17,0.9905188083648682
1982-05-18,0.9771326780319214
1982-05-19,0.9726713299751282
1982-05-20,0.9815946221351624
1982-05-21,0.9949803948402405
1982-05-24,0.9905188083648682
1982-05-25,0.9905188083648682
1982-05-26,0.9905188083648682
1982-05-27,0.9949803948402405
1982-05-28,0.9905188083648682
1982-06-01,0.9905188083648682
1982-06-02,0.9994423985481262
1982-06-03,0.9994423985481262
1982-06-04,0.9905188083648682
1982-06-07,0.9905188083648682
1982-06-08,0.9949803948402405
1982-06-09,0.9905188083648682
1982-06-10,0.9949803948402405
1982-06-11,0.9949803948402405
1982-06-14,0.9905188083648682
1982-06-15,0.9994423985481262
1982-06-16,0.9994423985481262
1982-06-17,0.9949803948402405
1982-06-18,0.9905188083648682
1982-06-21,0.9905188083648682
1982-06-22,0.9905188083648682
1982-06-23,0.9905188083648682
1982-06-24,0.9815946221351624
1982-06-25,0.9682093262672424
1982-06-28,0.9771326780319214
1982-06-29,0.945900559425354
1982-06-30,0.945900559425354
1982-07-01,0.945900559425354
1982-07-02,0.9414383172988892
1982-07-06,0.9414383172988892
1982-07-07,0.9414383172988892
1982-07-08,0.945900559425354
1982-07-09,0.9592851996421814
1982-07-12,0.9815946221351624
1982-07-13,0.9815946221351624
1982-07-14,0.9771326780319214
1982-07-15,0.9860563278198242
1982-07-16,0.9815946221351624
1982-07-19,0.9905188083648682
1982-07-20,0.9860563278198242
1982-07-21,0.9860563278198242
1982-07-22,0.9905188083648682
1982-07-23,0.9815946221351624
1982-07-26,0.9815946221351624
1982-07-27,0.9682093262672424
1982-07-28,0.9592851996421814
1982-07-29,0.9503617286682129
1982-07-30,0.9503617286682129
1982-08-02,0.9682093262672424
1982-08-03,0.9860563278198242
1982-08-04,0.9815946221351624
1982-08-05,0.9726713299751282
1982-08-06,0.9682093262672424
1982-08-09,0.9637471437454224
1982-08-10,0.9548242092132568
1982-08-11,0.9592851996421814
1982-08-12,0.9637471437454224
1982-08-13,0.9771326780319214
1982-08-16,1.0083658695220947
1982-08-17,1.0440595149993896
1982-08-18,1.0574452877044678
1982-08-19,1.048521876335144
1982-08-20,1.0529835224151611
1982-08-23,1.07082998752594
1982-08-24,1.0663686990737915
1982-08-25,1.0619072914123535
1982-08-26,1.07082998752594
1982-08-27,1.07082998752594
1982-08-30,1.07082998752594
1982-08-31,1.07082998752594
1982-09-01,1.0752919912338257
1982-09-02,1.0797538757324219
1982-09-03,1.0976011753082275
1982-09-07,1.0886781215667725
1982-09-08,1.0886781215667725
1982-09-09,1.0886781215667725
1982-09-10,1.0842161178588867
1982-09-13,1.0842161178588867
1982-09-14,1.0976011753082275
1982-09-15,1.0886781215667725
1982-09-16,1.0886781215667725
1982-09-17,1.0842161178588867
1982-09-20,1.0886781215667725
1982-09-21,1.0976011753082275
1982-09-22,1.10652494430542
1982-09-23,1.0976011753082275
1982-09-24,1.1020636558532715
1982-09-27,1.0886781215667725
1982-09-28,1.0842161178588867
1982-09-29,1.0529835224151611
1982-09-30,1.0574452877044678
1982-10-01,1.0529835224151611
1982-10-04,1.0663686990737915
1982-10-05,1.07082998752594
1982-10-06,1.0752919912338257
1982-10-07,1.0842161178588867
1982-10-08,1.1020636558532715
1982-10-11,1.1466811895370483
1982-10-12,1.1511428356170654
1982-10-13,1.1466811895370483
1982-10-14,1.0931391716003418
1982-10-15,1.0842161178588867
1982-10-18,1.0976011753082275
1982-10-19,1.0976011753082275
1982-10-20,1.0976011753082275
1982-10-21,1.07082998752594
1982-10-22,1.0574452877044678
1982-10-25,1.0529835224151611
1982-10-26,1.048521876335144
1982-10-27,1.0529835224151611
1982-10-28,1.0529835224151611
1982-10-29,1.0619072914123535
1982-11-01,1.07082998752594
1982-11-02,1.0842161178588867
1982-11-03,1.0797538757324219
1982-11-04,1.0797538757324219
1982-11-05,1.07082998752594
1982-11-08,1.0351359844207764
1982-11-09,1.07082998752594
1982-11-10,1.0663686990737915
1982-11-11,1.0663686990737915
1982-11-12,1.0663686990737915
1982-11-15,1.0619072914123535
1982-11-16,1.0574452877044678
1982-11-17,1.0574452877044678
1982-11-18,1.0619072914123535
1982-11-19,1.048521876335144
1982-11-22,1.0172892808914185
1982-11-23,1.0217504501342773
1982-11-24,1.0351359844207764
1982-11-26,1.0351359844207764
1982-11-29,1.0306750535964966
1982-11-30,1.0395982265472412
1982-12-01,1.0440595149993896
1982-12-02,1.0395982265472412
1982-12-03,1.0440595149993896
1982-12-06,1.048521876335144
1982-12-07,1.0529835224151611
1982-12-08,1.048521876335144
1982-12-09,1.0529835224151611
1982-12-10,1.0663686990737915
1982-12-13,1.0797538757324219
1982-12-14,1.0842161178588867
1982-12-15,1.0842161178588867
1982-12-16,1.0886781215667725
1982-12-17,1.0886781215667725
1982-12-20,1.0931391716003418
1982-12-21,1.0931391716003418
1982-12-22,1.1020636558532715
1982-12-23,1.10652494430542
1982-12-27,1.1020636558532715
1982-12-28,1.10652494430542
1982-12-29,1.119910717010498
1982-12-30,1.0797538757324219
1982-12-31,1.07082998752594
1983-01-03,1.0752919912338257
1983-01-04,1.0797538757324219
1983-01-05,1.07082998752594
1983-01-06,1.1020636558532715
1983-01-07,1.1020636558532715
1983-01-10,1.1154481172561646
1983-01-11,1.10652494430542
1983-01-12,1.10652494430542
1983-01-13,1.0886781215667725
1983-01-14,1.0976011753082275
1983-01-17,1.1020636558532715
1983-01-18,1.0886781215667725
1983-01-19,1.0931391716003418
1983-01-20,1.0886781215667725
1983-01-21,1.0842161178588867
1983-01-24,1.0752919912338257
1983-01-25,1.07082998752594
1983-01-26,1.0752919912338257
1983-01-27,1.0752919912338257
1983-01-28,1.0752919912338257
1983-01-31,1.0752919912338257
1983-02-01,1.0797538757324219
1983-02-02,1.0797538757324219
1983-02-03,1.0752919912338257
1983-02-04,1.0842161178588867
1983-02-07,1.0842161178588867
1983-02-08,1.0931391716003418
1983-02-09,1.0976011753082275
1983-02-10,1.0976011753082275
1983-02-11,1.0976011753082275
1983-02-14,1.10652494430542
1983-02-15,1.10652494430542
1983-02-16,1.1109867095947266
1983-02-17,1.10652494430542
1983-02-18,1.1020636558532715
1983-02-22,1.1020636558532715
1983-02-23,1.119910717010498
1983-02-24,1.137757420539856
1983-02-25,1.1243727207183838
1983-02-28,1.1332955360412598
1983-03-01,1.1466811895370483
1983-03-02,1.1556047201156616
1983-03-03,1.1511428356170654
1983-03-04,1.164528489112854
1983-03-07,1.164528489112854
1983-03-08,1.1556047201156616
1983-03-09,1.1511428356170654
1983-03-10,1.160066843032837
1983-03-11,1.1422189474105835
1983-03-14,1.1466811895370483
1983-03-15,1.1466811895370483
1983-03-16,1.1422189474105835
1983-03-17,1.1422189474105835
1983-03-18,1.1154481172561646
1983-03-21,1.137757420539856
1983-03-22,1.1288338899612427
1983-03-23,1.1288338899612427
1983-03-24,1.1288338899612427
1983-03-25,1.1154481172561646
1983-03-28,1.1154481172561646
1983-03-29,1.0619072914123535
1983-03-30,1.0752919912338257
1983-03-31,1.0842161178588867
1983-04-04,1.0842161178588867
1983-04-05,1.0797538757324219
1983-04-06,1.0752919912338257
1983-04-07,1.0842161178588867
1983-04-08,1.0976011753082275
1983-04-11,1.1020636558532715
1983-04-12,1.10652494430542
1983-04-13,1.1109867095947266
1983-04-14,1.10652494430542
1983-04-15,1.1020636558532715
1983-04-18,1.1020636558532715
1983-04-19,1.10652494430542
1983-04-20,1.1109867095947266
1983-04-21,1.1109867095947266
1983-04-22,1.1243727207183838
1983-04-25,1.1332955360412598
1983-04-26,1.1332955360412598
1983-04-27,1.1332955360412598
1983-04-28,1.1511428356170654
1983-04-29,1.1556047201156616
1983-05-02,1.160066843032837
1983-05-03,1.1511428356170654
1983-05-04,1.1779131889343262
1983-05-05,1.1912996768951416
1983-05-06,1.1868375539779663
1983-05-09,1.1912996768951416
1983-05-10,1.1779131889343262
1983-05-11,1.182375192642212
1983-05-12,1.182375192642212
1983-05-13,1.1912996768951416
1983-05-16,1.182375192642212
1983-05-17,1.1912996768951416
1983-05-18,1.1912996768951416
1983-05-19,1.1868375539779663
1983-05-20,1.1912996768951416
1983-05-23,1.1868375539779663
1983-05-24,1.1868375539779663
1983-05-25,1.1912996768951416
1983-05-26,1.1912996768951416
1983-05-27,1.1868375539779663
1983-05-31,1.1912996768951416
1983-06-01,1.1912996768951416
1983-06-02,1.2002222537994385
1983-06-03,1.1957616806030273
1983-06-06,1.2002222537994385
1983-06-07,1.1868375539779663
1983-06-08,1.1868375539779663
1983-06-09,1.1779131889343262
1983-06-10,1.1779131889343262
1983-06-13,1.182375192642212
1983-06-14,1.1957616806030273
1983-06-15,1.1912996768951416
1983-06-16,1.1912996768951416
1983-06-17,1.1912996768951416
1983-06-20,1.1912996768951416
1983-06-21,1.2002222537994385
1983-06-22,1.1957616806030273
1983-06-23,1.1957616806030273
1983-06-24,1.1957616806030273
1983-06-27,1.1957616806030273
1983-06-28,1.2002222537994385
1983-06-29,1.168989896774292
1983-06-30,1.1734522581100464
1983-07-01,1.168989896774292
1983-07-05,1.160066843032837
1983-07-06,1.168989896774292
1983-07-07,1.1556047201156616
1983-07-08,1.1466811895370483
1983-07-11,1.1556047201156616
1983-07-12,1.1511428356170654
1983-07-13,1.1511428356170654
1983-07-14,1.1556047201156616
1983-07-15,1.160066843032837
1983-07-18,1.1734522581100464
1983-07-19,1.182375192642212
1983-07-20,1.182375192642212
1983-07-21,1.1779131889343262
1983-07-22,1.1734522581100464
1983-07-25,1.164528489112854
1983-07-26,1.168989896774292
1983-07-27,1.164528489112854
1983-07-28,1.1734522581100464
1983-07-29,1.1779131889343262
1983-08-01,1.1868375539779663
1983-08-02,1.1912996768951416
1983-08-03,1.1957616806030273
1983-08-04,1.2091469764709473
1983-08-05,1.218070149421692
1983-08-08,1.2359176874160767
1983-08-09,1.2314554452896118
1983-08-10,1.2269935607910156
1983-08-11,1.2269935607910156
1983-08-12,1.218070149421692
1983-08-15,1.1957616806030273
1983-08-16,1.1957616806030273
1983-08-17,1.218070149421692
1983-08-18,1.2046844959259033
1983-08-19,1.2091469764709473
1983-08-22,1.2091469764709473
1983-08-23,1.2046844959259033
1983-08-24,1.2091469764709473
1983-08-25,1.2091469764709473
1983-08-26,1.2046844959259033
1983-08-29,1.2091469764709473
1983-08-30,1.218070149421692
1983-08-31,1.213607668876648
1983-09-01,1.2269935607910156
1983-09-02,1.2225314378738403
1983-09-06,1.2403788566589355
1983-09-07,1.2537641525268555
1983-09-08,1.2671502828598022
1983-09-09,1.2716106176376343
1983-09-12,1.2760735750198364
1983-09-13,1.2760735750198364
1983-09-14,1.2582260370254517
1983-09-15,1.2626875638961792
1983-09-16,1.2671502828598022
1983-09-19,1.29838228225708
1983-09-20,1.320690631866455
1983-09-21,1.316228985786438
1983-09-22,1.3117685317993164
1983-09-23,1.320690631866455
1983-09-26,1.320690631866455
1983-09-27,1.3117685317993164
1983-09-28,1.316228985786438
1983-09-29,1.3073058128356934
1983-09-30,1.29838228225708
1983-10-03,1.3028448820114136
1983-10-04,1.3028448820114136
1983-10-05,1.3073058128356934
1983-10-06,1.3117685317993164
1983-10-07,1.316228985786438
1983-10-10,1.3117685317993164
1983-10-11,1.3028448820114136
1983-10-12,1.29838228225708
1983-10-13,1.2939201593399048
1983-10-14,1.3073058128356934
1983-10-17,1.320690631866455
1983-10-18,1.3251529932022095
1983-10-19,1.320690631866455
1983-10-20,1.3474618196487427
1983-10-21,1.3519235849380493
1983-10-24,1.3563857078552246
1983-10-25,1.3563857078552246
1983-10-26,1.360846996307373
1983-10-27,1.3653091192245483
1983-10-28,1.3831559419631958
1983-10-31,1.4010032415390015
1983-11-01,1.4277740716934204
1983-11-02,1.4366979598999023
1983-11-03,1.4233124256134033
1983-11-04,1.418850064277649
1983-11-07,1.3920799493789673
1983-11-08,1.3653091192245483
1983-11-09,1.369771122932434
1983-11-10,1.369771122932434
1983-11-11,1.3474618196487427
1983-11-14,1.3385382890701294
1983-11-15,1.3474618196487427
1983-11-16,1.3653091192245483
1983-11-17,1.3653091192245483
1983-11-18,1.360846996307373
1983-11-21,1.360846996307373
1983-11-22,1.387617826461792
1983-11-23,1.3742327690124512
1983-11-25,1.3742327690124512
1983-11-28,1.3742327690124512
1983-11-29,1.360846996307373
1983-11-30,1.360846996307373
1983-12-01,1.360846996307373
1983-12-02,1.369771122932434
1983-12-05,1.3786946535110474
1983-12-06,1.3786946535110474
1983-12-07,1.3920799493789673
1983-12-08,1.4054646492004395
1983-12-09,1.4054646492004395
1983-12-12,1.4010032415390015
1983-12-13,1.3920799493789673
1983-12-14,1.3965411186218262
1983-12-15,1.3920799493789673
1983-12-16,1.387617826461792
1983-12-19,1.3831559419631958
1983-12-20,1.3920799493789673
1983-12-21,1.3920799493789673
1983-12-22,1.3920799493789673
1983-12-23,1.3653091192245483
1983-12-27,1.3831559419631958
1983-12-28,1.3786946535110474
1983-12-29,1.3474618196487427
1983-12-30,1.3563857078552246
1984-01-03,1.3117685317993164
1984-01-04,1.320690631866455
1984-01-05,1.3296147584915161
1984-01-06,1.342999815940857
1984-01-09,1.334075689315796
1984-01-10,1.3385382890701294
1984-01-11,1.334075689315796
1984-01-12,1.3296147584915161
1984-01-13,1.320690631866455
1984-01-16,1.2894586324691772
1984-01-17,1.3028448820114136
1984-01-18,1.3117685317993164
1984-01-19,1.316228985786438
1984-01-20,1.3117685317993164
1984-01-23,1.3117685317993164
1984-01-24,1.3073058128356934
1984-01-25,1.316228985786438
1984-01-26,1.316228985786438
1984-01-27,1.320690631866455
1984-01-30,1.3296147584915161
1984-01-31,1.320690631866455
1984-02-01,1.3385382890701294
1984-02-02,1.342999815940857
1984-02-03,1.3385382890701294
1984-02-06,1.3385382890701294
1984-02-07,1.360846996307373
1984-02-08,1.3474618196487427
1984-02-09,1.3519235849380493
1984-02-10,1.3474618196487427
1984-02-13,1.2939201593399048
1984-02-14,1.3028448820114136
1984-02-15,1.3028448820114136
1984-02-16,1.2849969863891602
1984-02-17,1.2760735750198364
1984-02-21,1.2716106176376343
1984-02-22,1.2582260370254517
1984-02-23,1.2537641525268555
1984-02-24,1.2671502828598022
1984-02-27,1.2849969863891602
1984-02-28,1.2849969863891602
1984-02-29,1.2849969863891602
1984-03-01,1.29838228225708
1984-03-02,1.2939201593399048
1984-03-05,1.2849969863891602
1984-03-06,1.2849969863891602
1984-03-07,1.2760735750198364
1984-03-08,1.2939201593399048
1984-03-09,1.2849969863891602
1984-03-12,1.2849969863891602
1984-03-13,1.2894586324691772
1984-03-14,1.2849969863891602
1984-03-15,1.2849969863891602
1984-03-16,1.2894586324691772
1984-03-19,1.2582260370254517
1984-03-20,1.2849969863891602
1984-03-21,1.2894586324691772
1984-03-22,1.2716106176376343
1984-03-23,1.2671502828598022
1984-03-26,1.2716106176376343
1984-03-27,1.2671502828598022
1984-03-28,1.2671502828598022
1984-03-29,1.2493020296096802
1984-03-30,1.2448410987854004
1984-04-02,1.2359176874160767
1984-04-03,1.2403788566589355
1984-04-04,1.2359176874160767
1984-04-05,1.2314554452896118
1984-04-06,1.2225314378738403
1984-04-09,1.2403788566589355
1984-04-10,1.218070149421692
1984-04-11,1.2269935607910156
1984-04-12,1.2225314378738403
1984-04-13,1.2225314378738403
1984-04-16,1.218070149421692
1984-04-17,1.2314554452896118
1984-04-18,1.2626875638961792
1984-04-19,1.2716106176376343
1984-04-23,1.2582260370254517
1984-04-24,1.2716106176376343
1984-04-25,1.2805345058441162
1984-04-26,1.2805345058441162
1984-04-27,1.2716106176376343
1984-04-30,1.2760735750198364
1984-05-01,1.2849969863891602
1984-05-02,1.2849969863891602
1984-05-03,1.2894586324691772
1984-05-04,1.2894586324691772
1984-05-07,1.2939201593399048
1984-05-08,1.3296147584915161
1984-05-09,1.3073058128356934
1984-05-10,1.320690631866455
1984-05-11,1.316228985786438
1984-05-14,1.316228985786438
1984-05-15,1.320690631866455
1984-05-16,1.316228985786438
1984-05-17,1.320690631866455
1984-05-18,1.3251529932022095
1984-05-21,1.3073058128356934
1984-05-22,1.3028448820114136
1984-05-23,1.3028448820114136
1984-05-24,1.2939201593399048
1984-05-25,1.2939201593399048
1984-05-29,1.29838228225708
1984-05-30,1.3028448820114136
1984-05-31,1.3073058128356934
1984-06-01,1.334075689315796
1984-06-04,1.360846996307373
1984-06-05,1.369771122932434
1984-06-06,1.369771122932434
1984-06-07,1.3563857078552246
1984-06-08,1.360846996307373
1984-06-11,1.360846996307373
1984-06-12,1.3519235849380493
1984-06-13,1.3474618196487427
1984-06-14,1.342999815940857
1984-06-15,1.3474618196487427
1984-06-18,1.3385382890701294
1984-06-19,1.334075689315796
1984-06-20,1.334075689315796
1984-06-21,1.342999815940857
1984-06-22,1.3474618196487427
1984-06-25,1.3385382890701294
1984-06-26,1.3385382890701294
1984-06-27,1.3117685317993164
1984-06-28,1.320690631866455
1984-06-29,1.3251529932022095
1984-07-02,1.320690631866455
1984-07-03,1.316228985786438
1984-07-05,1.3028448820114136
1984-07-06,1.3028448820114136
1984-07-09,1.3028448820114136
1984-07-10,1.29838228225708
1984-07-11,1.3073058128356934
1984-07-12,1.3073058128356934
1984-07-13,1.29838228225708
1984-07-16,1.3028448820114136
1984-07-17,1.3474618196487427
1984-07-18,1.3474618196487427
1984-07-19,1.3385382890701294
1984-07-20,1.342999815940857
1984-07-23,1.3474618196487427
1984-07-24,1.342999815940857
1984-07-25,1.3385382890701294
1984-07-26,1.3385382890701294
1984-07-27,1.3117685317993164
1984-07-30,1.3296147584915161
1984-07-31,1.3296147584915161
1984-08-01,1.3519235849380493
1984-08-02,1.3563857078552246
1984-08-03,1.3563857078552246
1984-08-06,1.3563857078552246
1984-08-07,1.360846996307373
1984-08-08,1.3742327690124512
1984-08-09,1.387617826461792
1984-08-10,1.387617826461792
1984-08-13,1.3786946535110474
1984-08-14,1.3831559419631958
1984-08-15,1.3831559419631958
1984-08-16,1.3831559419631958
1984-08-17,1.3831559419631958
1984-08-20,1.3831559419631958
1984-08-21,1.3965411186218262
1984-08-22,1.4054646492004395
1984-08-23,1.4099266529083252
1984-08-24,1.4099266529083252
1984-08-27,1.4054646492004395
1984-08-28,1.414388656616211
1984-08-29,1.414388656616211
1984-08-30,1.4277740716934204
1984-08-31,1.441159725189209
1984-09-04,1.418850064277649
1984-09-05,1.418850064277649
1984-09-06,1.414388656616211
1984-09-07,1.418850064277649
1984-09-10,1.4099266529083252
1984-09-11,1.4099266529083252
1984-09-12,1.4099266529083252
1984-09-13,1.4277740716934204
1984-09-14,1.4277740716934204
1984-09-17,1.414388656616211
1984-09-18,1.4233124256134033
1984-09-19,1.441159725189209
1984-09-20,1.4545444250106812
1984-09-21,1.4545444250106812
1984-09-24,1.4634687900543213
1984-09-25,1.4545444250106812
1984-09-26,1.4634687900543213
1984-09-27,1.441159725189209
1984-09-28,1.4813153743743896
1984-10-01,1.4679304361343384
1984-10-02,1.4456219673156738
1984-10-03,1.4590071439743042
1984-10-04,1.4590071439743042
1984-10-05,1.4590071439743042
1984-10-08,1.4500833749771118
1984-10-09,1.4590071439743042
1984-10-10,1.4590071439743042
1984-10-11,1.4590071439743042
1984-10-12,1.4679304361343384
1984-10-15,1.4679304361343384
1984-10-16,1.4723925590515137
1984-10-17,1.499163031578064
1984-10-18,1.5482418537139893
1984-10-19,1.5125483274459839
1984-10-22,1.5125483274459839
1984-10-23,1.5214719772338867
1984-10-24,1.5259333848953247
1984-10-25,1.5125483274459839
1984-10-26,1.4902393817901611
1984-10-29,1.4679304361343384
1984-10-30,1.4947007894515991
1984-10-31,1.4723925590515137
1984-11-01,1.4723925590515137
1984-11-02,1.4634687900543213
1984-11-05,1.4723925590515137
1984-11-06,1.4723925590515137
1984-11-07,1.4813153743743896
1984-11-08,1.4723925590515137
1984-11-09,1.4634687900543213
1984-11-12,1.4679304361343384
1984-11-13,1.4679304361343384
1984-11-14,1.4723925590515137
1984-11-15,1.4723925590515137
1984-11-16,1.4768537282943726
1984-11-19,1.4723925590515137
1984-11-20,1.4768537282943726
1984-11-21,1.4679304361343384
1984-11-23,1.4679304361343384
1984-11-26,1.4768537282943726
1984-11-27,1.4768537282943726
1984-11-28,1.4768537282943726
1984-11-29,1.4768537282943726
1984-11-30,1.4813153743743896
1984-12-03,1.4768537282943726
1984-12-04,1.4902393817901611
1984-12-05,1.4902393817901611
1984-12-06,1.5080866813659668
1984-12-07,1.499163031578064
1984-12-10,1.499163031578064
1984-12-11,1.5080866813659668
1984-12-12,1.499163031578064
1984-12-13,1.5080866813659668
1984-12-14,1.5036251544952393
1984-12-17,1.5170100927352905
1984-12-18,1.5303959846496582
1984-12-19,1.5080866813659668
1984-12-20,1.5036251544952393
1984-12-21,1.5036251544952393
1984-12-24,1.5125483274459839
1984-12-26,1.4768537282943726
1984-12-27,1.4768537282943726
1984-12-28,1.4857776165008545
1984-12-31,1.4902393817901611
1985-01-02,1.4947007894515991
1985-01-03,1.4857776165008545
1985-01-04,1.4857776165008545
1985-01-07,1.4768537282943726
1985-01-08,1.4723925590515137
1985-01-09,1.4813153743743896
1985-01-10,1.4857776165008545
1985-01-11,1.4813153743743896
1985-01-14,1.499163031578064
1985-01-15,1.5036251544952393
1985-01-16,1.5080866813659668
1985-01-17,1.4947007894515991
1985-01-18,1.5036251544952393
1985-01-21,1.5214719772338867
1985-01-22,1.54378080368042
1985-01-23,1.5259333848953247
1985-01-24,1.5259333848953247
1985-01-25,1.5259333848953247
1985-01-28,1.5348573923110962
1985-01-29,1.54378080368042
1985-01-30,1.5348573923110962
1985-01-31,1.54378080368042
1985-02-01,1.5348573923110962
1985-02-04,1.5348573923110962
1985-02-05,1.5348573923110962
1985-02-06,1.5125483274459839
1985-02-07,1.5125483274459839
1985-02-08,1.5170100927352905
1985-02-11,1.5214719772338867
1985-02-12,1.5214719772338867
1985-02-13,1.5170100927352905
1985-02-14,1.5348573923110962
1985-02-15,1.54378080368042
1985-02-19,1.5259333848953247
1985-02-20,1.5259333848953247
1985-02-21,1.5214719772338867
1985-02-22,1.5170100927352905
1985-02-25,1.5080866813659668
1985-02-26,1.5170100927352905
1985-02-27,1.5080866813659668
1985-02-28,1.5036251544952393
1985-03-01,1.5170100927352905
1985-03-04,1.5170100927352905
1985-03-05,1.5125483274459839
1985-03-06,1.5170100927352905
1985-03-07,1.5125483274459839
1985-03-08,1.5170100927352905
1985-03-11,1.5259333848953247
1985-03-12,1.5303959846496582
1985-03-13,1.5348573923110962
1985-03-14,1.5393201112747192
1985-03-15,1.5482418537139893
1985-03-18,1.54378080368042
1985-03-19,1.54378080368042
1985-03-20,1.5482418537139893
1985-03-21,1.5527039766311646
1985-03-22,1.54378080368042
1985-03-25,1.54378080368042
1985-03-26,1.5527039766311646
1985-03-27,1.5750139951705933
1985-03-28,1.5527039766311646
1985-03-29,1.5616276264190674
1985-04-01,1.5482418537139893
1985-04-02,1.54378080368042
1985-04-03,1.5527039766311646
1985-04-04,1.5616276264190674
1985-04-08,1.5527039766311646
1985-04-09,1.5571645498275757
1985-04-10,1.5750139951705933
1985-04-11,1.5883982181549072
1985-04-12,1.5750139951705933
1985-04-15,1.5794756412506104
1985-04-16,1.5794756412506104
1985-04-17,1.5794756412506104
1985-04-18,1.5883982181549072
1985-04-19,1.5883982181549072
1985-04-22,1.5973225831985474
1985-04-23,1.5973225831985474
1985-04-24,1.601784110069275
1985-04-25,1.6374789476394653
1985-04-26,1.6464017629623413
1985-04-29,1.6419404745101929
1985-04-30,1.6285555362701416
1985-05-01,1.5973225831985474
1985-05-02,1.6240930557250977
1985-05-03,1.6285555362701416
1985-05-06,1.6285555362701416
1985-05-07,1.6330164670944214
1985-05-08,1.6330164670944214
1985-05-09,1.6419404745101929
1985-05-10,1.6597880125045776
1985-05-13,1.6464017629623413
1985-05-14,1.6553258895874023
1985-05-15,1.650863766670227
1985-05-16,1.6687114238739014
1985-05-17,1.6865577697753906
1985-05-20,1.6910195350646973
1985-05-21,1.6999437808990479
1985-05-22,1.6954814195632935
1985-05-23,1.6954814195632935
1985-05-24,1.6999437808990479
1985-05-28,1.6954814195632935
1985-05-29,1.6999437808990479
1985-05-30,1.6954814195632935
1985-05-31,1.7088673114776611
1985-06-03,1.7044057846069336
1985-06-04,1.6910195350646973
1985-06-05,1.7490228414535522
1985-06-06,1.7311763763427734
1985-06-07,1.7311763763427734
1985-06-10,1.7133290767669678
1985-06-11,1.7400999069213867
1985-06-12,1.744561791419983
1985-06-13,1.7400999069213867
1985-06-14,1.7490228414535522
1985-06-17,1.7624092102050781
1985-06-18,1.7624092102050781
1985-06-19,1.775794506072998
1985-06-20,1.7713323831558228
1985-06-21,1.8070260286331177
1985-06-24,1.802565336227417
1985-06-25,1.8114891052246094
1985-06-26,1.7534844875335693
1985-06-27,1.7624092102050781
1985-06-28,1.7624092102050781
1985-07-01,1.7713323831558228
1985-07-02,1.7802549600601196
1985-07-03,1.7579466104507446
1985-07-05,1.7668700218200684
1985-07-08,1.7802549600601196
1985-07-09,1.775794506072998
1985-07-10,1.7668700218200684
1985-07-11,1.775794506072998
1985-07-12,1.7936416864395142
1985-07-15,1.8204128742218018
1985-07-16,1.8427200317382812
1985-07-17,1.8382593393325806
1985-07-18,1.8293362855911255
1985-07-19,1.7936416864395142
1985-07-22,1.7624092102050781
1985-07-23,1.6910195350646973
1985-07-24,1.6597880125045776
1985-07-25,1.6820964813232422
1985-07-26,1.6776355504989624
1985-07-29,1.6597880125045776
1985-07-30,1.6731733083724976
1985-07-31,1.6776355504989624
1985-08-01,1.6687114238739014
1985-08-02,1.6687114238739014
1985-08-05,1.6687114238739014
1985-08-06,1.6597880125045776
1985-08-07,1.6330164670944214
1985-08-08,1.6597880125045776
1985-08-09,1.650863766670227
1985-08-12,1.6597880125045776
1985-08-13,1.650863766670227
1985-08-14,1.6597880125045776
1985-08-15,1.6597880125045776
1985-08-16,1.6597880125045776
1985-08-19,1.6642488241195679
1985-08-20,1.6687114238739014
1985-08-21,1.6687114238739014
1985-08-22,1.6642488241195679
1985-08-23,1.6687114238739014
1985-08-26,1.6776355504989624
1985-08-27,1.6731733083724976
1985-08-28,1.6865577697753906
1985-08-29,1.6999437808990479
1985-08-30,1.7133290767669678
1985-09-03,1.7177904844284058
1985-09-04,1.7311763763427734
1985-09-05,1.726715087890625
1985-09-06,1.7311763763427734
1985-09-09,1.744561791419983
1985-09-10,1.7088673114776611
1985-09-11,1.7044057846069336
1985-09-12,1.6419404745101929
1985-09-13,1.6553258895874023
1985-09-16,1.6553258895874023
1985-09-17,1.6597880125045776
1985-09-18,1.6464017629623413
1985-09-19,1.6419404745101929
1985-09-20,1.6419404745101929
1985-09-23,1.6731733083724976
1985-09-24,1.6687114238739014
1985-09-25,1.6731733083724976
1985-09-26,1.641525387763977
1985-09-30,1.6551661491394043
1985-10-01,1.6597135066986084
1985-10-02,1.664260983467102
1985-10-03,1.6688075065612793
1985-10-04,1.6733547449111938
1985-10-07,1.6733547449111938
1985-10-08,1.6733547449111938
1985-10-09,1.6824487447738647
1985-10-10,1.6824487447738647
1985-10-11,1.6824487447738647
1985-10-14,1.691543459892273
1985-10-15,1.6960901021957397
1985-10-16,1.6869968175888062
1985-10-17,1.691543459892273
1985-10-18,1.6869968175888062
1985-10-21,1.6960901021957397
1985-10-22,1.7142795324325562
1985-10-23,1.7279202938079834
1985-10-24,1.7051854133605957
1985-10-25,1.7370156049728394
1985-10-28,1.7279202938079834
1985-10-29,1.732467770576477
1985-10-30,1.723373532295227
1985-10-31,1.7415623664855957
1985-11-01,1.7597512006759644
1985-11-04,1.7597512006759644
1985-11-05,1.7642987966537476
1985-11-06,1.7688449621200562
1985-11-07,1.7597512006759644
1985-11-08,1.7597512006759644
1985-11-11,1.7824862003326416
1985-11-12,1.7870330810546875
1985-11-13,1.7824862003326416
1985-11-14,1.7870330810546875
1985-11-15,1.7733925580978394
1985-11-18,1.7824862003326416
1985-11-19,1.7870330810546875
1985-11-20,1.7961281538009644
1985-11-21,1.827958106994629
1985-11-22,1.8325064182281494
1985-11-25,1.8325064182281494
1985-11-26,1.823411226272583
1985-11-27,1.8188635110855103
1985-11-29,1.809769630432129
1985-12-02,1.8188635110855103
1985-12-03,1.8143162727355957
1985-12-04,1.8188635110855103
1985-12-05,1.8325064182281494
1985-12-06,1.8052217960357666
1985-12-09,1.8415987491607666
1985-12-10,1.837052345275879
1985-12-11,1.8552424907684326
1985-12-12,1.8461471796035767
1985-12-13,1.8825230598449707
1985-12-16,1.9279963970184326
1985-12-17,1.959826946258545
1985-12-18,1.9734669923782349
1985-12-19,1.9507312774658203
1985-12-20,1.9370896816253662
1985-12-23,1.914354920387268
1985-12-24,1.891618013381958
1985-12-26,1.8779276609420776
1985-12-27,1.8918027877807617
1985-12-30,1.9195563793182373
1985-12-31,1.9611842632293701
1986-01-02,1.9426823854446411
1986-01-03,1.9519346952438354
1986-01-06,1.9519346952438354
1986-01-07,1.9796870946884155
1986-01-08,1.9519346952438354
1986-01-09,1.8964276313781738
1986-01-10,1.8779276609420776
1986-01-13,1.8547999858856201
1986-01-14,1.8733010292053223
1986-01-15,1.8825522661209106
1986-01-16,1.8779276609420776
1986-01-17,1.88717782497406
1986-01-20,1.8918027877807617
1986-01-21,1.9056799411773682
1986-01-22,1.9056799411773682
1986-01-23,1.910305142402649
1986-01-24,1.924182653427124
1986-01-27,1.9519346952438354
1986-01-28,2.0074384212493896
1986-01-29,1.9981871843338013
1986-01-30,2.012064218521118
1986-01-31,1.9981871843338013
1986-02-03,2.016690254211426
1986-02-04,2.0074384212493896
1986-02-05,2.0259406566619873
1986-02-06,2.016690254211426
1986-02-07,2.035191535949707
1986-02-10,2.016690254211426
1986-02-11,2.0259406566619873
1986-02-12,2.016690254211426
1986-02-13,2.0305674076080322
1986-02-14,2.044443130493164
1986-02-18,2.053692579269409
1986-02-19,2.053692579269409
1986-02-20,2.076819896697998
1986-02-21,2.104573965072632
1986-02-24,2.109199047088623
1986-02-25,2.1369521617889404
1986-02-26,2.1277010440826416
1986-02-27,2.1369521617889404
1986-02-28,2.1924569606781006
1986-03-03,2.178581714630127
1986-03-04,2.1277010440826416
1986-03-05,2.178581714630127
1986-03-06,2.2017080783843994
1986-03-07,2.197082996368408
1986-03-10,2.1924569606781006
1986-03-11,2.2433366775512695
1986-03-12,2.2572133541107178
1986-03-13,2.2525880336761475
1986-03-14,2.2895913124084473
1986-03-17,2.229461431503296
1986-03-18,2.238710403442383
1986-03-19,2.2433366775512695
1986-03-20,2.224835157394409
1986-03-21,2.2202095985412598
1986-03-24,2.215583562850952
1986-03-25,2.234086036682129
1986-03-26,2.2436606884002686
1986-03-27,2.257742166519165
1986-03-31,2.2718234062194824
1986-04-01,2.2671310901641846
1986-04-02,2.2812108993530273
1986-04-03,2.220191478729248
1986-04-04,2.2483556270599365
1986-04-07,2.2342734336853027
1986-04-08,2.262436628341675
1986-04-09,2.2952945232391357
1986-04-10,2.290600061416626
1986-04-11,2.290600061416626
1986-04-14,2.2952945232391357
1986-04-15,2.3234570026397705
1986-04-16,2.3516199588775635
1986-04-17,2.3657021522521973
1986-04-18,2.3938634395599365
1986-04-21,2.4079463481903076
1986-04-22,2.459578514099121
1986-04-23,2.440803050994873
1986-04-24,2.4173340797424316
1986-04-25,2.4079463481903076
1986-04-28,2.3938634395599365
1986-04-29,2.332845449447632
1986-04-30,2.3281500339508057
1986-05-01,2.3516199588775635
1986-05-02,2.3281500339508057
1986-05-05,2.3797810077667236
1986-05-06,2.3563132286071777
1986-05-07,2.346926212310791
1986-05-08,2.346926212310791
1986-05-09,2.3563132286071777
1986-05-12,2.3375375270843506
1986-05-13,2.3187615871429443
1986-05-14,2.332845449447632
1986-05-15,2.3234570026397705
1986-05-16,2.309375524520874
1986-05-19,2.3187615871429443
1986-05-20,2.3375375270843506
1986-05-21,2.3375375270843506
1986-05-22,2.3563132286071777
1986-05-23,2.370396137237549
1986-05-27,2.389169931411743
1986-05-28,2.389169931411743
1986-05-29,2.3985581398010254
1986-05-30,2.375089406967163
1986-06-02,2.375089406967163
1986-06-03,2.3797810077667236
1986-06-04,2.3657021522521973
1986-06-05,2.3844761848449707
1986-06-06,2.3563132286071777
1986-06-09,2.304680347442627
1986-06-10,2.290600061416626
1986-06-11,2.3187615871429443
1986-06-12,2.3187615871429443
1986-06-13,2.3375375270843506
1986-06-16,2.3375375270843506
1986-06-17,2.309375524520874
1986-06-18,2.3375375270843506
1986-06-19,2.3375375270843506
1986-06-20,2.403252601623535
1986-06-23,2.440803050994873
1986-06-24,2.497129201889038
1986-06-25,2.562842607498169
1986-06-26,2.608539342880249
1986-06-27,2.5799789428710938
1986-06-30,2.665660858154297
1986-07-01,2.684701919555664
1986-07-02,2.722783088684082
1986-07-03,2.694220781326294
1986-07-07,2.6275808811187744
1986-07-08,2.646620988845825
1986-07-09,2.599019765853882
1986-07-10,2.5894980430603027
1986-07-11,2.6180598735809326
1986-07-14,2.665660858154297
1986-07-15,2.637101173400879
1986-07-16,2.646620988845825
1986-07-17,2.684701919555664
1986-07-18,2.665660858154297
1986-07-21,2.7418222427368164
1986-07-22,2.8465449810028076
1986-07-23,2.732304573059082
1986-07-24,2.7894256114959717
1986-07-25,2.8465449810028076
1986-07-28,2.7799038887023926
1986-07-29,2.827505350112915
1986-07-30,2.856064558029175
1986-07-31,2.8846256732940674
1986-08-01,2.827505350112915
1986-08-04,2.827505350112915
1986-08-05,2.8084640502929688
1986-08-06,2.8465449810028076
1986-08-07,2.827505350112915
1986-08-08,2.798943281173706
1986-08-11,2.798943281173706
1986-08-12,2.7799038887023926
1986-08-13,2.8084640502929688
1986-08-14,2.827505350112915
1986-08-15,2.9131875038146973
1986-08-18,2.970308780670166
1986-08-19,2.9988698959350586
1986-08-20,2.9893460273742676
1986-08-21,2.9988698959350586
1986-08-22,2.9607887268066406
1986-08-25,2.9036672115325928
1986-08-26,2.970308780670166
1986-08-27,2.9798269271850586
1986-08-28,2.970308780670166
1986-08-29,3.0274300575256348
1986-09-02,2.8941493034362793
1986-09-03,2.8751070499420166
1986-09-04,2.9893460273742676
1986-09-05,2.837024211883545
1986-09-08,2.7418222427368164
1986-09-09,2.722783088684082
1986-09-10,2.684701919555664
1986-09-11,2.5418975353240967
1986-09-12,2.47525691986084
1986-09-15,2.5038177967071533
1986-09-16,2.532379627227783
1986-09-17,2.5418975353240967
1986-09-18,2.5704586505889893
1986-09-19,2.5133371353149414
1986-09-22,2.646620988845825
1986-09-23,2.646620988845825
1986-09-24,2.7037413120269775
1986-09-25,2.665660858154297
1986-09-26,2.684701919555664
1986-09-29,2.665660858154297
1986-09-30,2.663731336593628
1986-10-01,2.634777784347534
1986-10-02,2.605823040008545
1986-10-03,2.6154744625091553
1986-10-06,2.6251251697540283
1986-10-07,2.634777784347534
1986-10-08,2.596172571182251
1986-10-09,2.6540796756744385
1986-10-10,2.6154744625091553
1986-10-13,2.5865232944488525
1986-10-14,2.596172571182251
1986-10-15,2.596172571182251
1986-10-16,2.6444287300109863
1986-10-17,2.6830334663391113
1986-10-20,2.6540796756744385
1986-10-21,2.6251251697540283
1986-10-22,2.6444287300109863
1986-10-23,2.6444287300109863
1986-10-24,2.6154744625091553
1986-10-27,2.6251251697540283
1986-10-28,2.6251251697540283
1986-10-29,2.692686080932617
1986-10-30,2.731288194656372
1986-10-31,2.740940570831299
1986-11-03,2.7795448303222656
1986-11-04,2.7795448303222656
1986-11-05,2.8181498050689697
1986-11-06,2.7505908012390137
1986-11-07,2.7795448303222656
1986-11-10,2.7795448303222656
1986-11-11,2.7795448303222656
1986-11-12,2.789196014404297
1986-11-13,2.769895315170288
1986-11-14,2.7795448303222656
1986-11-17,2.7602436542510986
1986-11-18,2.6444287300109863
1986-11-19,2.673382043838501
1986-11-20,2.7216386795043945
1986-11-21,2.769895315170288
1986-11-24,2.8085007667541504
1986-11-25,2.8181498050689697
1986-11-26,2.8181498050689697
1986-11-28,2.789196014404297
1986-12-01,2.7795448303222656
1986-12-02,2.8181498050689697
1986-12-03,2.8181498050689697
1986-12-04,2.8085007667541504
1986-12-05,2.7795448303222656
1986-12-08,2.789196014404297
1986-12-09,2.789196014404297
1986-12-10,2.7795448303222656
1986-12-11,2.769895315170288
1986-12-12,2.7602436542510986
1986-12-15,2.7795448303222656
1986-12-16,2.798846483230591
1986-12-17,2.7602436542510986
1986-12-18,2.789196014404297
1986-12-19,2.8181498050689697
1986-12-22,2.8181498050689697
1986-12-23,2.7602436542510986
1986-12-24,2.7795448303222656
1986-12-26,2.7384676933288574
1986-12-29,2.6993472576141357
1986-12-30,2.6993472576141357
1986-12-31,2.6993472576141357
1987-01-02,2.728687286376953
1987-01-05,2.8069305419921875
1987-01-06,2.8460500240325928
1987-01-07,2.875391960144043
1987-01-08,2.8264904022216797
1987-01-09,2.8460500240325928
1987-01-12,2.8264904022216797
1987-01-13,2.7971508502960205
1987-01-14,2.8460500240325928
1987-01-15,2.8362693786621094
1987-01-16,2.8656132221221924
1987-01-19,2.8362693786621094
1987-01-20,2.8656132221221924
1987-01-21,2.9536361694335938
1987-01-22,3.022094964981079
1987-01-23,3.0123143196105957
1987-01-26,2.9536361694335938
1987-01-27,2.973196506500244
1987-01-28,2.9634149074554443
1987-01-29,2.9438531398773193
1987-01-30,2.9536361694335938
1987-02-02,2.9536361694335938
1987-02-03,2.973196506500244
1987-02-04,2.9438531398773193
1987-02-05,2.9340732097625732
1987-02-06,2.9340732097625732
1987-02-09,2.8362693786621094
1987-02-10,2.767808675765991
1987-02-11,2.8167097568511963
1987-02-12,2.7384676933288574
1987-02-13,2.728687286376953
1987-02-17,2.6895666122436523
1987-02-18,2.6308860778808594
1987-02-19,2.6211061477661133
1987-02-20,2.6015446186065674
1987-02-23,2.5819852352142334
1987-02-24,2.6015446186065674
1987-02-25,2.6308860778808594
1987-02-26,2.6308860778808594
1987-02-27,2.6308860778808594
1987-03-02,2.6211061477661133
1987-03-03,2.6211061477661133
1987-03-04,2.660226821899414
1987-03-05,2.6504461765289307
1987-03-06,2.670006275177002
1987-03-09,2.6308860778808594
1987-03-10,2.640665292739868
1987-03-11,2.6895666122436523
1987-03-12,2.7189064025878906
1987-03-13,2.6797878742218018
1987-03-16,2.7189064025878906
1987-03-17,2.709127902984619
1987-03-18,2.6895666122436523
1987-03-19,2.6797878742218018
1987-03-20,2.709127902984619
1987-03-23,2.7384676933288574
1987-03-24,2.6993472576141357
1987-03-25,2.728687286376953
1987-03-26,2.709127902984619
1987-03-27,2.6895666122436523
1987-03-30,2.6504461765289307
1987-03-31,2.598865509033203
1987-04-01,2.5790274143218994
1987-04-02,2.549269199371338
1987-04-03,2.58894681930542
1987-04-06,2.539349317550659
1987-04-07,2.420318603515625
1987-04-08,2.430236577987671
1987-04-09,2.360802173614502
1987-04-10,2.420318603515625
1987-04-13,2.479834794998169
1987-04-14,2.390559196472168
1987-04-15,2.4500770568847656
1987-04-16,2.569106101989746
1987-04-20,2.549269199371338
1987-04-21,2.6484622955322266
1987-04-22,2.5790274143218994
1987-04-23,2.539349317550659
1987-04-24,2.459994316101074
1987-04-27,2.4500770568847656
1987-04-28,2.459994316101074
1987-04-29,2.4897522926330566
1987-04-30,2.549269199371338
1987-05-01,2.539349317550659
1987-05-04,2.569106101989746
1987-05-05,2.598865509033203
1987-05-06,2.5790274143218994
1987-05-07,2.6286237239837646
1987-05-08,2.6385433673858643
1987-05-11,2.6980583667755127
1987-05-12,2.618703603744507
1987-05-13,2.6087863445281982
1987-05-14,2.5790274143218994
1987-05-15,2.4699134826660156
1987-05-18,2.459994316101074
1987-05-19,2.4004786014556885
1987-05-20,2.430236577987671
1987-05-21,2.4699134826660156
1987-05-22,2.4897522926330566
1987-05-26,2.51951003074646
1987-05-27,2.4996731281280518
1987-05-28,2.549269199371338
1987-05-29,2.51951003074646
1987-06-01,2.509591579437256
1987-06-02,2.479834794998169
1987-06-03,2.549269199371338
1987-06-04,2.5591886043548584
1987-06-05,2.5294294357299805
1987-06-08,2.5591886043548584
1987-06-09,2.569106101989746
1987-06-10,2.5591886043548584
1987-06-11,2.5591886043548584
1987-06-12,2.598865509033203
1987-06-15,2.598865509033203
1987-06-16,2.6087863445281982
1987-06-17,2.598865509033203
1987-06-18,2.6087863445281982
1987-06-19,2.618703603744507
1987-06-22,2.6286237239837646
1987-06-23,2.6385433673858643
1987-06-24,2.618703603744507
1987-06-25,2.578813076019287
1987-06-26,2.5385191440582275
1987-06-29,2.5687403678894043
1987-06-30,2.5385191440582275
1987-07-01,2.5183730125427246
1987-07-02,2.5385191440582275
1987-07-06,2.5284461975097656
1987-07-07,2.5385191440582275
1987-07-08,2.5183730125427246
1987-07-09,2.5385191440582275
1987-07-10,2.5385191440582275
1987-07-13,2.5284461975097656
1987-07-14,2.558666229248047
1987-07-15,2.5385191440582275
1987-07-16,2.5485923290252686
1987-07-17,2.6392548084259033
1987-07-20,2.558666229248047
1987-07-21,2.5284461975097656
1987-07-22,2.5183730125427246
1987-07-23,2.5385191440582275
1987-07-24,2.5385191440582275
1987-07-27,2.5385191440582275
1987-07-28,2.5485923290252686
1987-07-29,2.5284461975097656
1987-07-30,2.5284461975097656
1987-07-31,2.5284461975097656
1987-08-03,2.5082998275756836
1987-08-04,2.4982261657714844
1987-08-05,2.5284461975097656
1987-08-06,2.5485923290252686
1987-08-07,2.578813076019287
1987-08-10,2.578813076019287
1987-08-11,2.5989596843719482
1987-08-12,2.6090328693389893
1987-08-13,2.669473886489868
1987-08-14,2.6996943950653076
1987-08-17,2.729915142059326
1987-08-18,2.6996943950653076
1987-08-19,2.6795482635498047
1987-08-20,2.719841957092285
1987-08-21,2.719841957092285
1987-08-24,2.6795482635498047
1987-08-25,2.689620018005371
1987-08-26,2.669473886489868
1987-08-27,2.6594011783599854
1987-08-28,2.6090328693389893
1987-08-31,2.6191070079803467
1987-09-01,2.4982261657714844
1987-09-02,2.5385191440582275
1987-09-03,2.5385191440582275
1987-09-04,2.5485923290252686
1987-09-08,2.5183730125427246
1987-09-09,2.5082998275756836
1987-09-10,2.5284461975097656
1987-09-11,2.5284461975097656
1987-09-14,2.5284461975097656
1987-09-15,2.5183730125427246
1987-09-16,2.4982261657714844
1987-09-17,2.488152265548706
1987-09-18,2.468005657196045
1987-09-21,2.4579315185546875
1987-09-22,2.5082998275756836
1987-09-23,2.5183730125427246
1987-09-24,2.5284461975097656
1987-09-25,2.4982261657714844
1987-09-28,2.5385191440582275
1987-09-29,2.5286922454833984
1987-09-30,2.5389292240142822
1987-10-01,2.5798797607421875
1987-10-02,2.6310665607452393
1987-10-05,2.6310665607452393
1987-10-06,2.620828866958618
1987-10-07,2.6413040161132812
1987-10-08,2.6822564601898193
1987-10-09,2.6310665607452393
1987-10-12,2.5798797607421875
1987-10-13,2.6720168590545654
1987-10-14,2.661780595779419
1987-10-15,2.6720168590545654
1987-10-16,2.5798797607421875
1987-10-19,2.252274751663208
1987-10-20,2.3546509742736816
1987-10-21,2.6310665607452393
1987-10-22,2.5798797607421875
1987-10-23,2.6413040161132812
1987-10-26,2.6105923652648926
1987-10-27,2.6720168590545654
1987-10-28,2.5389292240142822
1987-10-29,2.5798797607421875
1987-10-30,2.47750186920166
1987-11-02,2.508216381072998
1987-11-03,2.508216381072998
1987-11-04,2.508216381072998
1987-11-05,2.600353240966797
1987-11-06,2.620828866958618
1987-11-09,2.5389292240142822
1987-11-10,2.5286922454833984
1987-11-11,2.5594048500061035
1987-11-12,2.5594048500061035
1987-11-13,2.549166679382324
1987-11-16,2.5798797607421875
1987-11-17,2.549166679382324
1987-11-18,2.569643020629883
1987-11-19,2.5286922454833984
1987-11-20,2.5389292240142822
1987-11-23,2.5798797607421875
1987-11-24,2.5594048500061035
1987-11-25,2.47750186920166
1987-11-27,2.4570281505584717
1987-11-30,2.436552047729492
1987-12-01,2.47750186920166
1987-12-02,2.497979164123535
1987-12-03,2.4570281505584717
1987-12-04,2.497979164123535
1987-12-07,2.497979164123535
1987-12-08,2.497979164123535
1987-12-09,2.508216381072998
1987-12-10,2.4570281505584717
1987-12-11,2.4672653675079346
1987-12-14,2.508216381072998
1987-12-15,2.47750186920166
1987-12-16,2.4672653675079346
1987-12-17,2.436552047729492
1987-12-18,2.436552047729492
1987-12-21,2.436552047729492
1987-12-22,2.426314353942871
1987-12-23,2.426314353942871
1987-12-24,2.426314353942871
1987-12-28,2.416316032409668
1987-12-29,2.4059019088745117
1987-12-30,2.4579780101776123
1987-12-31,2.4683923721313477
1988-01-04,2.5412981510162354
1988-01-05,2.5829598903656006
1988-01-06,2.5829598903656006
1988-01-07,2.572544574737549
1988-01-08,2.4892232418060303
1988-01-11,2.5412981510162354
1988-01-12,2.5308830738067627
1988-01-13,2.5204665660858154
1988-01-14,2.4996378421783447
1988-01-15,2.5517139434814453
1988-01-18,2.5621299743652344
1988-01-19,2.624619483947754
1988-01-20,2.5621299743652344
1988-01-21,2.5308830738067627
1988-01-22,2.603789806365967
1988-01-25,2.6350350379943848
1988-01-26,2.624619483947754
1988-01-27,2.624619483947754
1988-01-28,2.655864715576172
1988-01-29,2.676694393157959
1988-02-01,2.676694393157959
1988-02-02,2.760017156600952
1988-02-03,2.707942008972168
1988-02-04,2.68710994720459
1988-02-05,2.707942008972168
1988-02-08,2.6350350379943848
1988-02-09,2.645449161529541
1988-02-10,2.666278839111328
1988-02-11,2.655864715576172
1988-02-12,2.645449161529541
1988-02-16,2.624619483947754
1988-02-17,2.624619483947754
1988-02-18,2.6142051219940186
1988-02-19,2.6350350379943848
1988-02-22,2.624619483947754
1988-02-23,2.624619483947754
1988-02-24,2.624619483947754
1988-02-25,2.6142051219940186
1988-02-26,2.603789806365967
1988-02-29,2.6142051219940186
1988-03-01,2.603789806365967
1988-03-02,2.603789806365967
1988-03-03,2.6142051219940186
1988-03-04,2.603789806365967
1988-03-07,2.5829598903656006
1988-03-08,2.5933749675750732
1988-03-09,2.5829598903656006
1988-03-10,2.5517139434814453
1988-03-11,2.572544574737549
1988-03-14,2.5829598903656006
1988-03-15,2.6142051219940186
1988-03-16,2.68710994720459
1988-03-17,2.68710994720459
1988-03-18,2.6975250244140625
1988-03-21,2.666278839111328
1988-03-22,2.666278839111328
1988-03-23,2.645449161529541
1988-03-24,2.603789806365967
1988-03-25,2.5829598903656006
1988-03-28,2.562206268310547
1988-03-29,2.5727946758270264
1988-03-30,2.5727946758270264
1988-03-31,2.551619291305542
1988-04-04,2.5092687606811523
1988-04-05,2.5304436683654785
1988-04-06,2.6151459217071533
1988-04-07,2.6469082832336426
1988-04-08,2.6574976444244385
1988-04-11,2.6151459217071533
1988-04-12,2.6574976444244385
1988-04-13,2.6574976444244385
1988-04-14,2.551619291305542
1988-04-15,2.5410313606262207
1988-04-18,2.5304436683654785
1988-04-19,2.5304436683654785
1988-04-20,2.5092687606811523
1988-04-21,2.5198559761047363
1988-04-22,2.5304436683654785
1988-04-25,2.551619291305542
1988-04-26,2.551619291305542
1988-04-27,2.5410313606262207
1988-04-28,2.5304436683654785
1988-04-29,2.5410313606262207
1988-05-02,2.5304436683654785
1988-05-03,2.5410313606262207
1988-05-04,2.498680830001831
1988-05-05,2.4880945682525635
1988-05-06,2.477506637573242
1988-05-09,2.5092687606811523
1988-05-10,2.562206268310547
1988-05-11,2.5092687606811523
1988-05-12,2.498680830001831
1988-05-13,2.5410313606262207
1988-05-16,2.562206268310547
1988-05-17,2.5198559761047363
1988-05-18,2.5198559761047363
1988-05-19,2.5092687606811523
1988-05-20,2.5198559761047363
1988-05-23,2.5198559761047363
1988-05-24,2.551619291305542
1988-05-25,2.551619291305542
1988-05-26,2.562206268310547
1988-05-27,2.562206268310547
1988-05-31,2.6469082832336426
1988-06-01,2.668083906173706
1988-06-02,2.6469082832336426
1988-06-03,2.6574976444244385
1988-06-06,2.6363208293914795
1988-06-07,2.6363208293914795
1988-06-08,2.6998472213745117
1988-06-09,2.67867112159729
1988-06-10,2.6892588138580322
1988-06-13,2.6892588138580322
1988-06-14,2.7316091060638428
1988-06-15,2.7527847290039062
1988-06-16,2.721020460128784
1988-06-17,2.7316091060638428
1988-06-20,2.7316091060638428
1988-06-21,2.7633707523345947
1988-06-22,2.784548044204712
1988-06-23,2.7739598751068115
1988-06-24,2.7316091060638428
1988-06-27,2.721020460128784
1988-06-28,2.6697800159454346
1988-06-29,2.6590144634246826
1988-06-30,2.6805431842803955
1988-07-01,2.6374831199645996
1988-07-05,2.6590144634246826
1988-07-06,2.648249626159668
1988-07-07,2.648249626159668
1988-07-08,2.605186939239502
1988-07-11,2.626718759536743
1988-07-12,2.605186939239502
1988-07-13,2.6590144634246826
1988-07-14,2.6697800159454346
1988-07-15,2.648249626159668
1988-07-18,2.648249626159668
1988-07-19,2.6374831199645996
1988-07-20,2.648249626159668
1988-07-21,2.626718759536743
1988-07-22,2.605186939239502
1988-07-25,2.6159536838531494
1988-07-26,2.648249626159668
1988-07-27,2.6159536838531494
1988-07-28,2.6590144634246826
1988-07-29,2.7020742893218994
1988-08-01,2.6913094520568848
1988-08-02,2.7020742893218994
1988-08-03,2.7020742893218994
1988-08-04,2.723604440689087
1988-08-05,2.7020742893218994
1988-08-08,2.6913094520568848
1988-08-09,2.6913094520568848
1988-08-10,2.648249626159668
1988-08-11,2.6697800159454346
1988-08-12,2.6374831199645996
1988-08-15,2.605186939239502
1988-08-16,2.6374831199645996
1988-08-17,2.6159536838531494
1988-08-18,2.6374831199645996
1988-08-19,2.6590144634246826
1988-08-22,2.626718759536743
1988-08-23,2.6374831199645996
1988-08-24,2.6697800159454346
1988-08-25,2.648249626159668
1988-08-26,2.6590144634246826
1988-08-29,2.6913094520568848
1988-08-30,2.6913094520568848
1988-08-31,2.6913094520568848
1988-09-01,2.6913094520568848
1988-09-02,2.723604440689087
1988-09-06,2.7020742893218994
1988-09-07,2.7020742893218994
1988-09-08,2.712838649749756
1988-09-09,2.7020742893218994
1988-09-12,2.7020742893218994
1988-09-13,2.712838649749756
1988-09-14,2.712838649749756
1988-09-15,2.7020742893218994
1988-09-16,2.723604440689087
1988-09-19,2.712838649749756
1988-09-20,2.723604440689087
1988-09-21,2.7666664123535156
1988-09-22,2.7666664123535156
1988-09-23,2.755899667739868
1988-09-26,2.7666664123535156
1988-09-27,2.7692925930023193
1988-09-28,2.7911834716796875
1988-09-29,2.8349671363830566
1988-09-30,2.845913887023926
1988-10-03,2.824023485183716
1988-10-04,2.824023485183716
1988-10-05,2.845913887023926
1988-10-06,2.845913887023926
1988-10-07,2.9115891456604004
1988-10-10,2.867805004119873
1988-10-11,2.8787524700164795
1988-10-12,2.8568596839904785
1988-10-13,2.867805004119873
1988-10-14,2.867805004119873
1988-10-17,2.900643825531006
1988-10-18,2.922534704208374
1988-10-19,2.9115891456604004
1988-10-20,2.944425582885742
1988-10-21,2.9553730487823486
1988-10-24,2.9553730487823486
1988-10-25,2.966317653656006
1988-10-26,2.944425582885742
1988-10-27,2.922534704208374
1988-10-28,2.944425582885742
1988-10-31,2.9553730487823486
1988-11-01,2.9553730487823486
1988-11-02,2.9553730487823486
1988-11-03,2.9772651195526123
1988-11-04,2.966317653656006
1988-11-07,2.944425582885742
1988-11-08,2.9553730487823486
1988-11-09,2.9334797859191895
1988-11-10,2.944425582885742
1988-11-11,2.867805004119873
1988-11-14,2.8787524700164795
1988-11-15,2.8787524700164795
1988-11-16,2.8568596839904785
1988-11-17,2.8349671363830566
1988-11-18,2.845913887023926
1988-11-21,2.8349671363830566
1988-11-22,2.8349671363830566
1988-11-23,2.8130762577056885
1988-11-25,2.845913887023926
1988-11-28,2.845913887023926
1988-11-29,2.8349671363830566
1988-11-30,2.867805004119873
1988-12-01,2.8349671363830566
1988-12-02,2.8349671363830566
1988-12-05,2.8787524700164795
1988-12-06,2.922534704208374
1988-12-07,2.900643825531006
1988-12-08,2.900643825531006
1988-12-09,2.922534704208374
1988-12-12,2.922534704208374
1988-12-13,2.889697790145874
1988-12-14,2.867805004119873
1988-12-15,2.8568596839904785
1988-12-16,2.8787524700164795
1988-12-19,2.900643825531006
1988-12-20,2.889697790145874
1988-12-21,2.889697790145874
1988-12-22,2.889697790145874
1988-12-23,2.900643825531006
1988-12-27,2.9115891456604004
1988-12-28,2.9031355381011963
1988-12-29,2.914259433746338
1988-12-30,2.914259433746338
1989-01-03,2.8808891773223877
1989-01-04,2.914259433746338
1989-01-05,2.9031355381011963
1989-01-06,2.925382137298584
1989-01-09,2.936504364013672
1989-01-10,2.925382137298584
1989-01-11,2.925382137298584
1989-01-12,2.925382137298584
1989-01-13,2.914259433746338
1989-01-16,2.892012119293213
1989-01-17,2.892012119293213
1989-01-18,2.914259433746338
1989-01-19,2.892012119293213
1989-01-20,2.892012119293213
1989-01-23,2.8808891773223877
1989-01-24,2.9031355381011963
1989-01-25,2.914259433746338
1989-01-26,2.914259433746338
1989-01-27,2.925382137298584
1989-01-30,2.9476280212402344
1989-01-31,2.936504364013672
1989-02-01,2.936504364013672
1989-02-02,2.9476280212402344
1989-02-03,2.914259433746338
1989-02-06,2.9031355381011963
1989-02-07,2.925382137298584
1989-02-08,2.892012119293213
1989-02-09,2.8475191593170166
1989-02-10,2.836395263671875
1989-02-13,2.8475191593170166
1989-02-14,2.836395263671875
1989-02-15,2.8475191593170166
1989-02-16,2.8475191593170166
1989-02-17,2.858642339706421
1989-02-21,2.8475191593170166
1989-02-22,2.8030266761779785
1989-02-23,2.8252739906311035
1989-02-24,2.791903495788574
1989-02-27,2.8030266761779785
1989-02-28,2.8030266761779785
1989-03-01,2.7474122047424316
1989-03-02,2.7807812690734863
1989-03-03,2.7696585655212402
1989-03-06,2.8030266761779785
1989-03-07,2.7807812690734863
1989-03-08,2.7807812690734863
1989-03-09,2.7696585655212402
1989-03-10,2.7474122047424316
1989-03-13,2.7585363388061523
1989-03-14,2.7807812690734863
1989-03-15,2.7807812690734863
1989-03-16,2.8030266761779785
1989-03-17,2.7362890243530273
1989-03-20,2.7362890243530273
1989-03-21,2.7585363388061523
1989-03-22,2.7474122047424316
1989-03-23,2.7362890243530273
1989-03-27,2.7696585655212402
1989-03-28,2.772373676300049
1989-03-29,2.7610583305358887
1989-03-30,2.7610583305358887
1989-03-31,2.7950048446655273
1989-04-03,2.806321859359741
1989-04-04,2.806321859359741
1989-04-05,2.8176357746124268
1989-04-06,2.828953266143799
1989-04-07,2.8402676582336426
1989-04-10,2.8515825271606445
1989-04-11,2.8515825271606445
1989-04-12,2.8628997802734375
1989-04-13,2.8402676582336426
1989-04-14,2.8855297565460205
1989-04-17,2.8855297565460205
1989-04-18,2.919480800628662
1989-04-19,2.908163547515869
1989-04-20,2.919480800628662
1989-04-21,2.930795431137085
1989-04-24,2.919480800628662
1989-04-25,2.896846055984497
1989-04-26,2.908163547515869
1989-04-27,2.942110061645508
1989-04-28,3.032637119293213
1989-05-01,2.9873733520507812
1989-05-02,2.9647417068481445
1989-05-03,2.95342755317688
1989-05-04,2.95342755317688
1989-05-05,2.9647417068481445
1989-05-08,2.9760591983795166
1989-05-09,2.9647417068481445
1989-05-10,2.9760591983795166
1989-05-11,2.9873733520507812
1989-05-12,3.0552687644958496
1989-05-15,3.066584348678589
1989-05-16,3.0779004096984863
1989-05-17,3.1005313396453857
1989-05-18,3.1231627464294434
1989-05-19,3.157111167907715
1989-05-22,3.1910579204559326
1989-05-23,3.2136902809143066
1989-05-24,3.2136902809143066
1989-05-25,3.225005865097046
1989-05-26,3.2363219261169434
1989-05-30,3.2023744583129883
1989-05-31,3.2023744583129883
1989-06-01,3.2136902809143066
1989-06-02,3.2476372718811035
1989-06-05,3.2476372718811035
1989-06-06,3.30421781539917
1989-06-07,3.30421781539917
1989-06-08,3.2589521408081055
1989-06-09,3.2589521408081055
1989-06-12,3.2589521408081055
1989-06-13,3.2589521408081055
1989-06-14,3.2702698707580566
1989-06-15,3.2363219261169434
1989-06-16,3.2476372718811035
1989-06-19,3.2589521408081055
1989-06-20,3.2589521408081055
1989-06-21,3.292901039123535
1989-06-22,3.292901039123535
1989-06-23,3.338165283203125
1989-06-26,3.3155312538146973
1989-06-27,3.338165283203125
1989-06-28,3.326847553253174
1989-06-29,3.292901039123535
1989-06-30,3.30421781539917
1989-07-03,3.2862930297851562
1989-07-05,3.297781467437744
1989-07-06,3.2862930297851562
1989-07-07,3.3207623958587646
1989-07-10,3.3207623958587646
1989-07-11,3.3322510719299316
1989-07-12,3.3552353382110596
1989-07-13,3.3552353382110596
1989-07-14,3.378214120864868
1989-07-17,3.378214120864868
1989-07-18,3.3437442779541016
1989-07-19,3.3552353382110596
1989-07-20,3.3437442779541016
1989-07-21,3.3437442779541016
1989-07-24,3.3437442779541016
1989-07-25,3.3552353382110596
1989-07-26,3.378214120864868
1989-07-27,3.401196241378784
1989-07-28,3.3897085189819336
1989-07-31,3.4471585750579834
1989-08-01,3.424175500869751
1989-08-02,3.424175500869751
1989-08-03,3.424175500869751
1989-08-04,3.424175500869751
1989-08-07,3.470139741897583
1989-08-08,3.481630325317383
1989-08-09,3.470139741897583
1989-08-10,3.4931232929229736
1989-08-11,3.424175500869751
1989-08-14,3.3667244911193848
1989-08-15,3.424175500869751
1989-08-16,3.4471585750579834
1989-08-17,3.412686586380005
1989-08-18,3.4471585750579834
1989-08-21,3.3437442779541016
1989-08-22,3.3437442779541016
1989-08-23,3.378214120864868
1989-08-24,3.435668468475342
1989-08-25,3.412686586380005
1989-08-28,3.412686586380005
1989-08-29,3.378214120864868
1989-08-30,3.3897085189819336
1989-08-31,3.401196241378784
1989-09-01,3.435668468475342
1989-09-05,3.412686586380005
1989-09-06,3.3552353382110596
1989-09-07,3.3667244911193848
1989-09-08,3.3897085189819336
1989-09-11,3.378214120864868
1989-09-12,3.378214120864868
1989-09-13,3.3552353382110596
1989-09-14,3.3437442779541016
1989-09-15,3.3437442779541016
1989-09-18,3.3667244911193848
1989-09-19,3.3322510719299316
1989-09-20,3.3552353382110596
1989-09-21,3.3437442779541016
1989-09-22,3.401196241378784
1989-09-25,3.401196241378784
1989-09-26,3.4063305854797363
1989-09-27,3.3946640491485596
1989-09-28,3.441329002380371
1989-09-29,3.441329002380371
1989-10-02,3.452990770339966
1989-10-03,3.487987518310547
1989-10-04,3.4296586513519287
1989-10-05,3.3946640491485596
1989-10-06,3.3829965591430664
1989-10-09,3.3946640491485596
1989-10-10,3.3946640491485596
1989-10-11,3.3946640491485596
1989-10-12,3.3596653938293457
1989-10-13,3.196349859237671
1989-10-16,3.3363375663757324
1989-10-17,3.3130037784576416
1989-10-18,3.301340341567993
1989-10-19,3.3713319301605225
1989-10-20,3.3363375663757324
1989-10-23,3.3713319301605225
1989-10-24,3.3596653938293457
1989-10-25,3.3596653938293457
1989-10-26,3.3596653938293457
1989-10-27,3.3713319301605225
1989-10-30,3.3713319301605225
1989-10-31,3.4296586513519287
1989-11-01,3.4996535778045654
1989-11-02,3.476320266723633
1989-11-03,3.4996535778045654
1989-11-06,3.4646568298339844
1989-11-07,3.487987518310547
1989-11-08,3.5463178157806396
1989-11-09,3.5463178157806396
1989-11-10,3.557981491088867
1989-11-13,3.5813090801239014
1989-11-14,3.5813090801239014
1989-11-15,3.6163089275360107
1989-11-16,3.6163089275360107
1989-11-17,3.604642629623413
1989-11-20,3.557981491088867
1989-11-21,3.5696465969085693
1989-11-22,3.5346503257751465
1989-11-24,3.522984504699707
1989-11-27,3.522984504699707
1989-11-28,3.5463178157806396
1989-11-29,3.5113179683685303
1989-11-30,3.5463178157806396
1989-12-01,3.5696465969085693
1989-12-04,3.6163089275360107
1989-12-05,3.604642629623413
1989-12-06,3.6396384239196777
1989-12-07,3.604642629623413
1989-12-08,3.6279757022857666
1989-12-11,3.5929746627807617
1989-12-12,3.6396384239196777
1989-12-13,3.6396384239196777
1989-12-14,3.604642629623413
1989-12-15,3.6163089275360107
1989-12-18,3.6279757022857666
1989-12-19,3.6396384239196777
1989-12-20,3.6396384239196777
1989-12-21,3.651305913925171
1989-12-22,3.7212963104248047
1989-12-26,3.7146730422973633
1989-12-27,3.7146730422973633
1989-12-28,3.7383339405059814
1989-12-29,3.7619946002960205
1990-01-02,3.832972764968872
1990-01-03,3.82114577293396
1990-01-04,3.7265031337738037
1990-01-05,3.691012144088745
1990-01-08,3.655522108078003
1990-01-09,3.5963733196258545
1990-01-10,3.6318607330322266
1990-01-11,3.6436898708343506
1990-01-12,3.5253896713256836
1990-01-15,3.513559341430664
1990-01-16,3.572711706161499
1990-01-17,3.5017294883728027
1990-01-18,3.5372207164764404
1990-01-19,3.513559341430664
1990-01-22,3.4780678749084473
1990-01-23,3.4780678749084473
1990-01-24,3.4780678749084473
1990-01-25,3.383430242538452
1990-01-26,3.442579746246338
1990-01-29,3.4307475090026855
1990-01-30,3.4662392139434814
1990-01-31,3.5253896713256836
1990-02-01,3.513559341430664
1990-02-02,3.5253896713256836
1990-02-05,3.4899022579193115
1990-02-06,3.4780678749084473
1990-02-07,3.5253896713256836
1990-02-08,3.5017294883728027
1990-02-09,3.5017294883728027
1990-02-12,3.4780678749084473
1990-02-13,3.5017294883728027
1990-02-14,3.5017294883728027
1990-02-15,3.5017294883728027
1990-02-16,3.4899022579193115
1990-02-20,3.418919086456299
1990-02-21,3.442579746246338
1990-02-22,3.418919086456299
1990-02-23,3.3952584266662598
1990-02-26,3.4544105529785156
1990-02-27,3.4544105529785156
1990-02-28,3.4544105529785156
1990-03-01,3.4780678749084473
1990-03-02,3.4899022579193115
1990-03-05,3.4544105529785156
1990-03-06,3.5017294883728027
1990-03-07,3.4662392139434814
1990-03-08,3.513559341430664
1990-03-09,3.4662392139434814
1990-03-12,3.4780678749084473
1990-03-13,3.4662392139434814
1990-03-14,3.4899022579193115
1990-03-15,3.4780678749084473
1990-03-16,3.4899022579193115
1990-03-19,3.4899022579193115
1990-03-20,3.4662392139434814
1990-03-21,3.4544105529785156
1990-03-22,3.442579746246338
1990-03-23,3.4307475090026855
1990-03-26,3.4307475090026855
1990-03-27,3.4544105529785156
1990-03-28,3.4544105529785156
1990-03-29,3.4544105529785156
1990-03-30,3.442579746246338
1990-04-02,3.4307475090026855
1990-04-03,3.4480488300323486
1990-04-04,3.4120078086853027
1990-04-05,3.4120078086853027
1990-04-06,3.3999929428100586
1990-04-09,3.3999929428100586
1990-04-10,3.3999929428100586
1990-04-11,3.387979030609131
1990-04-12,3.3759660720825195
1990-04-16,3.3999929428100586
1990-04-17,3.387979030609131
1990-04-18,3.363950729370117
1990-04-19,3.3519365787506104
1990-04-20,3.3158936500549316
1990-04-23,3.267838716506958
1990-04-24,3.267838716506958
1990-04-25,3.291865825653076
1990-04-26,3.2798521518707275
1990-04-27,3.2077677249908447
1990-04-30,3.2197813987731934
1990-05-01,3.231795310974121
1990-05-02,3.243809700012207
1990-05-03,3.267838716506958
1990-05-04,3.3519365787506104
1990-05-07,3.363950729370117
1990-05-08,3.363950729370117
1990-05-09,3.424022674560547
1990-05-10,3.424022674560547
1990-05-11,3.508119821548462
1990-05-14,3.520134210586548
1990-05-15,3.496107578277588
1990-05-16,3.496107578277588
1990-05-17,3.508119821548462
1990-05-18,3.4480488300323486
1990-05-21,3.460062026977539
1990-05-22,3.460062026977539
1990-05-23,3.460062026977539
1990-05-24,3.472078323364258
1990-05-25,3.436034917831421
1990-05-29,3.484090566635132
1990-05-30,3.472078323364258
1990-05-31,3.4480488300323486
1990-06-01,3.4480488300323486
1990-06-04,3.520134210586548
1990-06-05,3.5321483612060547
1990-06-06,3.5441648960113525
1990-06-07,3.508119821548462
1990-06-08,3.472078323364258
1990-06-11,3.508119821548462
1990-06-12,3.556175708770752
1990-06-13,3.520134210586548
1990-06-14,3.496107578277588
1990-06-15,3.508119821548462
1990-06-18,3.460062026977539
1990-06-19,3.496107578277588
1990-06-20,3.484090566635132
1990-06-21,3.484090566635132
1990-06-22,3.4120078086853027
1990-06-25,3.363950729370117
1990-06-26,3.3999929428100586
1990-06-27,3.472078323364258
1990-06-28,3.436034917831421
1990-06-29,3.472078323364258
1990-07-02,3.472078323364258
1990-07-03,3.5165209770202637
1990-07-05,3.3944191932678223
1990-07-06,3.4554717540740967
1990-07-09,3.4310529232025146
1990-07-10,3.4066312313079834
1990-07-11,3.4432618618011475
1990-07-12,3.4676826000213623
1990-07-13,3.4554717540740967
1990-07-16,3.4676826000213623
1990-07-17,3.4676826000213623
1990-07-18,3.4554717540740967
1990-07-19,3.4554717540740967
1990-07-20,3.4188413619995117
1990-07-23,3.3211610317230225
1990-07-24,3.3211610317230225
1990-07-25,3.3577914237976074
1990-07-26,3.3944191932678223
1990-07-27,3.3577914237976074
1990-07-30,3.4432618618011475
1990-07-31,3.4921019077301025
1990-08-01,3.5165209770202637
1990-08-02,3.479893684387207
1990-08-03,3.4188413619995117
1990-08-06,3.3577914237976074
1990-08-07,3.1013782024383545
1990-08-08,3.113586902618408
1990-08-09,3.125797748565674
1990-08-10,3.1013782024383545
1990-08-13,3.1013782024383545
1990-08-14,3.1013782024383545
1990-08-15,3.0891683101654053
1990-08-16,3.0891683101654053
1990-08-17,3.052536725997925
1990-08-20,3.064746618270874
1990-08-21,3.003697156906128
1990-08-22,2.9182257652282715
1990-08-23,2.8571760654449463
1990-08-24,2.820544958114624
1990-08-27,2.869384288787842
1990-08-28,2.8449652194976807
1990-08-29,2.9426465034484863
1990-08-30,2.893805742263794
1990-08-31,2.9182257652282715
1990-09-04,2.906015396118164
1990-09-05,2.991485595703125
1990-09-06,2.9792771339416504
1990-09-07,2.9548568725585938
1990-09-10,2.9426465034484863
1990-09-11,2.9182257652282715
1990-09-12,2.9548568725585938
1990-09-13,2.9548568725585938
1990-09-14,2.9304356575012207
1990-09-17,2.9548568725585938
1990-09-18,2.9548568725585938
1990-09-19,2.9548568725585938
1990-09-20,2.9426465034484863
1990-09-21,2.9792771339416504
1990-09-24,2.9670655727386475
1990-09-25,2.975032091140747
1990-09-26,2.9874799251556396
1990-09-27,2.999929666519165
1990-09-28,2.999929666519165
1990-10-01,3.0995101928710938
1990-10-02,3.136852264404297
1990-10-03,3.111959218978882
1990-10-04,3.1741979122161865
1990-10-05,3.1741979122161865
1990-10-08,3.236436605453491
1990-10-09,3.186645269393921
1990-10-10,3.1741979122161865
1990-10-11,3.186645269393921
1990-10-12,3.2737815380096436
1990-10-15,3.3609158992767334
1990-10-16,3.34846830368042
1990-10-17,3.34846830368042
1990-10-18,3.323572874069214
1990-10-19,3.34846830368042
1990-10-22,3.34846830368042
1990-10-23,3.2613329887390137
1990-10-24,3.2737815380096436
1990-10-25,3.2488853931427
1990-10-26,3.2239885330200195
1990-10-29,3.211542844772339
1990-10-30,3.2613329887390137
1990-10-31,3.2488853931427
1990-11-01,3.323572874069214
1990-11-02,3.336019277572632
1990-11-05,3.2986772060394287
1990-11-06,3.2862281799316406
1990-11-07,3.2488853931427
1990-11-08,3.111959218978882
1990-11-09,3.199093818664551
1990-11-12,3.2488853931427
1990-11-13,3.211542844772339
1990-11-14,3.211542844772339
1990-11-15,3.1493005752563477
1990-11-16,3.1741979122161865
1990-11-19,3.1741979122161865
1990-11-20,3.1617510318756104
1990-11-21,3.1741979122161865
1990-11-23,3.186645269393921
1990-11-26,3.186645269393921
1990-11-27,3.211542844772339
1990-11-28,3.2737815380096436
1990-11-29,3.2488853931427
1990-11-30,3.2986772060394287
1990-12-03,3.311124324798584
1990-12-04,3.336019277572632
1990-12-05,3.373364210128784
1990-12-06,3.373364210128784
1990-12-07,3.3982582092285156
1990-12-10,3.435600757598877
1990-12-11,3.3982582092285156
1990-12-12,3.435600757598877
1990-12-13,3.4480533599853516
1990-12-14,3.4604971408843994
1990-12-17,3.4604971408843994
1990-12-18,3.4729464054107666
1990-12-19,3.5227365493774414
1990-12-20,3.497842311859131
1990-12-21,3.497842311859131
1990-12-24,3.5102906227111816
1990-12-26,3.4677646160125732
1990-12-27,3.429797649383545
1990-12-28,3.455108642578125
1990-12-31,3.442453622817993
1991-01-02,3.3918302059173584
1991-01-03,3.3918302059173584
1991-01-04,3.3918302059173584
1991-01-07,3.3412039279937744
1991-01-08,3.3791730403900146
1991-01-09,3.3032360076904297
1991-01-10,3.3285491466522217
1991-01-11,3.2905800342559814
1991-01-14,3.2399537563323975
1991-01-15,3.2652688026428223
1991-01-16,3.2652688026428223
1991-01-17,3.3285491466522217
1991-01-18,3.3412039279937744
1991-01-21,3.3412039279937744
1991-01-22,3.36651611328125
1991-01-23,3.3791730403900146
1991-01-24,3.4044840335845947
1991-01-25,3.3538618087768555
1991-01-28,3.3412039279937744
1991-01-29,3.315892219543457
1991-01-30,3.3412039279937744
1991-01-31,3.3791730403900146
1991-02-01,3.36651611328125
1991-02-04,3.3538618087768555
1991-02-05,3.3412039279937744
1991-02-06,3.4044840335845947
1991-02-07,3.429797649383545
1991-02-08,3.455108642578125
1991-02-11,3.493077516555786
1991-02-12,3.505734443664551
1991-02-13,3.505734443664551
1991-02-14,3.493077516555786
1991-02-15,3.505734443664551
1991-02-19,3.480421543121338
1991-02-20,3.480421543121338
1991-02-21,3.4677646160125732
1991-02-22,3.455108642578125
1991-02-25,3.4677646160125732
1991-02-26,3.4677646160125732
1991-02-27,3.4677646160125732
1991-02-28,3.455108642578125
1991-03-01,3.4677646160125732
1991-03-04,3.4677646160125732
1991-03-05,3.493077516555786
1991-03-06,3.455108642578125
1991-03-07,3.4677646160125732
1991-03-08,3.3918302059173584
1991-03-11,3.429797649383545
1991-03-12,3.442453622817993
1991-03-13,3.455108642578125
1991-03-14,3.480421543121338
1991-03-15,3.4677646160125732
1991-03-18,3.4677646160125732
1991-03-19,3.505734443664551
1991-03-20,3.493077516555786
1991-03-21,3.543701648712158
1991-03-22,3.581670045852661
1991-03-25,3.632293939590454
1991-03-26,3.6449499130249023
1991-03-27,3.6069843769073486
1991-03-28,3.5943262577056885
1991-04-01,3.543701648712158
1991-04-02,3.5390686988830566
1991-04-03,3.526198625564575
1991-04-04,3.526198625564575
1991-04-05,3.5133309364318848
1991-04-08,3.5133309364318848
1991-04-09,3.5004613399505615
1991-04-10,3.5004613399505615
1991-04-11,3.551936626434326
1991-04-12,3.551936626434326
1991-04-15,3.5390686988830566
1991-04-16,3.526198625564575
1991-04-17,3.551936626434326
1991-04-18,3.526198625564575
1991-04-19,3.5004613399505615
1991-04-22,3.4875919818878174
1991-04-23,3.4361140727996826
1991-04-24,3.461853504180908
1991-04-25,3.4489827156066895
1991-04-26,3.4489827156066895
1991-04-29,3.4361140727996826
1991-04-30,3.4489827156066895
1991-05-01,3.5133309364318848
1991-05-02,3.526198625564575
1991-05-03,3.5390686988830566
1991-05-06,3.526198625564575
1991-05-07,3.5133309364318848
1991-05-08,3.526198625564575
1991-05-09,3.526198625564575
1991-05-10,3.474721908569336
1991-05-13,3.474721908569336
1991-05-14,3.4232444763183594
1991-05-15,3.4361140727996826
1991-05-16,3.4361140727996826
1991-05-17,3.461853504180908
1991-05-20,3.5004613399505615
1991-05-21,3.5004613399505615
1991-05-22,3.474721908569336
1991-05-23,3.4361140727996826
1991-05-24,3.4361140727996826
1991-05-28,3.461853504180908
1991-05-29,3.461853504180908
1991-05-30,3.5004613399505615
1991-05-31,3.5004613399505615
1991-06-03,3.526198625564575
1991-06-04,3.4875919818878174
1991-06-05,3.461853504180908
1991-06-06,3.4489827156066895
1991-06-07,3.4232444763183594
1991-06-10,3.4489827156066895
1991-06-11,3.461853504180908
1991-06-12,3.474721908569336
1991-06-13,3.474721908569336
1991-06-14,3.5004613399505615
1991-06-17,3.5390686988830566
1991-06-18,3.4875919818878174
1991-06-19,3.461853504180908
1991-06-20,3.5004613399505615
1991-06-21,3.5133309364318848
1991-06-24,3.474721908569336
1991-06-25,3.526198625564575
1991-06-26,3.5390686988830566
1991-06-27,3.590545415878296
1991-06-28,3.5648093223571777
1991-07-01,3.5776760578155518
1991-07-02,3.629154920578003
1991-07-03,3.5776760578155518
1991-07-05,3.6017754077911377
1991-07-08,3.6017754077911377
1991-07-09,3.5362894535064697
1991-07-10,3.575580596923828
1991-07-11,3.575580596923828
1991-07-12,3.641066789627075
1991-07-15,3.6541643142700195
1991-07-16,3.667262077331543
1991-07-17,3.6803596019744873
1991-07-18,3.6803596019744873
1991-07-19,3.6803596019744873
1991-07-22,3.6934566497802734
1991-07-23,3.6934566497802734
1991-07-24,3.667262077331543
1991-07-25,3.667262077331543
1991-07-26,3.667262077331543
1991-07-29,3.7065541744232178
1991-07-30,3.7589428424835205
1991-07-31,3.7589428424835205
1991-08-01,3.7720389366149902
1991-08-02,3.745847702026367
1991-08-05,3.7720389366149902
1991-08-06,3.8244307041168213
1991-08-07,3.850623846054077
1991-08-08,3.8637232780456543
1991-08-09,3.8637232780456543
1991-08-12,3.8637232780456543
1991-08-13,3.876819133758545
1991-08-14,3.8637232780456543
1991-08-15,3.8899199962615967
1991-08-16,3.837528705596924
1991-08-19,3.7982349395751953
1991-08-20,3.837528705596924
1991-08-21,3.929210662841797
1991-08-22,3.929210662841797
1991-08-23,3.9161128997802734
1991-08-26,3.9161128997802734
1991-08-27,3.9030120372772217
1991-08-28,3.955404281616211
1991-08-29,3.9423046112060547
1991-08-30,3.955404281616211
1991-09-03,3.955404281616211
1991-09-04,3.955404281616211
1991-09-05,3.9423046112060547
1991-09-06,3.955404281616211
1991-09-09,3.9423046112060547
1991-09-10,3.929210662841797
1991-09-11,3.929210662841797
1991-09-12,3.955404281616211
1991-09-13,3.929210662841797
1991-09-16,3.9946978092193604
1991-09-17,3.9815995693206787
1991-09-18,3.9815995693206787
1991-09-19,3.9946978092193604
1991-09-20,4.0208892822265625
1991-09-23,4.033986568450928
1991-09-24,4.047086715698242
1991-09-25,4.071568965911865
1991-09-26,4.124792575836182
1991-09-27,4.164707660675049
1991-09-30,4.19132137298584
1991-10-01,4.204626083374023
1991-10-02,4.231238842010498
1991-10-03,4.231238842010498
1991-10-04,4.231238842010498
1991-10-07,4.204626083374023
1991-10-08,4.178013801574707
1991-10-09,4.138097286224365
1991-10-10,4.151401519775391
1991-10-11,4.178013801574707
1991-10-14,4.204626083374023
1991-10-15,4.244544506072998
1991-10-16,4.217931270599365
1991-10-17,4.217931270599365
1991-10-18,4.217931270599365
1991-10-21,4.178013801574707
1991-10-22,4.138097286224365
1991-10-23,4.217931270599365
1991-10-24,4.19132137298584
1991-10-25,4.19132137298584
1991-10-28,4.231238842010498
1991-10-29,4.257850170135498
1991-10-30,4.244544506072998
1991-10-31,4.231238842010498
1991-11-01,4.271157741546631
1991-11-04,4.257850170135498
1991-11-05,4.2844624519348145
1991-11-06,4.311071872711182
1991-11-07,4.350989818572998
1991-11-08,4.324380397796631
1991-11-11,4.350989818572998
1991-11-12,4.404211521148682
1991-11-13,4.417522430419922
1991-11-14,4.43082332611084
1991-11-15,4.404211521148682
1991-11-18,4.404211521148682
1991-11-19,4.390906810760498
1991-11-20,4.364296913146973
1991-11-21,4.377601146697998
1991-11-22,4.311071872711182
1991-11-25,4.350989818572998
1991-11-26,4.364296913146973
1991-11-27,4.390906810760498
1991-11-29,4.364296913146973
1991-12-02,4.417522430419922
1991-12-03,4.457437515258789
1991-12-04,4.457437515258789
1991-12-05,4.43082332611084
1991-12-06,4.550577163696289
1991-12-09,4.510656356811523
1991-12-10,4.523964881896973
1991-12-11,4.550577163696289
1991-12-12,4.577186584472656
1991-12-13,4.577186584472656
1991-12-16,4.577186584472656
1991-12-17,4.563882827758789
1991-12-18,4.577186584472656
1991-12-19,4.577186584472656
1991-12-20,4.617105960845947
1991-12-23,4.6570210456848145
1991-12-24,4.670327663421631
1991-12-26,4.668169021606445
1991-12-27,4.6276960372924805
1991-12-30,4.6276960372924805
1991-12-31,4.64118766784668
1992-01-02,4.614202499389648
1992-01-03,4.614202499389648
1992-01-06,4.58721923828125
1992-01-07,4.58721923828125
1992-01-08,4.560234069824219
1992-01-09,4.5062689781188965
1992-01-10,4.411825656890869
1992-01-13,4.371349811553955
1992-01-14,4.398334980010986
1992-01-15,4.398334980010986
1992-01-16,4.330874443054199
1992-01-17,4.290400981903076
1992-01-20,4.3443684577941895
1992-01-21,4.371349811553955
1992-01-22,4.479284763336182
1992-01-23,4.438807010650635
1992-01-24,4.425319194793701
1992-01-27,4.452298641204834
1992-01-28,4.452298641204834
1992-01-29,4.452298641204834
1992-01-30,4.438807010650635
1992-01-31,4.398334980010986
1992-02-03,4.425319194793701
1992-02-04,4.425319194793701
1992-02-05,4.411825656890869
1992-02-06,4.425319194793701
1992-02-07,4.3443684577941895
1992-02-10,4.398334980010986
1992-02-11,4.398334980010986
1992-02-12,4.425319194793701
1992-02-13,4.425319194793701
1992-02-14,4.425319194793701
1992-02-18,4.357858657836914
1992-02-19,4.330874443054199
1992-02-20,4.357858657836914
1992-02-21,4.330874443054199
1992-02-24,4.357858657836914
1992-02-25,4.3443684577941895
1992-02-26,4.411825656890869
1992-02-27,4.398334980010986
1992-02-28,4.384843826293945
1992-03-02,4.398334980010986
1992-03-03,4.411825656890869
1992-03-04,4.411825656890869
1992-03-05,4.384843826293945
1992-03-06,4.3443684577941895
1992-03-09,4.398334980010986
1992-03-10,4.384843826293945
1992-03-11,4.3443684577941895
1992-03-12,4.330874443054199
1992-03-13,4.3443684577941895
1992-03-16,4.357858657836914
1992-03-17,4.3443684577941895
1992-03-18,4.3443684577941895
1992-03-19,4.3443684577941895
1992-03-20,4.317385673522949
1992-03-23,4.303892612457275
1992-03-24,4.276905536651611
1992-03-25,4.249924659729004
1992-03-26,4.249924659729004
1992-03-27,4.249924659729004
1992-03-30,4.249924659729004
1992-03-31,4.236433506011963
1992-04-01,4.236433506011963
1992-04-02,4.234238624572754
1992-04-03,4.234238624572754
1992-04-06,4.261646270751953
1992-04-07,4.261646270751953
1992-04-08,4.234238624572754
1992-04-09,4.2890520095825195
1992-04-10,4.33016300201416
1992-04-13,4.357568264007568
1992-04-14,4.357568264007568
1992-04-15,4.412378787994385
1992-04-16,4.439785480499268
1992-04-20,4.412378787994385
1992-04-21,4.426081657409668
1992-04-22,4.3712687492370605
1992-04-23,4.357568264007568
1992-04-24,4.33016300201416
1992-04-27,4.343863487243652
1992-04-28,4.357568264007568
1992-04-29,4.38497257232666
1992-04-30,4.453488349914551
1992-05-01,4.412378787994385
1992-05-04,4.426081657409668
1992-05-05,4.467191696166992
1992-05-06,4.467191696166992
1992-05-07,4.453488349914551
1992-05-08,4.467191696166992
1992-05-11,4.480893611907959
1992-05-12,4.467191696166992
1992-05-13,4.508303642272949
1992-05-14,4.522004127502441
1992-05-15,4.480893611907959
1992-05-18,4.480893611907959
1992-05-19,4.453488349914551
1992-05-20,4.467191696166992
1992-05-21,4.453488349914551
1992-05-22,4.453488349914551
1992-05-26,4.439785480499268
1992-05-27,4.480893611907959
1992-05-28,4.480893611907959
1992-05-29,4.480893611907959
1992-06-01,4.453488349914551
1992-06-02,4.439785480499268
1992-06-03,4.453488349914551
1992-06-04,4.426081657409668
1992-06-05,4.426081657409668
1992-06-08,4.439785480499268
1992-06-09,4.439785480499268
1992-06-10,4.453488349914551
1992-06-11,4.453488349914551
1992-06-12,4.467191696166992
1992-06-15,4.494598388671875
1992-06-16,4.508303642272949
1992-06-17,4.467191696166992
1992-06-18,4.508303642272949
1992-06-19,4.549410343170166
1992-06-22,4.549410343170166
1992-06-23,4.590517520904541
1992-06-24,4.590517520904541
1992-06-25,4.590517520904541
1992-06-26,4.590517520904541
1992-06-29,4.549410343170166
1992-06-30,4.549410343170166
1992-07-01,4.549410343170166
1992-07-02,4.57779598236084
1992-07-06,4.605623722076416
1992-07-07,4.675196647644043
1992-07-08,4.703022003173828
1992-07-09,4.703022003173828
1992-07-10,4.703022003173828
1992-07-13,4.703022003173828
1992-07-14,4.7308526039123535
1992-07-15,4.758678436279297
1992-07-16,4.786509990692139
1992-07-17,4.758678436279297
1992-07-20,4.744765281677246
1992-07-21,4.7308526039123535
1992-07-22,4.744765281677246
1992-07-23,4.758678436279297
1992-07-24,4.758678436279297
1992-07-27,4.758678436279297
1992-07-28,4.828252792358398
1992-07-29,4.883908748626709
1992-07-30,4.883908748626709
1992-07-31,4.869993686676025
1992-08-03,4.842166423797607
1992-08-04,4.856080532073975
1992-08-05,4.842166423797607
1992-08-06,4.828252792358398
1992-08-07,4.842166423797607
1992-08-10,4.842166423797607
1992-08-11,4.842166423797607
1992-08-12,4.800421237945557
1992-08-13,4.869993686676025
1992-08-14,4.883908748626709
1992-08-17,4.897823810577393
1992-08-18,4.883908748626709
1992-08-19,4.856080532073975
1992-08-20,4.869993686676025
1992-08-21,4.869993686676025
1992-08-24,4.842166423797607
1992-08-25,4.856080532073975
1992-08-26,4.842166423797607
1992-08-27,4.856080532073975
1992-08-28,4.842166423797607
1992-08-31,4.842166423797607
1992-09-01,4.842166423797607
1992-09-02,4.81433629989624
1992-09-03,4.81433629989624
1992-09-04,4.842166423797607
1992-09-08,4.869993686676025
1992-09-09,4.897823810577393
1992-09-10,4.9256486892700195
1992-09-11,4.911735534667969
1992-09-14,4.9256486892700195
1992-09-15,4.911735534667969
1992-09-16,4.883908748626709
1992-09-17,4.842166423797607
1992-09-18,4.856080532073975
1992-09-21,4.828252792358398
1992-09-22,4.800421237945557
1992-09-23,4.800421237945557
1992-09-24,4.81433629989624
1992-09-25,4.786663055419922
1992-09-28,4.814902305603027
1992-09-29,4.829020023345947
1992-09-30,4.857263088226318
1992-10-01,4.857263088226318
1992-10-02,4.857263088226318
1992-10-05,4.843140125274658
1992-10-06,4.772541046142578
1992-10-07,4.786663055419922
1992-10-08,4.814902305603027
1992-10-09,4.772541046142578
1992-10-12,4.772541046142578
1992-10-13,4.772541046142578
1992-10-14,4.772541046142578
1992-10-15,4.772541046142578
1992-10-16,4.800782203674316
1992-10-19,4.814902305603027
1992-10-20,4.800782203674316
1992-10-21,4.800782203674316
1992-10-22,4.786663055419922
1992-10-23,4.772541046142578
1992-10-26,4.758420467376709
1992-10-27,4.7443037033081055
1992-10-28,4.772541046142578
1992-10-29,4.814902305603027
1992-10-30,4.800782203674316
1992-11-02,4.829020023345947
1992-11-03,4.772541046142578
1992-11-04,4.814902305603027
1992-11-05,4.800782203674316
1992-11-06,4.772541046142578
1992-11-09,4.758420467376709
1992-11-10,4.716062545776367
1992-11-11,4.730180263519287
1992-11-12,4.758420467376709
1992-11-13,4.758420467376709
1992-11-16,4.758420467376709
1992-11-17,4.758420467376709
1992-11-18,4.814902305603027
1992-11-19,4.843140125274658
1992-11-20,4.885501861572266
1992-11-23,4.885501861572266
1992-11-24,4.885501861572266
1992-11-25,4.885501861572266
1992-11-27,4.885501861572266
1992-11-30,4.899621486663818
1992-12-01,4.899621486663818
1992-12-02,4.885501861572266
1992-12-03,4.857263088226318
1992-12-04,4.857263088226318
1992-12-07,4.871379852294922
1992-12-08,4.871379852294922
1992-12-09,4.9137420654296875
1992-12-10,4.857263088226318
1992-12-11,4.885501861572266
1992-12-14,4.871379852294922
1992-12-15,4.927862167358398
1992-12-16,4.941980838775635
1992-12-17,4.970221519470215
1992-12-18,5.026700973510742
1992-12-21,5.026700973510742
1992-12-22,5.097300052642822
1992-12-23,5.054940223693848
1992-12-24,5.026700973510742
1992-12-28,4.969983100891113
1992-12-29,4.969983100891113
1992-12-30,4.969983100891113
1992-12-31,4.955661773681641
1993-01-04,4.969983100891113
1993-01-05,4.9413371086120605
1993-01-06,4.9413371086120605
1993-01-07,4.869724273681641
1993-01-08,4.869724273681641
1993-01-11,4.927014350891113
1993-01-12,4.9413371086120605
1993-01-13,4.955661773681641
1993-01-14,4.984306812286377
1993-01-15,5.012951374053955
1993-01-18,5.0272722244262695
1993-01-19,5.0272722244262695
1993-01-20,5.012951374053955
1993-01-21,5.0272722244262695
1993-01-22,5.012951374053955
1993-01-25,5.012951374053955
1993-01-26,4.984306812286377
1993-01-27,4.984306812286377
1993-01-28,5.0272722244262695
1993-01-29,5.041595935821533
1993-02-01,5.084568500518799
1993-02-02,5.055917739868164
1993-02-03,5.127532958984375
1993-02-04,5.2277936935424805
1993-02-05,5.170500755310059
1993-02-08,5.170500755310059
1993-02-09,5.1418561935424805
1993-02-10,5.170500755310059
1993-02-11,5.199149131774902
1993-02-12,5.2277936935424805
1993-02-16,5.213468551635742
1993-02-17,5.213468551635742
1993-02-18,5.184825420379639
1993-02-19,5.256437301635742
1993-02-22,5.342373371124268
1993-02-23,5.35669469833374
1993-02-24,5.3710198402404785
1993-02-25,5.3710198402404785
1993-02-26,5.35669469833374
1993-03-01,5.35669469833374
1993-03-02,5.3710198402404785
1993-03-03,5.385343551635742
1993-03-04,5.3710198402404785
1993-03-05,5.32805061340332
1993-03-08,5.342373371124268
1993-03-09,5.32805061340332
1993-03-10,5.35669469833374
1993-03-11,5.3710198402404785
1993-03-12,5.35669469833374
1993-03-15,5.285080432891846
1993-03-16,5.299403667449951
1993-03-17,5.299403667449951
1993-03-18,5.32805061340332
1993-03-19,5.32805061340332
1993-03-22,5.299403667449951
1993-03-23,5.32805061340332
1993-03-24,5.342373371124268
1993-03-25,5.3710198402404785
1993-03-26,5.342373371124268
1993-03-29,5.35669469833374
1993-03-30,5.35669469833374
1993-03-31,5.342373371124268
1993-04-01,5.32805061340332
1993-04-02,5.270555019378662
1993-04-05,5.241513729095459
1993-04-06,5.28507137298584
1993-04-07,5.28507137298584
1993-04-08,5.28507137298584
1993-04-12,5.328631401062012
1993-04-13,5.343153476715088
1993-04-14,5.372189998626709
1993-04-15,5.386709213256836
1993-04-16,5.430264472961426
1993-04-19,5.401228904724121
1993-04-20,5.328631401062012
1993-04-21,5.328631401062012
1993-04-22,5.299593925476074
1993-04-23,5.2560343742370605
1993-04-26,5.2560343742370605
1993-04-27,5.270555019378662
1993-04-28,5.270555019378662
1993-04-29,5.270555019378662
1993-04-30,5.270555019378662
1993-05-03,5.28507137298584
1993-05-04,5.343153476715088
1993-05-05,5.343153476715088
1993-05-06,5.328631401062012
1993-05-07,5.343153476715088
1993-05-10,5.328631401062012
1993-05-11,5.314112663269043
1993-05-12,5.299593925476074
1993-05-13,5.2124762535095215
1993-05-14,5.139880180358887
1993-05-17,5.038246154785156
1993-05-18,4.994686126708984
1993-05-19,5.023724555969238
1993-05-20,5.067283630371094
1993-05-21,5.081804275512695
1993-05-24,5.081804275512695
1993-05-25,5.0963215827941895
1993-05-26,5.139880180358887
1993-05-27,5.125357627868652
1993-05-28,5.125357627868652
1993-06-01,5.2124762535095215
1993-06-02,5.241513729095459
1993-06-03,5.241513729095459
1993-06-04,5.2124762535095215
1993-06-07,5.226996898651123
1993-06-08,5.2124762535095215
1993-06-09,5.2124762535095215
1993-06-10,5.1979570388793945
1993-06-11,5.241513729095459
1993-06-14,5.2124762535095215
1993-06-15,5.1979570388793945
1993-06-16,5.2124762535095215
1993-06-17,5.28507137298584
1993-06-18,5.241513729095459
1993-06-21,5.183438777923584
1993-06-22,5.168920516967773
1993-06-23,5.2124762535095215
1993-06-24,5.28507137298584
1993-06-25,5.299593925476074
1993-06-28,5.343153476715088
1993-06-29,5.343153476715088
1993-06-30,5.328631401062012
1993-07-01,5.3751678466796875
1993-07-02,5.33098840713501
1993-07-06,5.316260814666748
1993-07-07,5.33098840713501
1993-07-08,5.404621124267578
1993-07-09,5.389894485473633
1993-07-12,5.345714092254639
1993-07-13,5.33098840713501
1993-07-14,5.33098840713501
1993-07-15,5.316260814666748
1993-07-16,5.286809921264648
1993-07-19,5.316260814666748
1993-07-20,5.316260814666748
1993-07-21,5.316260814666748
1993-07-22,5.33098840713501
1993-07-23,5.345714092254639
1993-07-26,5.345714092254639
1993-07-27,5.345714092254639
1993-07-28,5.33098840713501
1993-07-29,5.3751678466796875
1993-07-30,5.404621124267578
1993-08-02,5.404621124267578
1993-08-03,5.389894485473633
1993-08-04,5.389894485473633
1993-08-05,5.404621124267578
1993-08-06,5.389894485473633
1993-08-09,5.404621124267578
1993-08-10,5.419348239898682
1993-08-11,5.419348239898682
1993-08-12,5.419348239898682
1993-08-13,5.419348239898682
1993-08-16,5.434072971343994
1993-08-17,5.419348239898682
1993-08-18,5.419348239898682
1993-08-19,5.389894485473633
1993-08-20,5.360440254211426
1993-08-23,5.360440254211426
1993-08-24,5.419348239898682
1993-08-25,5.463528156280518
1993-08-26,5.537159442901611
1993-08-27,5.507704257965088
1993-08-30,5.522430896759033
1993-08-31,5.566609859466553
1993-09-01,5.522430896759033
1993-09-02,5.551886558532715
1993-09-03,5.551886558532715
1993-09-07,5.551886558532715
1993-09-08,5.551886558532715
1993-09-09,5.522430896759033
1993-09-10,5.581336975097656
1993-09-13,5.610790729522705
1993-09-14,5.581336975097656
1993-09-15,5.596065521240234
1993-09-16,5.596065521240234
1993-09-17,5.640244483947754
1993-09-20,5.625518321990967
1993-09-21,5.596065521240234
1993-09-22,5.566609859466553
1993-09-23,5.537159442901611
1993-09-24,5.551886558532715
1993-09-27,5.5692057609558105
1993-09-28,5.584132194519043
1993-09-29,5.554272651672363
1993-09-30,5.539344310760498
1993-10-01,5.524413108825684
1993-10-04,5.5094828605651855
1993-10-05,5.494545936584473
1993-10-06,5.449759483337402
1993-10-07,5.449759483337402
1993-10-08,5.449759483337402
1993-10-11,5.434828281402588
1993-10-12,5.404966354370117
1993-10-13,5.375105381011963
1993-10-14,5.404966354370117
1993-10-15,5.494545936584473
1993-10-18,5.464689254760742
1993-10-19,5.464689254760742
1993-10-20,5.464689254760742
1993-10-21,5.434828281402588
1993-10-22,5.375105381011963
1993-10-25,5.375105381011963
1993-10-26,5.330311298370361
1993-10-27,5.315380096435547
1993-10-28,5.315380096435547
1993-10-29,5.300453186035156
1993-11-01,5.300453186035156
1993-11-02,5.225796222686768
1993-11-03,5.016765117645264
1993-11-04,4.912250518798828
1993-11-05,4.927178382873535
1993-11-08,4.912250518798828
1993-11-09,4.927178382873535
1993-11-10,5.016765117645264
1993-11-11,4.986902236938477
1993-11-12,5.03169584274292
1993-11-15,5.001832962036133
1993-11-16,5.046627044677734
1993-11-17,4.971971035003662
1993-11-18,4.94210958480835
1993-11-19,4.912250518798828
1993-11-22,4.94210958480835
1993-11-23,5.03169584274292
1993-11-24,5.046627044677734
1993-11-26,5.0914201736450195
1993-11-29,5.106347560882568
1993-11-30,5.046627044677734
1993-12-01,5.001832962036133
1993-12-02,5.001832962036133
1993-12-03,5.03169584274292
1993-12-06,5.076488018035889
1993-12-07,5.136209487915039
1993-12-08,5.136209487915039
1993-12-09,5.1511430740356445
1993-12-10,5.136209487915039
1993-12-13,5.136209487915039
1993-12-14,5.1511430740356445
1993-12-15,5.136209487915039
1993-12-16,5.181000709533691
1993-12-17,5.2108659744262695
1993-12-20,5.225796222686768
1993-12-21,5.225796222686768
1993-12-22,5.2556586265563965
1993-12-23,5.2556586265563965
1993-12-27,5.285518646240234
1993-12-28,5.330311298370361
1993-12-29,5.302438259124756
1993-12-30,5.287285804748535
1993-12-31,5.226685523986816
1994-01-03,5.226685523986816
1994-01-04,5.196386337280273
1994-01-05,5.211537837982178
1994-01-06,5.1812357902526855
1994-01-07,5.1812357902526855
1994-01-10,5.226685523986816
1994-01-11,5.135788440704346
1994-01-12,5.1812357902526855
1994-01-13,5.105489730834961
1994-01-14,5.166086673736572
1994-01-17,5.120636940002441
1994-01-18,5.090340614318848
1994-01-19,5.105489730834961
1994-01-20,5.135788440704346
1994-01-21,5.150937557220459
1994-01-24,5.105489730834961
1994-01-25,5.060040473937988
1994-01-26,5.166086673736572
1994-01-27,5.317585468292236
1994-01-28,5.256986618041992
1994-01-31,5.287285804748535
1994-02-01,5.226685523986816
1994-02-02,5.272138595581055
1994-02-03,5.287285804748535
1994-02-04,5.1812357902526855
1994-02-07,5.135788440704346
1994-02-08,5.105489730834961
1994-02-09,5.135788440704346
1994-02-10,5.044889450073242
1994-02-11,5.060040473937988
1994-02-14,5.029739856719971
1994-02-15,5.07519006729126
1994-02-16,5.029739856719971
1994-02-17,5.029739856719971
1994-02-18,4.938840866088867
1994-02-22,5.014591217041016
1994-02-23,4.984290599822998
1994-02-24,4.893391132354736
1994-02-25,4.938840866088867
1994-02-28,4.999439716339111
1994-03-01,4.984290599822998
1994-03-02,4.999439716339111
1994-03-03,5.029739856719971
1994-03-04,5.090340614318848
1994-03-07,5.150937557220459
1994-03-08,5.1812357902526855
1994-03-09,5.1812357902526855
1994-03-10,5.166086673736572
1994-03-11,5.211537837982178
1994-03-14,5.2418389320373535
1994-03-15,5.256986618041992
1994-03-16,5.211537837982178
1994-03-17,5.1812357902526855
1994-03-18,5.196386337280273
1994-03-21,5.1812357902526855
1994-03-22,5.211537837982178
1994-03-23,5.166086673736572
1994-03-24,5.090340614318848
1994-03-25,5.060040473937988
1994-03-28,5.120636940002441
1994-03-29,5.07519006729126
1994-03-30,5.029739856719971
1994-03-31,4.9539923667907715
1994-04-04,4.879487991333008
1994-04-05,4.9718451499938965
1994-04-06,4.956456184387207
1994-04-07,4.987240314483643
1994-04-08,5.002631187438965
1994-04-11,5.018024444580078
1994-04-12,4.987240314483643
1994-04-13,4.987240314483643
1994-04-14,5.033417224884033
1994-04-15,5.094989776611328
1994-04-18,5.033417224884033
1994-04-19,5.04880952835083
1994-04-20,5.187344074249268
1994-04-21,5.356664657592773
1994-04-22,5.2181291580200195
1994-04-25,5.295094013214111
1994-04-26,5.156558990478516
1994-04-28,5.064204216003418
1994-04-29,5.171949863433838
1994-05-02,5.125772476196289
1994-05-03,5.094989776611328
1994-05-04,5.125772476196289
1994-05-05,5.141167640686035
1994-05-06,5.094989776611328
1994-05-09,5.033417224884033
1994-05-10,4.956456184387207
1994-05-11,4.787132263183594
1994-05-12,4.894883155822754
1994-05-13,4.894883155822754
1994-05-16,4.864096164703369
1994-05-17,4.941059112548828
1994-05-18,4.987240314483643
1994-05-19,5.002631187438965
1994-05-20,5.002631187438965
1994-05-23,4.956456184387207
1994-05-24,4.987240314483643
1994-05-25,5.033417224884033
1994-05-26,5.094989776611328
1994-05-27,5.064204216003418
1994-05-31,5.033417224884033
1994-06-01,5.033417224884033
1994-06-02,5.018024444580078
1994-06-03,5.04880952835083
1994-06-06,5.125772476196289
1994-06-07,5.156558990478516
1994-06-08,5.20273494720459
1994-06-09,5.187344074249268
1994-06-10,5.171949863433838
1994-06-13,5.171949863433838
1994-06-14,5.171949863433838
1994-06-15,5.141167640686035
1994-06-16,5.141167640686035
1994-06-17,5.064204216003418
1994-06-20,5.033417224884033
1994-06-21,5.018024444580078
1994-06-22,5.064204216003418
1994-06-23,5.079596519470215
1994-06-24,5.064204216003418
1994-06-27,4.9718451499938965
1994-06-28,5.018024444580078
1994-06-29,5.033417224884033
1994-06-30,5.04880952835083
1994-07-01,5.115768909454346
1994-07-05,5.115768909454346
1994-07-06,5.100123405456543
1994-07-07,5.115768909454346
1994-07-08,5.162700653076172
1994-07-11,5.115768909454346
1994-07-12,5.147058486938477
1994-07-13,5.209635257720947
1994-07-14,5.256568908691406
1994-07-15,5.272214412689209
1994-07-18,5.28785514831543
1994-07-19,5.303501605987549
1994-07-20,5.256568908691406
1994-07-21,5.225279808044434
1994-07-22,5.303501605987549
1994-07-25,5.272214412689209
1994-07-26,5.28785514831543
1994-07-27,5.319146633148193
1994-07-28,5.256568908691406
1994-07-29,5.350433349609375
1994-08-01,5.444304943084717
1994-08-02,5.475594520568848
1994-08-03,5.4599480628967285
1994-08-04,5.397370338439941
1994-08-05,5.366077899932861
1994-08-08,5.350433349609375
1994-08-09,5.381726264953613
1994-08-10,5.350433349609375
1994-08-11,5.303501605987549
1994-08-12,5.303501605987549
1994-08-15,5.272214412689209
1994-08-16,5.366077899932861
1994-08-17,5.366077899932861
1994-08-18,5.272214412689209
1994-08-19,5.33479118347168
1994-08-22,5.256568908691406
1994-08-23,5.272214412689209
1994-08-24,5.319146633148193
1994-08-25,5.28785514831543
1994-08-26,5.381726264953613
1994-08-29,5.33479118347168
1994-08-30,5.4130167961120605
1994-08-31,5.4130167961120605
1994-09-01,5.366077899932861
1994-09-02,5.319146633148193
1994-09-06,5.28785514831543
1994-09-07,5.28785514831543
1994-09-08,5.319146633148193
1994-09-09,5.256568908691406
1994-09-12,5.162700653076172
1994-09-13,5.178348064422607
1994-09-14,5.178348064422607
1994-09-15,5.240923881530762
1994-09-16,5.209635257720947
1994-09-19,5.225279808044434
1994-09-20,5.178348064422607
1994-09-21,5.209635257720947
1994-09-22,5.240923881530762
1994-09-23,5.272214412689209
1994-09-26,5.319146633148193
1994-09-27,5.323596477508545
1994-09-28,5.33949089050293
1994-09-29,5.323596477508545
1994-09-30,5.371269702911377
1994-10-03,5.355380058288574
1994-10-04,5.355380058288574
1994-10-05,5.371269702911377
1994-10-06,5.371269702911377
1994-10-07,5.33949089050293
1994-10-10,5.355380058288574
1994-10-11,5.4348368644714355
1994-10-12,5.418946266174316
1994-10-13,5.4348368644714355
1994-10-14,5.482509613037109
1994-10-17,5.514290809631348
1994-10-18,5.514290809631348
1994-10-19,5.561966896057129
1994-10-20,5.64142370223999
1994-10-21,5.609639644622803
1994-10-24,5.593749523162842
1994-10-25,5.561966896057129
1994-10-26,5.561966896057129
1994-10-27,5.593749523162842
1994-10-28,5.673206806182861
1994-10-31,5.64142370223999
1994-11-01,5.609639644622803
1994-11-02,5.593749523162842
1994-11-03,5.609639644622803
1994-11-04,5.546074867248535
1994-11-07,5.625533103942871
1994-11-08,5.657313346862793
1994-11-09,5.609639644622803
1994-11-10,5.577855587005615
1994-11-11,5.577855587005615
1994-11-14,5.609639644622803
1994-11-15,5.593749523162842
1994-11-16,5.64142370223999
1994-11-17,5.577855587005615
1994-11-18,5.609639644622803
1994-11-21,5.657313346862793
1994-11-22,5.609639644622803
1994-11-23,5.720881938934326
1994-11-25,5.704990386962891
1994-11-28,5.816227436065674
1994-11-29,5.7367682456970215
1994-11-30,5.7367682456970215
1994-12-01,5.673206806182861
1994-12-02,5.768553256988525
1994-12-05,5.784445285797119
1994-12-06,5.879793167114258
1994-12-07,5.848012447357178
1994-12-08,5.800337314605713
1994-12-09,5.816227436065674
1994-12-12,5.848012447357178
1994-12-13,5.959249973297119
1994-12-14,5.927468299865723
1994-12-15,5.816227436065674
1994-12-16,5.816227436065674
1994-12-19,5.816227436065674
1994-12-20,5.800337314605713
1994-12-21,5.832119941711426
1994-12-22,5.768553256988525
1994-12-23,5.7367682456970215
1994-12-27,5.768553256988525
1994-12-28,5.7367682456970215
1994-12-29,5.720881938934326
1994-12-30,5.677011966705322
1995-01-03,5.709268569946289
1995-01-04,5.725395202636719
1995-01-05,5.741523265838623
1995-01-06,5.725395202636719
1995-01-09,5.741523265838623
1995-01-10,5.7576518058776855
1995-01-11,5.741523265838623
1995-01-12,5.725395202636719
1995-01-13,5.773780345916748
1995-01-16,5.854418754577637
1995-01-17,5.918931484222412
1995-01-18,5.902801990509033
1995-01-19,5.902801990509033
1995-01-20,5.918931484222412
1995-01-23,5.93505859375
1995-01-24,5.886675834655762
1995-01-25,5.886675834655762
1995-01-26,5.870545864105225
1995-01-27,5.93505859375
1995-01-30,5.93505859375
1995-01-31,5.96731424331665
1995-02-01,5.93505859375
1995-02-02,5.9511847496032715
1995-02-03,5.983440399169922
1995-02-06,5.983440399169922
1995-02-07,5.999571800231934
1995-02-08,5.9511847496032715
1995-02-09,5.902801990509033
1995-02-10,5.870545864105225
1995-02-13,5.822160243988037
1995-02-14,5.854418754577637
1995-02-15,5.902801990509033
1995-02-16,5.902801990509033
1995-02-17,5.870545864105225
1995-02-21,5.886675834655762
1995-02-22,5.918931484222412
1995-02-23,5.902801990509033
1995-02-24,5.886675834655762
1995-02-27,5.838291645050049
1995-02-28,5.838291645050049
1995-03-01,5.741523265838623
1995-03-02,5.725395202636719
1995-03-03,5.677011966705322
1995-03-06,5.644757270812988
1995-03-07,5.5802459716796875
1995-03-08,5.596371173858643
1995-03-09,5.531858444213867
1995-03-10,5.612502098083496
1995-03-13,5.628629207611084
1995-03-14,5.612502098083496
1995-03-15,5.612502098083496
1995-03-16,5.677011966705322
1995-03-17,5.612502098083496
1995-03-20,5.596371173858643
1995-03-21,5.596371173858643
1995-03-22,5.531858444213867
1995-03-23,5.564117908477783
1995-03-24,5.612502098083496
1995-03-27,5.644757270812988
1995-03-28,5.628629207611084
1995-03-29,5.644757270812988
1995-03-30,5.660884857177734
1995-03-31,5.677011966705322
1995-04-03,5.648850917816162
1995-04-04,5.763458251953125
1995-04-05,5.763458251953125
1995-04-06,5.812586307525635
1995-04-07,5.845334053039551
1995-04-10,5.796209812164307
1995-04-11,5.779836654663086
1995-04-12,5.747087478637695
1995-04-13,5.763458251953125
1995-04-17,5.730715751647949
1995-04-18,5.747087478637695
1995-04-19,5.747087478637695
1995-04-20,5.763458251953125
1995-04-21,5.747087478637695
1995-04-24,5.796209812164307
1995-04-25,5.779836654663086
1995-04-26,5.796209812164307
1995-04-27,5.796209812164307
1995-04-28,5.796209812164307
1995-05-01,5.9271979331970215
1995-05-02,5.9435715675354
1995-05-03,5.976320266723633
1995-05-04,5.976320266723633
1995-05-05,5.9435715675354
1995-05-08,6.041810035705566
1995-05-09,5.976320266723633
1995-05-10,5.992690086364746
1995-05-11,5.976320266723633
1995-05-12,5.992690086364746
1995-05-15,5.992690086364746
1995-05-16,6.05818510055542
1995-05-17,6.009066104888916
1995-05-18,5.976320266723633
1995-05-19,5.910825252532959
1995-05-22,5.878078460693359
1995-05-23,5.878078460693359
1995-05-24,5.910825252532959
1995-05-25,5.992690086364746
1995-05-26,5.992690086364746
1995-05-30,6.107306480407715
1995-05-31,6.205550670623779
1995-06-01,6.107306480407715
1995-06-02,6.1728034019470215
1995-06-05,6.1728034019470215
1995-06-06,6.123676776885986
1995-06-07,6.074562072753906
1995-06-08,6.041810035705566
1995-06-09,5.878078460693359
1995-06-12,6.009066104888916
1995-06-13,6.05818510055542
1995-06-14,6.025441646575928
1995-06-15,6.009066104888916
1995-06-16,5.976320266723633
1995-06-19,6.025441646575928
1995-06-20,6.009066104888916
1995-06-21,6.009066104888916
1995-06-22,6.15642786026001
1995-06-23,6.074562072753906
1995-06-26,6.009066104888916
1995-06-27,6.05818510055542
1995-06-28,6.0909318923950195
1995-06-29,6.025441646575928
1995-06-30,6.041810035705566
1995-07-03,6.041810035705566
1995-07-05,6.074562072753906
1995-07-06,6.140054702758789
1995-07-07,6.05818510055542
1995-07-10,5.992690086364746
1995-07-11,5.899625778198242
1995-07-12,5.999338150024414
1995-07-13,5.982722759246826
1995-07-14,5.966101169586182
1995-07-17,5.932865619659424
1995-07-18,5.883010387420654
1995-07-19,5.899625778198242
1995-07-20,5.849771022796631
1995-07-21,5.833154678344727
1995-07-24,5.883010387420654
1995-07-25,5.932865619659424
1995-07-26,5.966101169586182
1995-07-27,5.949483871459961
1995-07-28,5.883010387420654
1995-07-31,5.883010387420654
1995-08-01,5.916247367858887
1995-08-02,5.866393089294434
1995-08-03,5.883010387420654
1995-08-04,5.833154678344727
1995-08-07,5.899625778198242
1995-08-08,5.833154678344727
1995-08-09,5.833154678344727
1995-08-10,5.833154678344727
1995-08-11,5.833154678344727
1995-08-14,5.799915790557861
1995-08-15,5.799915790557861
1995-08-16,5.866393089294434
1995-08-17,5.816535472869873
1995-08-18,5.799915790557861
1995-08-21,5.883010387420654
1995-08-22,5.833154678344727
1995-08-23,5.766680717468262
1995-08-24,5.733442306518555
1995-08-25,5.75006103515625
1995-08-28,5.766680717468262
1995-08-29,5.716823577880859
1995-08-30,5.683584690093994
1995-08-31,5.666967868804932
1995-09-01,5.683584690093994
1995-09-05,5.683584690093994
1995-09-06,5.716823577880859
1995-09-07,5.716823577880859
1995-09-08,5.716823577880859
1995-09-11,5.700204372406006
1995-09-12,5.716823577880859
1995-09-13,5.683584690093994
1995-09-14,5.716823577880859
1995-09-15,5.716823577880859
1995-09-18,5.766680717468262
1995-09-19,5.833154678344727
1995-09-20,5.866393089294434
1995-09-21,5.916247367858887
1995-09-22,5.916247367858887
1995-09-25,5.949483871459961
1995-09-26,6.049195289611816
1995-09-27,6.082431316375732
1995-09-28,6.156651973724365
1995-09-29,6.122915267944336
1995-10-02,6.173520088195801
1995-10-03,6.240990161895752
1995-10-04,6.1903862953186035
1995-10-05,6.207253456115723
1995-10-06,6.1903862953186035
1995-10-09,6.22412109375
1995-10-10,6.274723529815674
1995-10-11,6.308457374572754
1995-10-12,6.257855415344238
1995-10-13,6.308457374572754
1995-10-16,6.257855415344238
1995-10-17,6.325325012207031
1995-10-18,6.274723529815674
1995-10-19,6.342193603515625
1995-10-20,6.426529884338379
1995-10-23,6.409661293029785
1995-10-24,6.460268974304199
1995-10-25,6.409661293029785
1995-10-26,6.409661293029785
1995-10-27,6.325325012207031
1995-10-30,6.3590617179870605
1995-10-31,6.375929832458496
1995-11-01,6.392797946929932
1995-11-02,6.426529884338379
1995-11-03,6.426529884338379
1995-11-06,6.3590617179870605
1995-11-07,6.325325012207031
1995-11-08,6.342193603515625
1995-11-09,6.240990161895752
1995-11-10,6.257855415344238
1995-11-13,6.257855415344238
1995-11-14,6.240990161895752
1995-11-15,6.274723529815674
1995-11-16,6.308457374572754
1995-11-17,6.325325012207031
1995-11-20,6.308457374572754
1995-11-21,6.308457374572754
1995-11-22,6.291591167449951
1995-11-24,6.308457374572754
1995-11-27,6.342193603515625
1995-11-28,6.392797946929932
1995-11-29,6.392797946929932
1995-11-30,6.342193603515625
1995-12-01,6.342193603515625
1995-12-04,6.4433979988098145
1995-12-05,6.510874271392822
1995-12-06,6.510874271392822
1995-12-07,6.460268974304199
1995-12-08,6.4433979988098145
1995-12-11,6.426529884338379
1995-12-12,6.409661293029785
1995-12-13,6.477130889892578
1995-12-14,6.527735233306885
1995-12-15,6.544605731964111
1995-12-18,6.578338623046875
1995-12-19,6.628939151763916
1995-12-20,6.544605731964111
1995-12-21,6.645805835723877
1995-12-22,6.645805835723877
1995-12-26,6.662678241729736
1995-12-27,6.6120758056640625
1995-12-28,6.653122425079346
1995-12-29,6.721532821655273
1996-01-02,6.772842884063721
1996-01-03,6.858356475830078
1996-01-04,6.772842884063721
1996-01-05,6.824151039123535
1996-01-08,6.789945602416992
1996-01-09,6.807050704956055
1996-01-10,6.789945602416992
1996-01-11,6.858356475830078
1996-01-12,6.824151039123535
1996-01-15,6.875463485717773
1996-01-16,7.029388904571533
1996-01-17,7.012285232543945
1996-01-18,6.9951887130737305
1996-01-19,6.9951887130737305
1996-01-22,6.909669399261475
1996-01-23,6.926774501800537
1996-01-24,6.9609785079956055
1996-01-25,6.875463485717773
1996-01-26,6.892566204071045
1996-01-29,6.9609785079956055
1996-01-30,6.9951887130737305
1996-01-31,7.029388904571533
1996-02-01,7.029388904571533
1996-02-02,7.012285232543945
1996-02-05,7.0464935302734375
1996-02-06,7.14911413192749
1996-02-07,7.1320109367370605
1996-02-08,7.14911413192749
1996-02-09,7.200425148010254
1996-02-12,7.21752405166626
1996-02-13,7.200425148010254
1996-02-14,7.1320109367370605
1996-02-15,7.1320109367370605
1996-02-16,7.097805023193359
1996-02-20,6.943876266479492
1996-02-21,6.978080749511719
1996-02-22,6.9951887130737305
1996-02-23,6.943876266479492
1996-02-26,6.755741596221924
1996-02-27,6.909669399261475
1996-02-28,6.824151039123535
1996-02-29,6.7386345863342285
1996-03-01,6.858356475830078
1996-03-04,6.926774501800537
1996-03-05,6.943876266479492
1996-03-06,6.9609785079956055
1996-03-07,6.978080749511719
1996-03-08,6.807050704956055
1996-03-11,6.755741596221924
1996-03-12,6.670224666595459
1996-03-13,6.670224666595459
1996-03-14,6.61891508102417
1996-03-15,6.567603588104248
1996-03-18,6.670224666595459
1996-03-19,6.670224666595459
1996-03-20,6.721532821655273
1996-03-21,6.704432964324951
1996-03-22,6.704432964324951
1996-03-25,6.772842884063721
1996-03-26,6.807050704956055
1996-03-27,6.772842884063721
1996-03-28,6.721532821655273
1996-03-29,6.670224666595459
1996-04-01,6.755741596221924
1996-04-02,6.789945602416992
1996-04-03,6.7386345863342285
1996-04-04,6.7386345863342285
1996-04-08,6.520143032073975
1996-04-09,6.589505195617676
1996-04-10,6.589505195617676
1996-04-11,6.554826259613037
1996-04-12,6.572164535522461
1996-04-15,6.572164535522461
1996-04-16,6.554826259613037
1996-04-17,6.572164535522461
1996-04-18,6.554826259613037
1996-04-19,6.537485122680664
1996-04-22,6.554826259613037
1996-04-23,6.554826259613037
1996-04-24,6.468120574951172
1996-04-25,6.468120574951172
1996-04-26,6.468120574951172
1996-04-29,6.468120574951172
1996-04-30,6.468120574951172
1996-05-01,6.520143032073975
1996-05-02,6.450779438018799
1996-05-03,6.416101455688477
1996-05-06,6.364077568054199
1996-05-07,6.346737384796143
1996-05-08,6.520143032073975
1996-05-09,6.502804279327393
1996-05-10,6.520143032073975
1996-05-13,6.589505195617676
1996-05-14,6.606849193572998
1996-05-15,6.554826259613037
1996-05-16,6.4854583740234375
1996-05-17,6.554826259613037
1996-05-20,6.606849193572998
1996-05-21,6.554826259613037
1996-05-22,6.676209449768066
1996-05-23,6.641532897949219
1996-05-24,6.65886926651001
1996-05-28,6.606849193572998
1996-05-29,6.589505195617676
1996-05-30,6.589505195617676
1996-05-31,6.520143032073975
1996-06-03,6.4854583740234375
1996-06-04,6.537485122680664
1996-06-05,6.572164535522461
1996-06-06,6.572164535522461
1996-06-07,6.4854583740234375
1996-06-10,6.468120574951172
1996-06-11,6.433440208435059
1996-06-12,6.381417751312256
1996-06-13,6.398759841918945
1996-06-14,6.398759841918945
1996-06-17,6.398759841918945
1996-06-18,6.468120574951172
1996-06-19,6.450779438018799
1996-06-20,6.450779438018799
1996-06-21,6.537485122680664
1996-06-24,6.554826259613037
1996-06-25,6.606849193572998
1996-06-26,6.606849193572998
1996-06-27,6.7108917236328125
1996-06-28,6.849620342254639
1996-07-01,6.884299278259277
1996-07-02,6.849620342254639
1996-07-03,6.832275867462158
1996-07-05,6.606849193572998
1996-07-08,6.65886926651001
1996-07-09,6.703207015991211
1996-07-10,6.755987167358398
1996-07-11,6.7383952140808105
1996-07-12,6.755987167358398
1996-07-15,6.668018817901611
1996-07-16,6.668018817901611
1996-07-17,6.562457084655762
1996-07-18,6.63283109664917
1996-07-19,6.562457084655762
1996-07-22,6.474488735198975
1996-07-23,6.439302921295166
1996-07-24,6.386519908905029
1996-07-25,6.386519908905029
1996-07-26,6.386519908905029
1996-07-29,6.3513312339782715
1996-07-30,6.333737850189209
1996-07-31,6.298550128936768
1996-08-01,6.3513312339782715
1996-08-02,6.4568939208984375
1996-08-05,6.4568939208984375
1996-08-06,6.404114246368408
1996-08-07,6.368926048278809
1996-08-08,6.368926048278809
1996-08-09,6.3513312339782715
1996-08-12,6.4217071533203125
1996-08-13,6.3513312339782715
1996-08-14,6.3513312339782715
1996-08-15,6.368926048278809
1996-08-16,6.4568939208984375
1996-08-19,6.509676933288574
1996-08-20,6.49208402633667
1996-08-21,6.4568939208984375
1996-08-22,6.49208402633667
1996-08-23,6.4568939208984375
1996-08-26,6.474488735198975
1996-08-27,6.4568939208984375
1996-08-28,6.439302921295166
1996-08-29,6.4568939208984375
1996-08-30,6.4217071533203125
1996-09-03,6.298550128936768
1996-09-04,6.31614351272583
1996-09-05,6.280956268310547
1996-09-06,6.3513312339782715
1996-09-09,6.386519908905029
1996-09-10,6.4217071533203125
1996-09-11,6.368926048278809
1996-09-12,6.386519908905029
1996-09-13,6.49208402633667
1996-09-16,6.562457084655762
1996-09-17,6.668018817901611
1996-09-18,6.63283109664917
1996-09-19,6.615238189697266
1996-09-20,6.615238189697266
1996-09-23,6.597645282745361
1996-09-24,6.668018817901611
1996-09-25,6.597645282745361
1996-09-26,6.597645282745361
1996-09-27,6.624785423278809
1996-09-30,6.660500526428223
1996-10-01,6.642641544342041
1996-10-02,6.660500526428223
1996-10-03,6.642641544342041
1996-10-04,6.71406888961792
1996-10-07,6.71406888961792
1996-10-08,6.696211338043213
1996-10-09,6.642641544342041
1996-10-10,6.606932640075684
1996-10-11,6.642641544342041
1996-10-14,6.642641544342041
1996-10-15,6.606932640075684
1996-10-16,6.642641544342041
1996-10-17,6.660500526428223
1996-10-18,6.624785423278809
1996-10-21,6.678353309631348
1996-10-22,6.678353309631348
1996-10-23,6.660500526428223
1996-10-24,6.624785423278809
1996-10-25,6.642641544342041
1996-10-28,6.606932640075684
1996-10-29,6.696211338043213
1996-10-30,6.678353309631348
1996-10-31,6.71406888961792
1996-11-01,6.749781131744385
1996-11-04,6.821206569671631
1996-11-05,6.910489082336426
1996-11-06,6.981919765472412
1996-11-07,6.999772548675537
1996-11-08,6.9462056159973145
1996-11-11,6.964059352874756
1996-11-12,6.9462056159973145
1996-11-13,6.9462056159973145
1996-11-14,6.928347587585449
1996-11-15,6.910489082336426
1996-11-18,6.928347587585449
1996-11-19,6.9462056159973145
1996-11-20,6.928347587585449
1996-11-21,6.910489082336426
1996-11-22,6.892637729644775
1996-11-25,6.892637729644775
1996-11-26,6.821206569671631
1996-11-27,6.749781131744385
1996-11-29,6.731925964355469
1996-12-02,6.71406888961792
1996-12-03,6.696211338043213
1996-12-04,6.731925964355469
1996-12-05,6.678353309631348
1996-12-06,6.642641544342041
1996-12-09,6.696211338043213
1996-12-10,6.696211338043213
1996-12-11,6.642641544342041
1996-12-12,6.5176472663879395
1996-12-13,6.553360462188721
1996-12-16,6.553360462188721
1996-12-17,6.571215629577637
1996-12-18,6.571215629577637
1996-12-19,6.535507678985596
1996-12-20,6.606932640075684
1996-12-23,6.589074611663818
1996-12-24,6.553360462188721
1996-12-26,6.535507678985596
1996-12-27,6.71406888961792
1996-12-30,6.731925964355469
1996-12-31,6.650736331939697
1997-01-02,6.6326189041137695
1997-01-03,6.650736331939697
1997-01-06,6.68698263168335
1997-01-07,6.723232746124268
1997-01-08,6.795716285705566
1997-01-09,6.8138346672058105
1997-01-10,6.8138346672058105
1997-01-13,6.795716285705566
1997-01-14,6.741347312927246
1997-01-15,6.741347312927246
1997-01-16,6.795716285705566
1997-01-17,6.8863205909729
1997-01-20,6.8138346672058105
1997-01-21,6.922567367553711
1997-01-22,6.904447555541992
1997-01-23,6.868201732635498
1997-01-24,6.8138346672058105
1997-01-27,6.759468078613281
1997-01-28,6.705102920532227
1997-01-29,6.705102920532227
1997-01-30,6.741347312927246
1997-01-31,6.68698263168335
1997-02-03,6.723232746124268
1997-02-04,6.723232746124268
1997-02-05,6.68698263168335
1997-02-06,6.68698263168335
1997-02-07,6.723232746124268
1997-02-10,6.723232746124268
1997-02-11,6.8138346672058105
1997-02-12,6.8138346672058105
1997-02-13,6.831955909729004
1997-02-14,6.795716285705566
1997-02-18,6.922567367553711
1997-02-19,6.850083351135254
1997-02-20,6.850083351135254
1997-02-21,6.8138346672058105
1997-02-24,6.904447555541992
1997-02-25,6.868201732635498
1997-02-26,6.850083351135254
1997-02-27,6.831955909729004
1997-02-28,6.904447555541992
1997-03-03,6.940687656402588
1997-03-04,6.8863205909729
1997-03-05,6.850083351135254
1997-03-06,6.795716285705566
1997-03-07,6.831955909729004
1997-03-10,6.850083351135254
1997-03-11,6.850083351135254
1997-03-12,6.8863205909729
1997-03-13,6.777593612670898
1997-03-14,6.850083351135254
1997-03-17,6.940687656402588
1997-03-18,6.904447555541992
1997-03-19,6.922567367553711
1997-03-20,6.850083351135254
1997-03-21,6.850083351135254
1997-03-24,6.976934432983398
1997-03-25,7.0131754875183105
1997-03-26,6.995054244995117
1997-03-27,6.904447555541992
1997-03-31,6.868201732635498
1997-04-01,6.868201732635498
1997-04-02,6.831955909729004
1997-04-03,6.850083351135254
1997-04-04,6.868201732635498
1997-04-07,6.804204940795898
1997-04-08,6.767427921295166
1997-04-09,6.822592258453369
1997-04-10,6.859371185302734
1997-04-11,6.730645656585693
1997-04-14,6.749038219451904
1997-04-15,6.730645656585693
1997-04-16,6.804204940795898
1997-04-17,6.749038219451904
1997-04-18,6.804204940795898
1997-04-21,6.730645656585693
1997-04-22,6.767427921295166
1997-04-23,6.730645656585693
1997-04-24,6.638699531555176
1997-04-25,6.546746730804443
1997-04-28,6.67547607421875
1997-04-29,6.712255477905273
1997-04-30,6.693866729736328
1997-05-01,6.693866729736328
1997-05-02,6.785817623138428
1997-05-05,6.951323986053467
1997-05-06,6.859371185302734
1997-05-07,6.785817623138428
1997-05-08,6.785817623138428
1997-05-09,6.8409810066223145
1997-05-12,6.859371185302734
1997-05-13,6.804204940795898
1997-05-14,7.061661720275879
1997-05-15,7.024883270263672
1997-05-16,6.98810338973999
1997-05-19,7.153616905212402
1997-05-20,7.135217189788818
1997-05-21,7.0984416007995605
1997-05-22,7.080053806304932
1997-05-23,7.153616905212402
1997-05-27,7.153616905212402
1997-05-28,7.153616905212402
1997-05-29,7.135217189788818
1997-05-30,7.20877742767334
1997-06-02,7.135217189788818
1997-06-03,7.135217189788818
1997-06-04,7.061661720275879
1997-06-05,7.116830348968506
1997-06-06,7.172000408172607
1997-06-09,7.0984416007995605
1997-06-10,7.135217189788818
1997-06-11,7.172000408172607
1997-06-12,7.300731182098389
1997-06-13,7.374289035797119
1997-06-16,7.374289035797119
1997-06-17,7.3926777839660645
1997-06-18,7.411068439483643
1997-06-19,7.447852611541748
1997-06-20,7.539797306060791
1997-06-23,7.5214080810546875
1997-06-24,7.558187484741211
1997-06-25,7.503015041351318
1997-06-26,7.5214080810546875
1997-06-27,7.567380905151367
1997-06-30,7.6133551597595215
1997-07-01,7.622548580169678
1997-07-02,7.7328877449035645
1997-07-03,7.778860092163086
1997-07-07,7.6882829666137695
1997-07-08,7.734877109527588
1997-07-09,7.6975998878479
1997-07-10,7.744198799133301
1997-07-11,7.734877109527588
1997-07-14,7.734877109527588
1997-07-15,7.734877109527588
1997-07-16,7.744198799133301
1997-07-17,7.651004314422607
1997-07-18,7.455300331115723
1997-07-21,7.501895904541016
1997-07-22,7.5857672691345215
1997-07-23,7.501895904541016
1997-07-24,7.576450347900391
1997-07-25,7.595088958740234
1997-07-28,7.539172649383545
1997-07-29,7.660323619842529
1997-07-30,7.651004314422607
1997-07-31,7.660323619842529
1997-08-01,7.5857672691345215
1997-08-04,7.548498630523682
1997-08-05,7.539172649383545
1997-08-06,7.678960800170898
1997-08-07,7.557810306549072
1997-08-08,7.390073299407959
1997-08-11,7.548498630523682
1997-08-12,7.4832634925842285
1997-08-13,7.380748271942139
1997-08-14,7.334150791168213
1997-08-15,7.268918991088867
1997-08-18,7.3621087074279785
1997-08-19,7.390073299407959
1997-08-20,7.371429443359375
1997-08-21,7.278238773345947
1997-08-22,7.306192874908447
1997-08-25,7.240962982177734
1997-08-26,7.250286102294922
1997-08-27,7.231639862060547
1997-08-28,7.213003158569336
1997-08-29,7.1757307052612305
1997-09-02,7.231639862060547
1997-09-03,7.306192874908447
1997-09-04,7.343471527099609
1997-09-05,7.315513610839844
1997-09-08,7.352790832519531
1997-09-09,7.3621087074279785
1997-09-10,7.306192874908447
1997-09-11,7.296874523162842
1997-09-12,7.39939022064209
1997-09-15,7.39939022064209
1997-09-16,7.51121711730957
1997-09-17,7.390073299407959
1997-09-18,7.371429443359375
1997-09-19,7.418028354644775
1997-09-22,7.473940849304199
1997-09-23,7.445986270904541
1997-09-24,7.39939022064209
1997-09-25,7.39939022064209
1997-09-26,7.501895904541016
1997-09-29,7.636865615844727
1997-09-30,7.52345085144043
1997-10-01,7.646316051483154
1997-10-02,7.674670696258545
1997-10-03,7.6179633140563965
1997-10-06,7.599061965942383
1997-10-07,7.636865615844727
1997-10-08,7.52345085144043
1997-10-09,7.551805019378662
1997-10-10,7.542348861694336
1997-10-13,7.570707321166992
1997-10-14,7.6179633140563965
1997-10-15,7.665218353271484
1997-10-16,7.636865615844727
1997-10-17,7.589612007141113
1997-10-20,7.655776023864746
1997-10-21,7.703025817871094
1997-10-22,7.646316051483154
1997-10-23,7.570707321166992
1997-10-24,7.646316051483154
1997-10-27,7.485639572143555
1997-10-28,7.693573474884033
1997-10-29,7.589612007141113
1997-10-30,7.52345085144043
1997-10-31,7.6179633140563965
1997-11-03,7.759734630584717
1997-11-04,7.71247673034668
1997-11-05,7.684123516082764
1997-11-06,7.693573474884033
1997-11-07,7.721929550170898
1997-11-10,7.71247673034668
1997-11-11,7.778641700744629
1997-11-12,7.873154640197754
1997-11-13,7.863698959350586
1997-11-14,7.986572265625
1997-11-17,8.099991798400879
1997-11-18,8.043279647827148
1997-11-19,8.109442710876465
1997-11-20,8.19450569152832
1997-11-21,8.19450569152832
1997-11-24,8.222867012023926
1997-11-25,8.317378997802734
1997-11-26,8.289026260375977
1997-11-28,8.298473358154297
1997-12-01,8.345730781555176
1997-12-02,8.251220703125
1997-12-03,8.232311248779297
1997-12-04,8.222867012023926
1997-12-05,8.213409423828125
1997-12-08,8.175606727600098
1997-12-09,8.15670394897461
1997-12-10,8.203961372375488
1997-12-11,8.185056686401367
1997-12-12,8.27011775970459
1997-12-15,8.40244197845459
1997-12-16,8.449699401855469
1997-12-17,8.544214248657227
1997-12-18,8.572572708129883
1997-12-19,8.64818286895752
1997-12-22,8.64818286895752
1997-12-23,8.780505180358887
1997-12-24,8.780505180358887
1997-12-26,8.780505180358887
1997-12-29,8.884472846984863
1997-12-30,8.934983253479004
1997-12-31,8.915851593017578
1998-01-02,8.858450889587402
1998-01-05,8.781920433044434
1998-01-06,8.657559394836426
1998-01-07,8.571466445922852
1998-01-08,8.590594291687012
1998-01-09,8.504493713378906
1998-01-12,8.581029891967773
1998-01-13,8.581029891967773
1998-01-14,8.542760848999023
1998-01-15,8.408835411071777
1998-01-16,8.437533378601074
1998-01-20,8.447094917297363
1998-01-21,8.456666946411133
1998-01-22,8.475800514221191
1998-01-23,8.370563507080078
1998-01-26,8.389702796936035
1998-01-27,8.284470558166504
1998-01-28,8.207938194274902
1998-01-29,8.217506408691406
1998-01-30,8.207938194274902
1998-02-02,8.274903297424316
1998-02-03,8.25577449798584
1998-02-04,8.160106658935547
1998-02-05,8.15053939819336
1998-02-06,8.207938194274902
1998-02-09,8.25577449798584
1998-02-10,8.265339851379395
1998-02-11,8.207938194274902
1998-02-12,8.227071762084961
1998-02-13,8.246204376220703
1998-02-17,8.303604125976562
1998-02-18,8.332301139831543
1998-02-19,8.246204376220703
1998-02-20,8.370563507080078
1998-02-23,8.303604125976562
1998-02-24,8.303604125976562
1998-02-25,8.361000061035156
1998-02-26,8.389702796936035
1998-02-27,8.408835411071777
1998-03-02,8.427963256835938
1998-03-03,8.456666946411133
1998-03-04,8.475800514221191
1998-03-05,8.475800514221191
1998-03-06,8.600160598754883
1998-03-09,8.66712760925293
1998-03-10,8.801053047180176
1998-03-11,8.791488647460938
1998-03-12,8.791488647460938
1998-03-13,8.820189476013184
1998-03-16,8.858450889587402
1998-03-17,8.810623168945312
1998-03-18,8.801053047180176
1998-03-19,8.801053047180176
1998-03-20,8.992382049560547
1998-03-23,9.001944541931152
1998-03-24,9.068909645080566
1998-03-25,9.059344291687012
1998-03-26,8.963685035705566
1998-03-27,8.868021011352539
1998-03-30,8.896717071533203
1998-03-31,9.030647277832031
1998-04-01,8.992382049560547
1998-04-02,9.107175827026367
1998-04-03,9.107175827026367
1998-04-06,9.138933181762695
1998-04-07,9.080842018127441
1998-04-08,9.022760391235352
1998-04-09,9.051798820495605
1998-04-13,8.984034538269043
1998-04-14,9.022760391235352
1998-04-15,8.964674949645996
1998-04-16,8.848501205444336
1998-04-17,8.887223243713379
1998-04-20,8.819452285766602
1998-04-21,8.780734062194824
1998-04-22,8.68392562866211
1998-04-23,8.635517120361328
1998-04-24,8.616154670715332
1998-04-27,8.529022216796875
1998-04-28,8.548382759094238
1998-04-29,8.490302085876465
1998-04-30,8.732329368591309
1998-05-01,8.674242973327637
1998-05-04,8.790412902832031
1998-05-05,8.800094604492188
1998-05-06,8.761370658874512
1998-05-07,8.732329368591309
1998-05-08,8.771053314208984
1998-05-11,8.751688957214355
1998-05-12,8.761370658874512
1998-05-13,8.693601608276367
1998-05-14,8.654877662658691
1998-05-15,8.567749977111816
1998-05-18,8.567749977111816
1998-05-19,8.558067321777344
1998-05-20,8.693601608276367
1998-05-21,8.587104797363281
1998-05-22,8.625838279724121
1998-05-26,8.577432632446289
1998-05-27,8.558067321777344
1998-05-28,8.635517120361328
1998-05-29,8.809774398803711
1998-06-01,9.003395080566406
1998-06-02,9.003395080566406
1998-06-03,8.925950050354004
1998-06-04,8.984034538269043
1998-06-05,9.003395080566406
1998-06-08,8.94530963897705
1998-06-09,8.925950050354004
1998-06-10,9.042123794555664
1998-06-11,9.061484336853027
1998-06-12,9.119569778442383
1998-06-15,8.925950050354004
1998-06-16,9.022760391235352
1998-06-17,9.042123794555664
1998-06-18,8.906583786010742
1998-06-19,8.887223243713379
1998-06-22,8.964674949645996
1998-06-23,8.8678617477417
1998-06-24,8.809774398803711
1998-06-25,8.654877662658691
1998-06-26,8.693601608276367
1998-06-29,8.848501205444336
1998-06-30,8.8678617477417
1998-07-01,8.848501205444336
1998-07-02,8.964674949645996
1998-07-06,9.022760391235352
1998-07-07,8.978219985961914
1998-07-08,8.978219985961914
1998-07-09,8.860603332519531
1998-07-10,8.840998649597168
1998-07-13,8.74298095703125
1998-07-14,8.703777313232422
1998-07-15,8.625364303588867
1998-07-16,8.703777313232422
1998-07-17,8.625364303588867
1998-07-20,8.64497184753418
1998-07-21,8.586156845092773
1998-07-22,8.664572715759277
1998-07-23,8.527347564697266
1998-07-24,8.527347564697266
1998-07-27,8.546953201293945
1998-07-28,8.448936462402344
1998-07-29,8.350922584533691
1998-07-30,8.488144874572754
1998-07-31,8.252904891967773
1998-08-03,8.331319808959961
1998-08-04,8.115684509277344
1998-08-05,8.233304023742676
1998-08-06,8.194096565246582
1998-08-07,8.272507667541504
1998-08-10,8.252904891967773
1998-08-11,8.194096565246582
1998-08-12,8.468544006347656
1998-08-13,8.292113304138184
1998-08-14,8.350922584533691
1998-08-17,8.390125274658203
1998-08-18,8.370525360107422
1998-08-19,8.213700294494629
1998-08-20,8.233304023742676
1998-08-21,8.4097261428833
1998-08-24,8.527347564697266
1998-08-25,8.448936462402344
1998-08-26,8.488144874572754
1998-08-27,8.4097261428833
1998-08-28,8.507742881774902
1998-08-31,8.311720848083496
1998-09-01,8.4097261428833
1998-09-02,8.390125274658203
1998-09-03,8.370525360107422
1998-09-04,8.448936462402344
1998-09-08,8.64497184753418
1998-09-09,8.566555976867676
1998-09-10,8.488144874572754
1998-09-11,8.566555976867676
1998-09-14,8.586156845092773
1998-09-15,8.782190322875977
1998-09-16,8.860603332519531
1998-09-17,8.703777313232422
1998-09-18,8.801790237426758
1998-09-21,8.723381042480469
1998-09-22,8.821396827697754
1998-09-23,8.997822761535645
1998-09-24,8.74298095703125
1998-09-25,8.762589454650879
1998-09-28,8.703777313232422
1998-09-29,8.81753158569336
1998-09-30,8.916830062866211
1998-10-01,8.916830062866211
1998-10-02,9.115418434143066
1998-10-05,9.413311958312988
1998-10-06,9.353738784790039
1998-10-07,9.49274730682373
1998-10-08,9.731058120727539
1998-10-09,9.274293899536133
1998-10-12,8.77780818939209
1998-10-13,9.095561981201172
1998-10-14,9.274293899536133
1998-10-15,9.453032493591309
1998-10-16,9.135276794433594
1998-10-19,9.016127586364746
1998-10-20,8.797674179077148
1998-10-21,8.81753158569336
1998-10-22,8.77780818939209
1998-10-23,8.499783515930176
1998-10-26,8.360770225524902
1998-10-27,8.440208435058594
1998-10-28,8.599081039428711
1998-10-29,8.539497375488281
1998-10-30,8.579216003417969
1998-11-02,8.738093376159668
1998-11-03,8.77780818939209
1998-11-04,8.698375701904297
1998-11-05,8.837387084960938
1998-11-06,8.837387084960938
1998-11-09,8.698375701904297
1998-11-10,8.956547737121582
1998-11-11,8.718232154846191
1998-11-12,8.936683654785156
1998-11-13,9.016127586364746
1998-11-16,8.916830062866211
1998-11-17,8.877108573913574
1998-11-18,8.896971702575684
1998-11-19,8.877108573913574
1998-11-20,8.837387084960938
1998-11-23,8.81753158569336
1998-11-24,8.877108573913574
1998-11-25,8.857254028320312
1998-11-27,8.77780818939209
1998-11-30,8.638798713684082
1998-12-01,8.698375701904297
1998-12-02,8.718232154846191
1998-12-03,8.877108573913574
1998-12-04,8.996265411376953
1998-12-07,9.095561981201172
1998-12-08,9.194853782653809
1998-12-09,9.075698852539062
1998-12-10,8.976404190063477
1998-12-11,8.976404190063477
1998-12-14,8.996265411376953
1998-12-15,8.996265411376953
1998-12-16,8.916830062866211
1998-12-17,9.115418434143066
1998-12-18,8.976404190063477
1998-12-21,9.055841445922852
1998-12-22,8.896971702575684
1998-12-23,8.896971702575684
1998-12-24,8.956547737121582
1998-12-28,8.877108573913574
1998-12-29,8.916830062866211
1998-12-30,8.891240119934082
1998-12-31,8.931469917297363
1999-01-04,8.830892562866211
1999-01-05,8.851005554199219
1999-01-06,8.891240119934082
1999-01-07,8.851005554199219
1999-01-08,8.790658950805664
1999-01-11,8.589499473571777
1999-01-12,8.609621047973633
1999-01-13,8.56938648223877
1999-01-14,8.3682222366333
1999-01-15,8.56938648223877
1999-01-19,8.529152870178223
1999-01-20,8.488921165466309
1999-01-21,8.468807220458984
1999-01-22,8.509039878845215
1999-01-25,8.509039878845215
1999-01-26,8.488921165466309
1999-01-27,8.468807220458984
1999-01-28,8.710199356079102
1999-01-29,8.669961929321289
1999-02-01,8.7504301071167
1999-02-02,8.73031234741211
1999-02-03,8.710199356079102
1999-02-04,8.529152870178223
1999-02-05,8.549272537231445
1999-02-08,8.609621047973633
1999-02-09,8.488921165466309
1999-02-10,8.509039878845215
1999-02-11,8.42857551574707
1999-02-12,8.287762641906738
1999-02-16,8.56938648223877
1999-02-17,8.529152870178223
1999-02-18,8.710199356079102
1999-02-19,8.549272537231445
1999-02-22,8.690078735351562
1999-02-23,8.529152870178223
1999-02-24,8.408454895019531
1999-02-25,8.267646789550781
1999-02-26,8.307878494262695
1999-03-01,8.267646789550781
1999-03-02,8.388343811035156
1999-03-03,8.529152870178223
1999-03-04,8.710199356079102
1999-03-05,8.851005554199219
1999-03-08,8.710199356079102
1999-03-09,8.549272537231445
1999-03-10,8.488921165466309
1999-03-11,8.589499473571777
1999-03-12,8.73031234741211
1999-03-15,8.7504301071167
1999-03-16,8.589499473571777
1999-03-17,8.609621047973633
1999-03-18,8.73031234741211
1999-03-19,8.649847030639648
1999-03-22,8.629732131958008
1999-03-23,8.529152870178223
1999-03-24,8.770546913146973
1999-03-25,8.42857551574707
1999-03-26,7.865329265594482
1999-03-29,7.684287071228027
1999-03-30,7.503241062164307
1999-03-31,7.463009834289551
1999-04-01,7.603817462921143
1999-04-05,7.7003960609436035
1999-04-06,7.639116287231445
1999-04-07,7.5369873046875
1999-04-08,7.598263263702393
1999-04-09,7.659543514251709
1999-04-12,7.843371868133545
1999-04-13,7.5778422355651855
1999-04-14,7.5778422355651855
1999-04-15,7.434863567352295
1999-04-16,7.639116287231445
1999-04-19,7.7616705894470215
1999-04-20,7.782092571258545
1999-04-21,7.782092571258545
1999-04-22,7.7003960609436035
1999-04-23,7.7616705894470215
1999-04-26,7.863799095153809
1999-04-27,7.802523612976074
1999-04-28,7.7616705894470215
1999-04-29,7.7616705894470215
1999-04-30,7.884220600128174
1999-05-03,8.0067720413208
1999-05-04,7.863799095153809
1999-05-05,7.945498943328857
1999-05-06,7.782092571258545
1999-05-07,7.9046502113342285
1999-05-10,8.02719497680664
1999-05-11,8.068052291870117
1999-05-12,7.986349105834961
1999-05-13,8.170178413391113
1999-05-14,8.068052291870117
1999-05-17,8.190603256225586
1999-05-18,8.231456756591797
1999-05-19,8.33358097076416
1999-05-20,8.33358097076416
1999-05-21,8.374429702758789
1999-05-24,8.496981620788574
1999-05-25,8.599114418029785
1999-05-26,8.599114418029785
1999-05-27,8.456132888793945
1999-05-28,8.517414093017578
1999-06-01,8.374429702758789
1999-06-02,8.35400104522705
1999-06-03,8.33358097076416
1999-06-04,8.374429702758789
1999-06-07,8.33358097076416
1999-06-08,8.292728424072266
1999-06-09,8.272306442260742
1999-06-10,8.190603256225586
1999-06-11,8.108901023864746
1999-06-14,8.211027145385742
1999-06-15,8.435709953308105
1999-06-16,8.47655963897705
1999-06-17,8.374429702758789
1999-06-18,8.272306442260742
1999-06-21,8.313159942626953
1999-06-22,8.292728424072266
1999-06-23,8.313159942626953
1999-06-24,8.231456756591797
1999-06-25,8.068052291870117
1999-06-28,8.08847713470459
1999-06-29,8.0067720413208
1999-06-30,7.9046502113342285
1999-07-01,8.047623634338379
1999-07-02,8.0067720413208
1999-07-06,7.982059955596924
1999-07-07,8.023524284362793
1999-07-08,7.919863224029541
1999-07-09,7.899132251739502
1999-07-12,7.8162007331848145
1999-07-13,7.8784003257751465
1999-07-14,7.8369317054748535
1999-07-15,7.795469760894775
1999-07-16,7.774739742279053
1999-07-19,7.795469760894775
1999-07-20,7.774739742279053
1999-07-21,7.795469760894775
1999-07-22,7.712536811828613
1999-07-23,7.691805362701416
1999-07-26,7.691805362701416
1999-07-27,7.6710710525512695
1999-07-28,7.60887336730957
1999-07-29,7.484477996826172
1999-07-30,7.463742256164551
1999-08-02,7.588141441345215
1999-08-03,7.567408084869385
1999-08-04,7.5466742515563965
1999-08-05,7.588141441345215
1999-08-06,7.567408084869385
1999-08-09,7.505209922790527
1999-08-10,7.443012714385986
1999-08-11,7.401546478271484
1999-08-12,7.318615436553955
1999-08-13,7.277153015136719
1999-08-16,7.277153015136719
1999-08-17,7.277153015136719
1999-08-18,7.173491954803467
1999-08-19,7.380812644958496
1999-08-20,7.650337219238281
1999-08-23,7.7332682609558105
1999-08-24,7.774739742279053
1999-08-25,7.857662200927734
1999-08-26,7.8162007331848145
1999-08-27,7.8784003257751465
1999-08-30,7.940591335296631
1999-08-31,7.8162007331848145
1999-09-01,7.940591335296631
1999-09-02,7.940591335296631
1999-09-03,8.002795219421387
1999-09-07,7.8369317054748535
1999-09-08,7.795469760894775
1999-09-09,7.712536811828613
1999-09-10,7.691805362701416
1999-09-13,7.588141441345215
1999-09-14,7.5466742515563965
1999-09-15,7.505209922790527
1999-09-16,7.484477996826172
1999-09-17,7.567408084869385
1999-09-20,7.505209922790527
1999-09-21,7.422278881072998
1999-09-22,7.380812644958496
1999-09-23,7.277153015136719
1999-09-24,7.277153015136719
1999-09-27,7.360083103179932
1999-09-28,7.173491954803467
1999-09-29,7.148353576660156
1999-09-30,7.274874687194824
1999-10-01,7.401392936706543
1999-10-04,7.570083141326904
1999-10-05,7.443568229675293
1999-10-06,7.401392936706543
1999-10-07,7.338130950927734
1999-10-08,7.359219551086426
1999-10-11,7.211612224578857
1999-10-12,7.211612224578857
1999-10-13,7.253783226013184
1999-10-14,7.317043304443359
1999-10-15,7.1905293464660645
1999-10-18,7.295964241027832
1999-10-19,7.085091590881348
1999-10-20,7.169439315795898
1999-10-21,7.127269268035889
1999-10-22,7.106180191040039
1999-10-25,7.106180191040039
1999-10-26,7.042923927307129
1999-10-27,7.23269510269165
1999-10-28,7.295964241027832
1999-10-29,7.253783226013184
1999-11-01,7.359219551086426
1999-11-02,7.380306720733643
1999-11-03,7.274874687194824
1999-11-04,7.295964241027832
1999-11-05,7.295964241027832
1999-11-08,7.23269510269165
1999-11-09,7.106180191040039
1999-11-10,7.042923927307129
1999-11-11,7.0218353271484375
1999-11-12,6.958576202392578
1999-11-15,6.958576202392578
1999-11-16,7.064005374908447
1999-11-17,7.0007452964782715
1999-11-18,6.937488079071045
1999-11-19,6.832056045532227
1999-11-22,6.832056045532227
1999-11-23,6.768794536590576
1999-11-24,6.789881706237793
1999-11-26,6.810967922210693
1999-11-29,6.789881706237793
1999-11-30,6.895313739776611
1999-12-01,6.874228477478027
1999-12-02,6.874228477478027
1999-12-03,6.937488079071045
1999-12-06,6.958576202392578
1999-12-07,6.937488079071045
1999-12-08,6.832056045532227
1999-12-09,6.789881706237793
1999-12-10,6.747710704803467
1999-12-13,6.747710704803467
1999-12-14,6.768794536590576
1999-12-15,6.789881706237793
1999-12-16,6.810967922210693
1999-12-17,6.684450149536133
1999-12-20,6.684450149536133
1999-12-21,6.768794536590576
1999-12-22,6.747710704803467
1999-12-23,6.832056045532227
1999-12-27,6.853143215179443
1999-12-28,6.789881706237793
1999-12-29,6.768794536590576
1999-12-30,6.726621627807617
1999-12-31,6.70102071762085
2000-01-03,6.5291972160339355
2000-01-04,6.67954158782959
2000-01-05,6.937273025512695
2000-01-06,6.872842788696289
2000-01-07,6.872842788696289
2000-01-10,6.872842788696289
2000-01-11,6.872842788696289
2000-01-12,7.023187160491943
2000-01-13,7.001707553863525
2000-01-14,7.023187160491943
2000-01-18,6.808410167694092
2000-01-19,6.808410167694092
2000-01-20,6.743974685668945
2000-01-21,6.786929607391357
2000-01-24,6.765449047088623
2000-01-25,6.70102071762085
2000-01-26,6.5721564292907715
2000-01-27,6.636584281921387
2000-01-28,6.615106582641602
2000-01-31,6.615106582641602
2000-02-01,6.615106582641602
2000-02-02,6.55067777633667
2000-02-03,6.743974685668945
2000-02-04,6.636584281921387
2000-02-07,6.55067777633667
2000-02-08,6.55067777633667
2000-02-09,6.593630313873291
2000-02-10,6.4647650718688965
2000-02-11,6.486245155334473
2000-02-14,6.443285942077637
2000-02-15,6.3358988761901855
2000-02-16,6.3573784828186035
2000-02-17,6.378857135772705
2000-02-18,6.2499895095825195
2000-02-22,6.292943954467773
2000-02-23,6.207034587860107
2000-02-24,6.121123313903809
2000-02-25,6.035212516784668
2000-02-28,6.185555458068848
2000-02-29,6.035212516784668
2000-03-01,5.906347751617432
2000-03-02,5.863391876220703
2000-03-03,6.013734340667725
2000-03-06,5.648616790771484
2000-03-07,5.648616790771484
2000-03-08,5.627139568328857
2000-03-09,5.584185600280762
2000-03-10,5.713050365447998
2000-03-13,5.820437431335449
2000-03-14,6.013734340667725
2000-03-15,6.400331974029541
2000-03-16,6.851361274719238
2000-03-17,6.829885959625244
2000-03-20,6.70102071762085
2000-03-21,6.5291972160339355
2000-03-22,6.378857135772705
2000-03-23,6.4647650718688965
2000-03-24,6.486245155334473
2000-03-27,6.486245155334473
2000-03-28,6.486245155334473
2000-03-29,6.5721564292907715
2000-03-30,6.829885959625244
2000-03-31,6.829885959625244
2000-04-03,6.786929607391357
2000-04-04,6.980229377746582
2000-04-05,7.066139221191406
2000-04-06,6.958754062652588
2000-04-07,6.894319534301758
2000-04-10,7.152049541473389
2000-04-11,7.235289096832275
2000-04-12,7.104135990142822
2000-04-13,7.366441249847412
2000-04-14,7.2134318351745605
2000-04-17,7.104135990142822
2000-04-18,7.082279682159424
2000-04-19,6.97298002243042
2000-04-20,7.147857189178467
2000-04-24,7.432014465332031
2000-04-25,7.650608539581299
2000-04-26,7.7817583084106445
2000-04-27,7.716185569763184
2000-04-28,7.628747940063477
2000-05-01,7.738044261932373
2000-05-02,7.716185569763184
2000-05-03,7.7817583084106445
2000-05-04,7.84733772277832
2000-05-05,7.672463893890381
2000-05-08,7.672463893890381
2000-05-09,7.694325923919678
2000-05-10,7.803618431091309
2000-05-11,7.912913799285889
2000-05-12,7.84733772277832
2000-05-15,7.934771537780762
2000-05-16,7.84733772277832
2000-05-17,7.716185569763184
2000-05-18,7.869195938110352
2000-05-19,7.803618431091309
2000-05-22,8.065925598144531
2000-05-23,8.087790489196777
2000-05-24,8.284513473510742
2000-05-25,7.7817583084106445
2000-05-26,7.891054153442383
2000-05-30,7.7817583084106445
2000-05-31,7.738044261932373
2000-06-01,7.628747940063477
2000-06-02,7.497597694396973
2000-06-05,7.34458065032959
2000-06-06,7.34458065032959
2000-06-07,7.453876495361328
2000-06-08,7.366441249847412
2000-06-09,7.497597694396973
2000-06-12,7.530381679534912
2000-06-13,7.5850300788879395
2000-06-14,7.453876495361328
2000-06-15,7.6068902015686035
2000-06-16,7.519453048706055
2000-06-19,7.563177108764648
2000-06-20,7.432014465332031
2000-06-21,7.34458065032959
2000-06-22,7.235289096832275
2000-06-23,7.34458065032959
2000-06-26,7.432014465332031
2000-06-27,7.104135990142822
2000-06-28,7.328188896179199
2000-06-29,7.16971492767334
2000-06-30,7.060416221618652
2000-07-03,7.16971492767334
2000-07-05,7.104135990142822
2000-07-06,7.279006481170654
2000-07-07,7.34458065032959
2000-07-10,7.432014465332031
2000-07-11,7.562994956970215
2000-07-12,7.474012851715088
2000-07-13,7.474012851715088
2000-07-14,7.407283782958984
2000-07-17,7.3961591720581055
2000-07-18,7.340551853179932
2000-07-19,7.718698024749756
2000-07-20,7.8521647453308105
2000-07-21,7.785433769226074
2000-07-24,7.718698024749756
2000-07-25,7.8521647453308105
2000-07-26,7.807680130004883
2000-07-27,7.94114351272583
2000-07-28,7.8521647453308105
2000-07-31,7.8521647453308105
2000-08-01,8.119097709655762
2000-08-02,8.363778114318848
2000-08-03,8.563976287841797
2000-08-04,8.630712509155273
2000-08-07,8.814225196838379
2000-08-08,9.075587272644043
2000-08-09,9.053345680236816
2000-08-10,9.192370414733887
2000-08-11,9.3480806350708
2000-08-14,9.387007713317871
2000-08-15,9.47598648071289
2000-08-16,9.47598648071289
2000-08-17,9.320279121398926
2000-08-18,9.342519760131836
2000-08-21,9.421832084655762
2000-08-22,9.488973617553711
2000-08-23,9.3099365234375
2000-08-24,9.086139678955078
2000-08-25,8.974238395690918
2000-08-28,8.79520034790039
2000-08-29,8.75044059753418
2000-08-30,8.862344741821289
2000-08-31,8.979833602905273
2000-09-01,9.086139678955078
2000-09-05,8.929478645324707
2000-09-06,9.220417022705078
2000-09-07,9.220417022705078
2000-09-08,9.321118354797363
2000-09-11,9.539325714111328
2000-09-12,9.5784912109375
2000-09-13,9.511354446411133
2000-09-14,9.511354446411133
2000-09-15,9.539325714111328
2000-09-18,9.371479034423828
2000-09-19,9.382673263549805
2000-09-20,9.3099365234375
2000-09-21,9.265177726745605
2000-09-22,9.354692459106445
2000-09-25,9.332315444946289
2000-09-26,9.444212913513184
2000-09-27,9.6288480758667
2000-09-28,9.757525444030762
2000-09-29,9.852642059326172
2000-10-02,10.003702163696289
2000-10-03,9.869429588317871
2000-10-04,9.654855728149414
2000-10-05,9.36159896850586
2000-10-06,9.745087623596191
2000-10-09,9.880435943603516
2000-10-10,9.925551414489746
2000-10-11,9.970671653747559
2000-10-12,9.857878684997559
2000-10-13,9.925551414489746
2000-10-16,10.038342475891113
2000-10-17,9.993224143981934
2000-10-18,9.835315704345703
2000-10-19,9.654855728149414
2000-10-20,9.587179183959961
2000-10-23,9.429272651672363
2000-10-24,9.36159896850586
2000-10-25,9.068345069885254
2000-10-26,9.045784950256348
2000-10-27,9.113459587097168
2000-10-30,9.181136131286621
2000-10-31,9.226252555847168
2000-11-01,9.496944427490234
2000-11-02,9.316485404968262
2000-11-03,9.29392147064209
2000-11-06,9.339040756225586
2000-11-07,9.271369934082031
2000-11-08,9.29392147064209
2000-11-09,9.384154319763184
2000-11-10,9.36159896850586
2000-11-13,9.36159896850586
2000-11-14,9.29392147064209
2000-11-15,9.519505500793457
2000-11-16,9.587179183959961
2000-11-17,9.632293701171875
2000-11-20,9.564621925354004
2000-11-21,9.632293701171875
2000-11-22,9.632293701171875
2000-11-24,9.587179183959961
2000-11-27,9.429272651672363
2000-11-28,9.542062759399414
2000-11-29,9.722528457641602
2000-11-30,9.835315704345703
2000-12-01,9.722528457641602
2000-12-04,9.925551414489746
2000-12-05,9.948110580444336
2000-12-06,9.812755584716797
2000-12-07,9.970671653747559
2000-12-08,9.993224143981934
2000-12-11,9.970671653747559
2000-12-12,10.106013298034668
2000-12-13,10.106013298034668
2000-12-14,9.902993202209473
2000-12-15,9.812755584716797
2000-12-18,9.993224143981934
2000-12-19,10.060898780822754
2000-12-20,10.376712799072266
2000-12-21,10.421829223632812
2000-12-22,10.35415267944336
2000-12-26,10.737641334533691
2000-12-27,10.737641334533691
2000-12-28,10.646257400512695
2000-12-29,10.62341594696045
2001-01-02,10.349255561828613
2001-01-03,9.983724594116211
2001-01-04,9.275493621826172
2001-01-05,9.298341751098633
2001-01-08,9.412568092346191
2001-01-09,9.481108665466309
2001-01-10,9.412568092346191
2001-01-11,8.978493690490723
2001-01-12,9.115571022033691
2001-01-16,9.138418197631836
2001-01-17,9.184111595153809
2001-01-18,9.298341751098633
2001-01-19,9.389728546142578
2001-01-22,9.435419082641602
2001-01-23,9.45826244354248
2001-01-24,9.526803970336914
2001-01-25,9.641031265258789
2001-01-26,9.6638765335083
2001-01-29,9.606307983398438
2001-01-30,9.50395393371582
2001-01-31,9.310218811035156
2001-02-01,9.277323722839355
2001-02-02,9.339461326599121
2001-02-05,9.507608413696289
2001-02-06,9.434503555297852
2001-02-07,9.704999923706055
2001-02-08,9.86949348449707
2001-02-09,9.960872650146484
2001-02-12,10.015711784362793
2001-02-13,10.070534706115723
2001-02-14,10.033987045288086
2001-02-15,9.851213455200195
2001-02-16,9.997426986694336
2001-02-20,10.107093811035156
2001-02-21,10.202127456665039
2001-02-22,10.216754913330078
2001-02-23,10.033987045288086
2001-02-26,10.267927169799805
2001-02-27,10.311793327331543
2001-02-28,10.308135032653809
2001-03-01,10.289863586425781
2001-03-02,10.308135032653809
2001-03-05,10.216754913330078
2001-03-06,10.176547050476074
2001-03-07,10.172889709472656
2001-03-08,10.293513298034668
2001-03-09,10.235027313232422
2001-03-12,10.275238037109375
2001-03-13,10.260618209838867
2001-03-14,10.066883087158203
2001-03-15,10.267927169799805
2001-03-16,10.293513298034668
2001-03-19,10.308135032653809
2001-03-20,10.187507629394531
2001-03-21,10.344693183898926
2001-03-22,9.997426986694336
2001-03-23,9.982809066772461
2001-03-26,10.362961769104004
2001-03-27,10.633466720581055
2001-03-28,10.6224946975708
2001-03-29,10.839136123657227
2001-03-30,11.15019702911377
2001-04-02,11.268697738647461
2001-04-03,11.12797737121582
2001-04-04,11.124273300170898
2001-04-05,11.109468460083008
2001-04-06,10.750255584716797
2001-04-09,11.053912162780762
2001-04-10,11.364981651306152
2001-04-11,11.12797737121582
2001-04-12,11.046509742736816
2001-04-16,11.109468460083008
2001-04-17,11.553838729858398
2001-04-18,11.535326957702637
2001-04-19,11.209453582763672
2001-04-20,11.331647872924805
2001-04-23,11.324247360229492
2001-04-24,11.416825294494629
2001-04-25,11.609389305114746
2001-04-26,11.716780662536621
2001-04-27,11.609389305114746
2001-04-30,11.553838729858398
2001-05-01,11.472371101379395
2001-05-02,11.294622421264648
2001-05-03,11.105759620666504
2001-05-04,11.109468460083008
2001-05-07,11.109468460083008
2001-05-08,10.987256050109863
2001-05-09,11.109468460083008
2001-05-10,11.094650268554688
2001-05-11,11.17241096496582
2001-05-14,11.209453582763672
2001-05-15,11.161306381225586
2001-05-16,11.239070892333984
2001-05-17,11.22796630859375
2001-05-18,11.309430122375488
2001-05-21,11.527914047241211
2001-05-22,11.531623840332031
2001-05-23,11.546435356140137
2001-05-24,11.494589805603027
2001-05-25,11.19833755493164
2001-05-29,11.039102554321289
2001-05-30,11.053912162780762
2001-05-31,11.220561027526855
2001-06-01,11.068729400634766
2001-06-04,11.053912162780762
2001-06-05,10.772476196289062
2001-06-06,10.639159202575684
2001-06-07,10.639159202575684
2001-06-08,10.668790817260742
2001-06-11,10.850240707397461
2001-06-12,10.868756294250488
2001-06-13,10.657675743103027
2001-06-14,10.268848419189453
2001-06-15,10.509552955627441
2001-06-18,10.479921340942383
2001-06-19,10.565098762512207
2001-06-20,10.513251304626465
2001-06-21,10.202191352844238
2001-06-22,10.309585571289062
2001-06-25,10.276253700256348
2001-06-26,10.25774097442627
2001-06-27,10.32809829711914
2001-06-28,10.391051292419434
2001-06-29,10.535475730895996
2001-07-02,10.702113151550293
2001-07-03,10.731741905212402
2001-07-05,10.827408790588379
2001-07-06,10.842412948608398
2001-07-09,10.973726272583008
2001-07-10,11.056264877319336
2001-07-11,10.883686065673828
2001-07-12,10.838666915893555
2001-07-13,10.831162452697754
2001-07-16,10.804900169372559
2001-07-17,10.699851036071777
2001-07-18,10.654829025268555
2001-07-19,10.654829025268555
2001-07-20,10.425979614257812
2001-07-23,10.013286590576172
2001-07-24,9.64186954498291
2001-07-25,9.754419326782227
2001-07-26,10.035802841186523
2001-07-27,9.784433364868164
2001-07-30,9.934501647949219
2001-07-31,10.107080459594727
2001-08-01,10.122088432312012
2001-08-02,10.264655113220215
2001-08-03,10.388463020324707
2001-08-06,10.103336334228516
2001-08-07,10.133345603942871
2001-08-08,9.945760726928711
2001-08-09,9.972021102905273
2001-08-10,10.092081069946289
2001-08-13,10.035802841186523
2001-08-14,10.122088432312012
2001-08-15,10.058307647705078
2001-08-16,10.260902404785156
2001-08-17,10.249650001525879
2001-08-20,10.309672355651855
2001-08-21,10.268412590026855
2001-08-22,10.294666290283203
2001-08-23,10.324677467346191
2001-08-24,10.437230110168457
2001-08-27,10.467247009277344
2001-08-28,10.452240943908691
2001-08-29,10.392215728759766
2001-08-30,10.294666290283203
2001-08-31,10.279661178588867
2001-09-04,10.377202033996582
2001-09-05,10.384708404541016
2001-09-06,10.542281150817871
2001-09-07,10.71110725402832
2001-09-10,10.662330627441406
2001-09-17,10.594799995422363
2001-09-18,10.692341804504395
2001-09-19,10.44473934173584
2001-09-20,10.242143630981445
2001-09-21,10.073317527770996
2001-09-24,10.298421859741211
2001-09-25,10.182113647460938
2001-09-26,10.047053337097168
2001-09-27,10.080819129943848
2001-09-28,10.710515022277832
2001-10-01,10.657249450683594
2001-10-02,10.824661254882812
2001-10-03,11.014897346496582
2001-10-04,10.919776916503906
2001-10-05,11.13284683227539
2001-10-08,11.170896530151367
2001-10-09,10.995877265930176
2001-10-10,11.08718490600586
2001-10-11,11.041533470153809
2001-10-12,10.935002326965332
2001-10-15,10.995877265930176
2001-10-16,11.117630958557129
2001-10-17,11.022502899169922
2001-10-18,10.615392684936523
2001-10-19,10.900754928588867
2001-10-22,10.90836238861084
2001-10-23,10.915975570678711
2001-10-24,10.642029762268066
2001-10-25,10.98446273803711
2001-10-26,10.86270809173584
2001-10-29,10.86270809173584
2001-10-30,10.714316368103027
2001-10-31,10.759981155395508
2001-11-01,10.935002326965332
2001-11-02,10.874120712280273
2001-11-05,11.174698829650879
2001-11-06,11.224160194396973
2001-11-07,11.041533470153809
2001-11-08,11.212749481201172
2001-11-09,11.300257682800293
2001-11-12,11.1823091506958
2001-11-13,11.205143928527832
2001-11-14,10.935002326965332
2001-11-15,10.919776916503906
2001-11-16,10.915975570678711
2001-11-19,10.809441566467285
2001-11-20,10.942610740661621
2001-11-21,10.794220924377441
2001-11-23,10.820858001708984
2001-11-26,10.740952491760254
2001-11-27,10.877924919128418
2001-11-28,10.603984832763672
2001-11-29,10.497445106506348
2001-11-30,10.390912055969238
2001-12-03,10.4631986618042
2001-12-04,10.486029624938965
2001-12-05,10.368083000183105
2001-12-06,10.272961616516113
2001-12-07,10.390912055969238
2001-12-10,10.231109619140625
2001-12-11,9.968576431274414
2001-12-12,10.052282333374023
2001-12-13,10.128379821777344
2001-12-14,10.02945327758789
2001-12-17,9.94955825805664
2001-12-18,10.238717079162598
2001-12-19,10.508865356445312
2001-12-20,10.482224464416504
2001-12-21,10.451789855957031
2001-12-24,10.482224464416504
2001-12-26,10.581151008605957
2001-12-27,10.725739479064941
2001-12-28,10.692959785461426
2001-12-31,10.696820259094238
2002-01-02,10.878052711486816
2002-01-03,10.928179740905762
2002-01-04,10.843347549438477
2002-01-07,10.920466423034668
2002-01-08,10.804788589477539
2002-01-09,10.7700777053833
2002-01-10,10.793212890625
2002-01-11,10.708380699157715
2002-01-14,10.812499046325684
2002-01-15,10.870339393615723
2002-01-16,10.889618873596191
2002-01-17,10.746942520141602
2002-01-18,10.650540351867676
2002-01-22,10.488580703735352
2002-01-23,10.477012634277344
2002-01-24,10.349766731262207
2002-01-25,10.41531753540039
2002-01-28,10.403746604919434
2002-01-29,10.29577922821045
2002-01-30,10.180094718933105
2002-01-31,10.29577922821045
2002-02-01,10.191662788391113
2002-02-04,10.025854110717773
2002-02-05,9.694228172302246
2002-02-06,9.173656463623047
2002-02-07,9.10038948059082
2002-02-08,9.042551040649414
2002-02-11,9.131237983703613
2002-02-12,9.173656463623047
2002-02-13,9.138948440551758
2002-02-14,9.150519371032715
2002-02-15,8.830460548400879
2002-02-19,8.965418815612793
2002-02-20,8.888301849365234
2002-02-21,8.876737594604492
2002-02-22,8.94228744506836
2002-02-25,8.84974193572998
2002-02-26,8.884448051452637
2002-02-27,8.953857421875
2002-02-28,9.11966323852539
2002-03-01,9.33175277709961
2002-03-04,9.497568130493164
2002-03-05,9.829191207885742
2002-03-06,9.894747734069824
2002-03-07,9.87160873413086
2002-03-08,9.813770294189453
2002-03-11,9.906312942504883
2002-03-12,9.813770294189453
2002-03-13,9.833046913146973
2002-03-14,9.829191207885742
2002-03-15,9.856181144714355
2002-03-18,9.998858451843262
2002-03-19,9.983439445495605
2002-03-20,9.956443786621094
2002-03-21,10.234081268310547
2002-03-22,10.102974891662598
2002-03-25,10.106829643249512
2002-03-26,9.613253593444824
2002-03-27,9.825336456298828
2002-03-28,9.7752046585083
2002-04-01,9.7327880859375
2002-04-02,9.894747734069824
2002-04-03,9.91788101196289
2002-04-04,9.970706939697266
2002-04-05,9.771138191223145
2002-04-08,9.735916137695312
2002-04-09,9.778968811035156
2002-04-10,9.943315505981445
2002-04-11,9.861137390136719
2002-04-12,10.017664909362793
2002-04-15,9.849401473999023
2002-04-16,10.095928192138672
2002-04-17,10.154626846313477
2002-04-18,10.201582908630371
2002-04-19,10.150717735290527
2002-04-22,10.17419719696045
2002-04-23,10.283761024475098
2002-04-24,9.9354887008667
2002-04-25,9.822010040283203
2002-04-26,9.782877922058105
2002-04-29,9.798527717590332
2002-04-30,9.951140403747559
2002-05-01,10.021573066711426
2002-05-02,10.166370391845703
2002-05-03,10.291585922241211
2002-05-06,10.138976097106934
2002-05-07,10.111587524414062
2002-05-08,10.18202018737793
2002-05-09,10.146800994873047
2002-05-10,9.117635726928711
2002-05-13,8.675454139709473
2002-05-14,8.327186584472656
2002-05-15,8.198052406311035
2002-05-16,7.939785003662109
2002-05-17,8.002397537231445
2002-05-20,8.468058586120605
2002-05-21,8.49544906616211
2002-05-22,8.843720436096191
2002-05-23,9.047205924987793
2002-05-24,8.976768493652344
2002-05-28,8.929808616638184
2002-05-29,8.612847328186035
2002-05-30,8.315445899963379
2002-05-31,8.40936279296875
2002-06-03,8.295877456665039
2002-06-04,8.276312828063965
2002-06-05,8.276312828063965
2002-06-06,8.002397537231445
2002-06-07,7.8654327392578125
2002-06-10,7.967175006866455
2002-06-11,7.959352016448975
2002-06-12,7.869348526000977
2002-06-13,7.826298713684082
2002-06-14,7.834123611450195
2002-06-17,7.924130916595459
2002-06-18,7.8654327392578125
2002-06-19,7.286287784576416
2002-06-20,6.515395164489746
2002-06-21,6.221911430358887
2002-06-24,5.811028957366943
2002-06-25,5.760156631469727
2002-06-26,6.096690654754639
2002-06-27,6.495828628540039
2002-06-28,6.562352180480957
2002-07-01,6.233650207519531
2002-07-02,6.249302387237549
2002-07-03,6.078993797302246
2002-07-05,6.191197872161865
2002-07-08,6.099030017852783
2002-07-09,5.978812217712402
2002-07-10,5.61415433883667
2002-07-11,6.083001136779785
2002-07-12,5.742384433746338
2002-07-15,6.010867118835449
2002-07-16,5.870616912841797
2002-07-17,6.014880180358887
2002-07-18,5.798487186431885
2002-07-19,5.3376545906066895
2002-07-22,5.590109348297119
2002-07-23,4.307791233062744
2002-07-24,4.732558250427246
2002-07-25,4.7846527099609375
2002-07-26,3.0254721641540527
2002-07-29,2.2681028842926025
2002-07-30,2.5205583572387695
2002-07-31,2.7890443801879883
2002-08-01,2.809079885482788
2002-08-02,2.7810308933258057
2002-08-05,2.612724781036377
2002-08-06,3.2258353233337402
2002-08-07,3.12565279006958
2002-08-08,3.2618985176086426
2002-08-09,3.6185455322265625
2002-08-12,4.247681617736816
2002-08-13,3.943134069442749
2002-08-14,4.247681617736816
2002-08-15,4.067357063293457
2002-08-16,3.971182346343994
2002-08-19,4.023277759552002
2002-08-20,3.9110727310180664
2002-08-21,3.9992318153381348
2002-08-22,4.275731563568115
2002-08-23,3.9271016120910645
2002-08-26,4.047317981719971
2002-08-27,4.143495082855225
2002-08-28,3.9511477947235107
2002-08-29,3.8830230236053467
2002-08-30,3.8710029125213623
2002-09-03,3.6425867080688477
2002-09-04,3.610529899597168
2002-09-05,3.6225545406341553
2002-09-06,3.3861243724823
2002-09-09,3.3781096935272217
2002-09-10,3.4462313652038574
2002-09-11,3.5864856243133545
2002-09-12,3.4462313652038574
2002-09-13,3.718724250793457
2002-09-16,3.726738929748535
2002-09-17,3.6385793685913086
2002-09-18,3.626558303833008
2002-09-19,3.6465930938720703
2002-09-20,3.746777057647705
2002-09-23,3.6666300296783447
2002-09-24,3.4702765941619873
2002-09-25,3.6185455322265625
2002-09-26,3.686666965484619
2002-09-27,3.6465930938720703
2002-09-30,3.730747699737549
2002-10-01,3.9271016120910645
2002-10-02,3.8269202709198
2002-10-03,3.7075583934783936
2002-10-04,3.511350154876709
2002-10-07,3.732086420059204
2002-10-08,3.4255073070526123
2002-10-09,3.090315103530884
2002-10-10,3.3519277572631836
2002-10-11,3.511350154876709
2002-10-14,3.597191095352173
2002-10-15,3.678945541381836
2002-10-16,3.621717691421509
2002-10-17,3.772963285446167
2002-10-18,3.6871228218078613
2002-10-21,4.500576972961426
2002-10-22,4.292103290557861
2002-10-23,4.292103290557861
2002-10-24,4.222612380981445
2002-10-25,4.312540531158447
2002-10-28,4.35750675201416
2002-10-29,4.3166303634643555
2002-10-30,4.373857498168945
2002-10-31,4.25122594833374
2002-11-01,4.414735317230225
2002-11-04,4.668174743652344
2002-11-05,4.459697246551514
2002-11-06,4.594594478607178
2002-11-07,4.279839515686035
2002-11-08,4.292103290557861
2002-11-11,4.169471263885498
2002-11-12,3.7402596473693848
2002-11-13,3.7157340049743652
2002-11-14,3.7852272987365723
2002-11-15,3.8751564025878906
2002-11-18,3.8424553871154785
2002-11-19,4.030490875244141
2002-11-20,4.292103290557861
2002-11-21,4.332980632781982
2002-11-22,4.390208721160889
2002-11-25,4.496490001678467
2002-11-26,4.312540531158447
2002-11-27,4.353420257568359
2002-11-29,4.390208721160889
2002-12-02,4.2880144119262695
2002-12-03,4.2144389152526855
2002-12-04,4.144946575164795
2002-12-05,4.202172756195068
2002-12-06,4.210350036621094
2002-12-09,4.104068279266357
2002-12-10,4.210350036621094
2002-12-11,4.202172756195068
2002-12-12,4.198086261749268
2002-12-13,4.271664142608643
2002-12-16,4.480138778686523
2002-12-17,4.512840270996094
2002-12-18,4.414735317230225
2002-12-19,4.3983845710754395
2002-12-20,4.484224319458008
2002-12-23,4.516927242279053
2002-12-24,4.414735317230225
2002-12-26,4.5291924476623535
2002-12-27,4.435173511505127
2002-12-30,4.480138778686523
2002-12-31,4.574965000152588
2003-01-02,4.720532417297363
2003-01-03,4.799553394317627
2003-01-06,5.094845771789551
2003-01-07,4.907689571380615
2003-01-08,5.240414142608643
2003-01-09,5.16555118560791
2003-01-10,5.099008083343506
2003-01-13,5.136436462402344
2003-01-14,5.094845771789551
2003-01-15,5.065733432769775
2003-01-16,5.0116682052612305
2003-01-17,5.0740532875061035
2003-01-21,5.123960018157959
2003-01-22,4.920166015625
2003-01-23,4.916007995605469
2003-01-24,4.8369855880737305
2003-01-27,4.653987884521484
2003-01-28,4.762121677398682
2003-01-29,4.699734687805176
2003-01-30,4.554168224334717
2003-01-31,4.583282470703125
2003-02-03,4.608238697052002
2003-02-04,4.583282470703125
2003-02-05,4.574965000152588
2003-02-06,4.608238697052002
2003-02-07,4.504261016845703
2003-02-10,4.662304878234863
2003-02-11,4.49178409576416
2003-02-12,4.429397106170654
2003-02-13,4.479305744171143
2003-02-14,4.404444694519043
2003-02-18,4.537536144256592
2003-02-19,4.558330059051514
2003-02-20,4.4876251220703125
2003-02-21,4.516737937927246
2003-02-24,4.483465671539307
2003-02-25,4.583282470703125
2003-02-26,4.5001020431518555
2003-02-27,4.641509532928467
2003-02-28,4.612395286560059
2003-03-03,4.591601848602295
2003-03-04,4.599920749664307
2003-03-05,4.712213039398193
2003-03-06,4.637350559234619
2003-03-07,4.6456685066223145
2003-03-10,4.604076862335205
2003-03-11,4.574965000152588
2003-03-12,4.637350559234619
2003-03-13,4.712213039398193
2003-03-14,4.658145904541016
2003-03-17,4.774598598480225
2003-03-18,4.787080764770508
2003-03-19,4.658145904541016
2003-03-20,4.77044153213501
2003-03-21,4.965916156768799
2003-03-24,4.841145992279053
2003-03-25,4.961756706237793
2003-03-26,5.3735032081604
2003-03-27,5.3942999839782715
2003-03-28,5.331912994384766
2003-03-31,5.327754974365234
2003-04-01,5.30695915222168
2003-04-02,5.3818230628967285
2003-04-03,5.369346618652344
2003-04-04,5.348548412322998
2003-04-07,5.3235955238342285
2003-04-08,5.34023380279541
2003-04-09,5.35270881652832
2003-04-10,5.348548412322998
2003-04-11,5.3235955238342285
2003-04-14,5.3818230628967285
2003-04-15,5.402618408203125
2003-04-16,5.398459434509277
2003-04-17,5.4109344482421875
2003-04-21,5.402618408203125
2003-04-22,5.431731224060059
2003-04-23,5.506596565246582
2003-04-24,5.544022083282471
2003-04-25,5.606413841247559
2003-04-28,5.606413841247559
2003-04-29,5.6147308349609375
2003-04-30,5.623047351837158
2003-05-01,5.660479545593262
2003-05-02,5.810204029083252
2003-05-05,5.747819423675537
2003-05-06,5.7187066078186035
2003-05-07,5.6771159172058105
2003-05-08,5.781091213226318
2003-05-09,5.743659496307373
2003-05-12,5.797729969024658
2003-05-13,5.781091213226318
2003-05-14,5.864271640777588
2003-05-15,6.026477813720703
2003-05-16,6.072226524353027
2003-05-19,6.072226524353027
2003-05-20,6.030636310577393
2003-05-21,5.989044666290283
2003-05-22,6.034793853759766
2003-05-23,6.384157657623291
2003-05-27,6.3633599281311035
2003-05-28,6.3508830070495605
2003-05-29,6.4049506187438965
2003-05-30,6.400794506072998
2003-06-02,6.400794506072998
2003-06-03,6.413268089294434
2003-06-04,6.562994956970215
2003-06-05,6.486386775970459
2003-06-06,6.397995471954346
2003-06-09,6.3474836349487305
2003-06-10,6.334852695465088
2003-06-11,6.461134433746338
2003-06-12,6.511641502380371
2003-06-13,6.414830207824707
2003-06-16,6.473759174346924
2003-06-17,6.482178211212158
2003-06-18,6.477972030639648
2003-06-19,6.368529796600342
2003-06-20,6.4106221199035645
2003-06-23,6.427458763122559
2003-06-24,6.3811564445495605
2003-06-25,6.343275547027588
2003-06-26,6.355901718139648
2003-06-27,6.351694107055664
2003-06-30,6.330646991729736
2003-07-01,6.318020343780518
2003-07-02,6.415205955505371
2003-07-03,6.34274435043335
2003-07-07,6.34274435043335
2003-07-08,6.385368824005127
2003-07-09,6.244699954986572
2003-07-10,6.129610061645508
2003-07-11,6.176501750946045
2003-07-14,6.142402172088623
2003-07-15,6.129610061645508
2003-07-16,6.040098667144775
2003-07-17,5.980421543121338
2003-07-18,6.082724571228027
2003-07-21,6.048622131347656
2003-07-22,6.176501750946045
2003-07-23,6.138133525848389
2003-07-24,6.078461170196533
2003-07-25,6.185025691986084
2003-07-28,6.125350475311279
2003-07-29,6.035836219787598
2003-07-30,6.031571865081787
2003-07-31,6.172236919403076
2003-08-01,6.104035377502441
2003-08-04,6.0614094734191895
2003-08-05,5.980421543121338
2003-08-06,6.0187859535217285
2003-08-07,6.0742011070251465
2003-08-08,6.104035377502441
2003-08-11,6.0699357986450195
2003-08-12,6.163712024688721
2003-08-13,6.146662712097168
2003-08-14,6.1679768562316895
2003-08-15,6.1807637214660645
2003-08-18,6.040098667144775
2003-08-19,6.091248512268066
2003-08-20,6.095513343811035
2003-08-21,6.155187129974365
2003-08-22,6.116825103759766
2003-08-25,6.163712024688721
2003-08-26,6.193550109863281
2003-08-27,6.1892900466918945
2003-08-28,6.202077388763428
2003-08-29,6.244699954986572
2003-09-02,6.34274435043335
2003-09-03,6.325693130493164
2003-09-04,6.3597941398620605
2003-09-05,6.402419090270996
2003-09-08,6.5047221183776855
2003-09-09,6.517508029937744
2003-09-10,6.513246059417725
2003-09-11,6.56439733505249
2003-09-12,6.572922229766846
2003-09-15,6.568656921386719
2003-09-16,6.6624369621276855
2003-09-17,6.56439733505249
2003-09-18,6.611286163330078
2003-09-19,6.56439733505249
2003-09-22,6.551609516143799
2003-09-23,6.619813442230225
2003-09-24,6.526033401489258
2003-09-25,6.436519145965576
2003-09-26,6.513246059417725
2003-09-29,6.615551471710205
2003-09-30,6.594233512878418
2003-10-01,6.607023239135742
2003-10-02,6.730637550354004
2003-10-03,6.69653844833374
2003-10-06,6.739162445068359
2003-10-07,6.645389080047607
2003-10-08,6.611286163330078
2003-10-09,6.526033401489258
2003-10-10,6.645389080047607
2003-10-13,6.658175468444824
2003-10-14,6.688012599945068
2003-10-15,6.645389080047607
2003-10-16,6.74342679977417
2003-10-17,6.670962333679199
2003-10-20,6.709328651428223
2003-10-21,6.734899997711182
2003-10-22,6.69653844833374
2003-10-23,6.726374626159668
2003-10-24,6.7562174797058105
2003-10-27,6.74342679977417
2003-10-28,6.820155143737793
2003-10-29,6.905405044555664
2003-10-30,6.977869510650635
2003-10-31,6.990655422210693
2003-11-03,6.977869510650635
2003-11-04,7.003444194793701
2003-11-05,6.977869510650635
2003-11-06,7.029021263122559
2003-11-07,7.0247578620910645
2003-11-10,7.054596424102783
2003-11-11,7.067383289337158
2003-11-12,7.075908184051514
2003-11-13,7.080171585083008
2003-11-14,7.067383289337158
2003-11-17,6.905405044555664
2003-11-18,6.80310583114624
2003-11-19,6.952293395996094
2003-11-20,6.930981159210205
2003-11-21,6.930981159210205
2003-11-24,7.041808128356934
2003-11-25,7.110011100769043
2003-11-26,7.14837121963501
2003-11-28,7.118535995483398
2003-12-01,7.15689754486084
2003-12-02,7.225101470947266
2003-12-03,7.250676155090332
2003-12-04,7.271990776062012
2003-12-05,7.203786373138428
2003-12-08,7.2975616455078125
2003-12-09,7.352974891662598
2003-12-10,7.3231401443481445
2003-12-11,7.356754779815674
2003-12-12,7.326588153839111
2003-12-15,7.287799835205078
2003-12-16,7.317966938018799
2003-12-17,7.313658714294434
2003-12-18,7.326588153839111
2003-12-19,7.309345245361328
2003-12-22,7.369682312011719
2003-12-23,7.451572418212891
2003-12-24,7.421401500701904
2003-12-26,7.447259902954102
2003-12-29,7.473114490509033
2003-12-30,7.406893253326416
2003-12-31,7.398177146911621
2004-01-02,7.393821716308594
2004-01-05,7.393821716308594
2004-01-06,7.393821716308594
2004-01-07,7.459171295166016
2004-01-08,7.541956424713135
2004-01-09,7.507102012634277
2004-01-12,7.459171295166016
2004-01-13,7.441747188568115
2004-01-14,7.472245216369629
2004-01-15,7.437391757965088
2004-01-16,7.402535438537598
2004-01-20,7.446105003356934
2004-01-21,7.537603855133057
2004-01-22,7.52888822555542
2004-01-23,7.454819202423096
2004-01-26,7.459171295166016
2004-01-27,7.3851094245910645
2004-01-28,7.472245216369629
2004-01-29,7.507102012634277
2004-01-30,7.5463175773620605
2004-02-02,7.616026878356934
2004-02-03,7.602958679199219
2004-02-04,7.463534355163574
2004-02-05,7.450459957122803
2004-02-06,7.502746105194092
2004-02-09,7.52888822555542
2004-02-10,7.533249378204346
2004-02-11,7.602958679199219
2004-02-12,7.5463175773620605
2004-02-13,7.5114617347717285
2004-02-17,7.6247406005859375
2004-02-18,7.642169952392578
2004-02-19,7.598599433898926
2004-02-20,7.611674785614014
2004-02-23,7.616026878356934
2004-02-24,7.57245397567749
2004-02-25,7.581172466278076
2004-02-26,7.594241142272949
2004-02-27,7.611674785614014
2004-03-01,7.820807456970215
2004-03-02,7.724952697753906
2004-03-03,7.724952697753906
2004-03-04,7.751093864440918
2004-03-05,7.772883415222168
2004-03-08,7.768524169921875
2004-03-09,7.781594276428223
2004-03-10,7.746737003326416
2004-03-11,7.672667980194092
2004-03-12,7.720597743988037
2004-03-15,7.790306091308594
2004-03-16,7.764165878295898
2004-03-17,7.9471611976623535
2004-03-18,7.912303924560547
2004-03-19,7.9471611976623535
2004-03-22,7.951517105102539
2004-03-23,7.929731369018555
2004-03-24,7.903588771820068
2004-03-25,7.8905181884765625
2004-03-26,7.851302623748779
2004-03-29,7.877447128295898
2004-03-30,7.846948623657227
2004-03-31,7.841662883758545
2004-04-01,7.907707214355469
2004-04-02,7.894496440887451
2004-04-05,7.859278678894043
2004-04-06,7.832859039306641
2004-04-07,7.828454971313477
2004-04-08,7.837263107299805
2004-04-12,7.665546894073486
2004-04-13,7.485026836395264
2004-04-14,7.511445999145508
2004-04-15,7.555471897125244
2004-04-16,7.480622291564941
2004-04-19,7.533456802368164
2004-04-20,7.480622291564941
2004-04-21,7.39696741104126
2004-04-22,7.520251274108887
2004-04-23,7.445399284362793
2004-04-26,7.41898250579834
2004-04-27,7.383758068084717
2004-04-28,7.551068305969238
2004-04-29,7.370549201965332
2004-04-30,7.366142749786377
2004-05-03,7.454206943511963
2004-05-04,7.401367664337158
2004-05-05,7.352940082550049
2004-05-06,7.3573384284973145
2004-05-07,7.097565650939941
2004-05-10,6.978687286376953
2004-05-11,6.899430274963379
2004-05-12,6.956670761108398
2004-05-13,6.908237934112549
2004-05-14,6.956670761108398
2004-05-17,6.899430274963379
2004-05-18,6.983086585998535
2004-05-19,6.9302520751953125
2004-05-20,7.013910293579102
2004-05-21,7.066742897033691
2004-05-24,7.137193202972412
2004-05-25,7.304500579833984
2004-05-26,7.348536968231201
2004-05-27,7.41898250579834
2004-05-28,7.480622291564941
2004-06-01,7.436594009399414
2004-06-02,7.392560005187988
2004-06-03,7.352940082550049
2004-06-04,7.366142749786377
2004-06-07,7.458611965179443
2004-06-08,7.392560005187988
2004-06-09,7.352940082550049
2004-06-10,7.370549201965332
2004-06-14,7.322115898132324
2004-06-15,7.344130516052246
2004-06-16,7.392560005187988
2004-06-17,7.39696741104126
2004-06-18,7.41898250579834
2004-06-21,7.524653434753418
2004-06-22,7.507039546966553
2004-06-23,7.5862932205200195
2004-06-24,7.546667575836182
2004-06-25,7.524653434753418
2004-06-28,7.546667575836182
2004-06-29,7.445399284362793
2004-06-30,7.448962211608887
2004-07-01,7.324148178100586
2004-07-02,7.431135177612305
2004-07-06,7.462339878082275
2004-07-07,7.466796875
2004-07-08,7.444507122039795
2004-07-09,7.489082336425781
2004-07-12,7.471255302429199
2004-07-13,7.489082336425781
2004-07-14,7.502457141876221
2004-07-15,7.57824182510376
2004-07-16,7.649564266204834
2004-07-19,7.658483982086182
2004-07-20,7.752093315124512
2004-07-21,7.520288467407227
2004-07-22,7.4355926513671875
2004-07-23,7.382094860076904
2004-07-26,7.346436500549316
2004-07-27,7.319691181182861
2004-07-28,7.422220230102539
2004-07-29,7.622817039489746
2004-07-30,7.622817039489746
2004-08-02,7.71197509765625
2004-08-03,7.680769443511963
2004-08-04,7.703057765960693
2004-08-05,7.622817039489746
2004-08-06,7.6852288246154785
2004-08-09,7.645110130310059
2004-08-10,7.703057765960693
2004-08-11,7.716433048248291
2004-08-12,7.694146156311035
2004-08-13,7.680769443511963
2004-08-16,7.707517623901367
2004-08-17,7.662938117980957
2004-08-18,7.8011298179626465
2004-08-19,7.765471458435059
2004-08-20,7.814505100250244
2004-08-23,7.783302307128906
2004-08-24,7.787758827209473
2004-08-25,7.805594444274902
2004-08-26,7.8011298179626465
2004-08-27,7.765471458435059
2004-08-30,7.774382591247559
2004-08-31,7.867995738983154
2004-09-01,7.818964958190918
2004-09-02,7.854625701904297
2004-09-03,7.818964958190918
2004-09-07,7.867995738983154
2004-09-08,7.71197509765625
2004-09-09,7.734264373779297
2004-09-10,7.752093315124512
2004-09-13,7.698603630065918
2004-09-14,7.676313877105713
2004-09-15,7.654020309448242
2004-09-16,7.716433048248291
2004-09-17,7.725347518920898
2004-09-20,7.7298054695129395
2004-09-21,7.8011298179626465
2004-09-22,7.774382591247559
2004-09-23,7.734264373779297
2004-09-24,7.7387213706970215
2004-09-27,7.765471458435059
2004-09-28,7.783302307128906
2004-09-29,7.8094658851623535
2004-09-30,7.813979148864746
2004-10-01,7.904206275939941
2004-10-04,7.931275844573975
2004-10-05,7.881653308868408
2004-10-06,7.904206275939941
2004-10-07,7.890671730041504
2004-10-08,7.931275844573975
2004-10-11,7.913236141204834
2004-10-12,7.931275844573975
2004-10-13,7.786910057067871
2004-10-14,7.72825813293457
2004-10-15,7.868114471435547
2004-10-18,7.818490028381348
2004-10-19,7.782398223876953
2004-10-20,7.804955959320068
2004-10-21,7.8094658851623535
2004-10-22,7.683141231536865
2004-10-25,7.696678638458252
2004-10-26,7.782398223876953
2004-10-27,7.759838581085205
2004-10-28,7.723746299743652
2004-10-29,7.714720249176025
2004-11-01,7.723746299743652
2004-11-02,7.678634166717529
2004-11-03,7.827513217926025
2004-11-04,7.9718804359436035
2004-11-05,7.962859153747559
2004-11-08,8.016998291015625
2004-11-09,8.044065475463867
2004-11-10,8.053091049194336
2004-11-11,8.156854629516602
2004-11-12,8.269641876220703
2004-11-15,8.161368370056152
2004-11-16,8.174901962280273
2004-11-17,8.129782676696777
2004-11-18,8.188432693481445
2004-11-19,8.12527084350586
2004-11-22,8.192950248718262
2004-11-23,8.229040145874023
2004-11-24,8.229040145874023
2004-11-26,8.260619163513184
2004-11-29,8.174901962280273
2004-11-30,8.147830963134766
2004-12-01,8.156854629516602
2004-12-02,8.053091049194336
2004-12-03,8.053091049194336
2004-12-06,8.179414749145508
2004-12-07,8.120760917663574
2004-12-08,8.098204612731934
2004-12-09,8.07564926147461
2004-12-10,8.111739158630371
2004-12-13,8.156854629516602
2004-12-14,8.12527084350586
2004-12-15,8.238062858581543
2004-12-16,8.251594543457031
2004-12-17,8.274158477783203
2004-12-20,8.29220199584961
2004-12-21,8.404987335205078
2004-12-22,8.450106620788574
2004-12-23,8.386942863464355
2004-12-27,8.233548164367676
2004-12-28,8.269641876220703
2004-12-29,8.305736541748047
2004-12-30,8.33220100402832
2004-12-31,8.304821014404297
2005-01-03,8.22268295288086
2005-01-04,8.099479675292969
2005-01-05,8.008224487304688
2005-01-06,7.994528293609619
2005-01-07,7.948904037475586
2005-01-10,8.058411598205566
2005-01-11,8.085796356201172
2005-01-12,8.076666831970215
2005-01-13,8.154239654541016
2005-01-14,8.190744400024414
2005-01-18,8.295696258544922
2005-01-19,8.263753890991211
2005-01-20,8.227251052856445
2005-01-21,8.23180866241455
2005-01-24,8.254629135131836
2005-01-25,8.19530963897705
2005-01-26,8.245499610900879
2005-01-27,8.25918960571289
2005-01-28,8.24094009399414
2005-01-31,8.300259590148926
2005-02-01,8.304821014404297
2005-02-02,8.272883415222168
2005-02-03,8.336761474609375
2005-02-04,8.40064811706543
2005-02-07,8.268317222595215
2005-02-08,8.323077201843262
2005-02-09,8.23180866241455
2005-02-10,8.190744400024414
2005-02-11,8.177057266235352
2005-02-14,8.245499610900879
2005-02-15,8.295696258544922
2005-02-16,8.3093843460083
2005-02-17,8.25918960571289
2005-02-18,8.149678230285645
2005-02-22,7.907832145690918
2005-02-23,7.994528293609619
2005-02-24,8.01734733581543
2005-02-25,8.21356201171875
2005-02-28,8.085796356201172
2005-03-01,8.172494888305664
2005-03-02,8.131424903869629
2005-03-03,8.122296333312988
2005-03-04,8.14055347442627
2005-03-07,8.186186790466309
2005-03-08,8.145116806030273
2005-03-09,8.058411598205566
2005-03-10,8.149678230285645
2005-03-11,8.058411598205566
2005-03-14,8.044731140136719
2005-03-15,8.026473045349121
2005-03-16,7.926087856292725
2005-03-17,7.930649757385254
2005-03-18,7.84395170211792
2005-03-21,7.862203121185303
2005-03-22,7.716183185577393
2005-03-23,7.725311279296875
2005-03-24,7.775506496429443
2005-03-28,7.720743656158447
2005-03-29,7.655148029327393
2005-03-30,7.863040924072266
2005-03-31,7.936962127685547
2005-04-01,7.96005916595459
2005-04-04,7.918482303619385
2005-04-05,7.973918914794922
2005-04-06,7.913857460021973
2005-04-07,7.92771577835083
2005-04-08,7.909236907958984
2005-04-11,7.96005916595459
2005-04-12,8.00163459777832
2005-04-13,7.973918914794922
2005-04-14,7.890757083892822
2005-04-15,7.821463584899902
2005-04-18,7.8538007736206055
2005-04-19,7.923096179962158
2005-04-20,7.950819492340088
2005-04-21,8.094032287597656
2005-04-22,8.098651885986328
2005-04-25,8.18181324005127
2005-04-26,8.04783821105957
2005-04-27,8.015496253967285
2005-04-28,7.9046196937561035
2005-04-29,7.936962127685547
2005-05-02,7.955440521240234
2005-05-03,7.92771577835083
2005-05-04,7.913857460021973
2005-05-05,7.9046196937561035
2005-05-06,7.992396831512451
2005-05-09,8.08017349243164
2005-05-10,8.246485710144043
2005-05-11,8.343509674072266
2005-05-12,8.20029354095459
2005-05-13,8.28345012664795
2005-05-16,8.28345012664795
2005-05-17,8.361984252929688
2005-05-18,8.361984252929688
2005-05-19,8.357368469238281
2005-05-20,8.375848770141602
2005-05-23,8.315790176391602
2005-05-24,8.329647064208984
2005-05-25,8.366605758666992
2005-05-26,8.338888168334961
2005-05-27,8.505202293395996
2005-05-31,8.514445304870605
2005-06-01,8.625317573547363
2005-06-02,8.648419380187988
2005-06-03,8.689995765686035
2005-06-06,8.694615364074707
2005-06-07,8.731578826904297
2005-06-08,8.884034156799316
2005-06-09,8.92560863494873
2005-06-10,8.851696014404297
2005-06-13,8.884034156799316
2005-06-14,8.976435661315918
2005-06-15,8.94408893585205
2005-06-16,8.939473152160645
2005-06-17,9.041108131408691
2005-06-20,9.008769989013672
2005-06-21,8.916372299194336
2005-06-22,8.971811294555664
2005-06-23,9.045727729797363
2005-06-24,8.981050491333008
2005-06-27,9.013387680053711
2005-06-28,9.085798263549805
2005-06-29,9.067111015319824
2005-06-30,9.118498802185059
2005-07-01,9.183899879455566
2005-07-05,9.137185096740723
2005-07-06,9.02039909362793
2005-07-07,9.071784973144531
2005-07-08,9.179220199584961
2005-07-11,9.188565254211426
2005-07-12,9.12316608428955
2005-07-13,9.118498802185059
2005-07-14,9.011054039001465
2005-07-15,9.015725135803223
2005-07-18,8.992363929748535
2005-07-19,8.997039794921875
2005-07-20,9.025067329406738
2005-07-21,8.912955284118652
2005-07-22,8.997039794921875
2005-07-25,8.9222993850708
2005-07-26,8.945652961730957
2005-07-27,8.992363929748535
2005-07-28,9.062443733215332
2005-07-29,9.067111015319824
2005-08-01,9.015725135803223
2005-08-02,9.118498802185059
2005-08-03,9.085798263549805
2005-08-04,9.025067329406738
2005-08-05,8.884928703308105
2005-08-08,8.735441207885742
2005-08-09,8.852228164672852
2005-08-10,8.912955284118652
2005-08-11,8.98769760131836
2005-08-12,8.940984725952148
2005-08-15,8.880258560180664
2005-08-16,8.721429824829102
2005-08-17,8.814857482910156
2005-08-18,8.908287048339844
2005-08-19,8.945652961730957
2005-08-22,8.950326919555664
2005-08-23,8.940984725952148
2005-08-24,8.880258560180664
2005-08-25,8.926971435546875
2005-08-26,8.880258560180664
2005-08-29,8.945652961730957
2005-08-30,8.936312675476074
2005-08-31,8.98769760131836
2005-09-01,9.113825798034668
2005-09-02,9.104484558105469
2005-09-06,9.165209770202637
2005-09-07,9.137185096740723
2005-09-08,8.973678588867188
2005-09-09,9.104484558105469
2005-09-12,9.071784973144531
2005-09-13,9.053092956542969
2005-09-14,9.12316608428955
2005-09-15,9.146522521972656
2005-09-16,9.258638381958008
2005-09-19,9.296008110046387
2005-09-20,9.277320861816406
2005-09-21,9.207249641418457
2005-09-22,9.197908401489258
2005-09-23,9.216597557067871
2005-09-26,9.165209770202637
2005-09-27,9.195910453796387
2005-09-28,9.276204109191895
2005-09-29,9.276204109191895
2005-09-30,9.262039184570312
2005-10-03,9.257312774658203
2005-10-04,9.158125877380371
2005-10-05,8.964479446411133
2005-10-06,8.832230567932129
2005-10-07,8.997536659240723
2005-10-10,8.775547981262207
2005-10-11,8.775547981262207
2005-10-12,8.614970207214355
2005-10-13,8.529950141906738
2005-10-14,8.59607219696045
2005-10-17,8.699984550476074
2005-10-18,8.50161075592041
2005-10-19,8.61024284362793
2005-10-20,8.55356216430664
2005-10-21,8.662198066711426
2005-10-24,8.78027629852295
2005-10-25,8.761384010314941
2005-10-26,8.7424898147583
2005-10-27,8.539393424987793
2005-10-28,8.619686126708984
2005-10-31,8.657474517822266
2005-11-01,8.567732810974121
2005-11-02,8.586627006530762
2005-11-03,8.459102630615234
2005-11-04,8.492161750793457
2005-11-07,8.487441062927246
2005-11-08,8.477997779846191
2005-11-09,8.624411582946777
2005-11-10,8.67164421081543
2005-11-11,8.624411582946777
2005-11-14,8.534669876098633
2005-11-15,8.492161750793457
2005-11-16,8.624411582946777
2005-11-17,8.723600387573242
2005-11-18,8.766105651855469
2005-11-21,8.685811996459961
2005-11-22,8.737765312194824
2005-11-23,8.874738693237305
2005-11-25,8.92197036743164
2005-11-28,8.931411743164062
2005-11-29,8.903077125549316
2005-11-30,8.7424898147583
2005-12-01,8.761384010314941
2005-12-02,8.761384010314941
2005-12-05,8.7424898147583
2005-12-06,8.747209548950195
2005-12-07,8.709427833557129
2005-12-08,8.737765312194824
2005-12-09,8.803889274597168
2005-12-12,8.770831108093262
2005-12-13,8.832230567932129
2005-12-14,8.907797813415527
2005-12-15,8.907797813415527
2005-12-16,8.926694869995117
2005-12-19,8.789722442626953
2005-12-20,8.917244911193848
2005-12-21,8.85584545135498
2005-12-22,8.931411743164062
2005-12-23,8.907797813415527
2005-12-27,8.884183883666992
2005-12-28,8.917244911193848
2005-12-29,8.87663745880127
2005-12-30,8.819302558898926
2006-01-03,8.87186050415039
2006-01-04,8.91485595703125
2006-01-05,8.910082817077637
2006-01-06,8.943520545959473
2006-01-09,8.919633865356445
2006-01-10,8.96263313293457
2006-01-11,8.895745277404785
2006-01-12,8.986520767211914
2006-01-13,8.991297721862793
2006-01-17,9.091625213623047
2006-01-18,9.115510940551758
2006-01-19,9.139398574829102
2006-01-20,9.091625213623047
2006-01-23,9.148954391479492
2006-01-24,9.215840339660645
2006-01-25,9.182394981384277
2006-01-26,9.19672966003418
2006-01-27,9.292281150817871
2006-01-30,9.211064338684082
2006-01-31,9.277946472167969
2006-02-01,9.287506103515625
2006-02-02,9.053404808044434
2006-02-03,9.05817985534668
2006-02-06,8.972188949584961
2006-02-07,8.838415145874023
2006-02-08,8.747645378112793
2006-02-09,8.905303955078125
2006-02-10,8.881415367126465
2006-02-13,8.795417785644531
2006-02-14,8.795417785644531
2006-02-15,8.88619327545166
2006-02-16,8.87186050415039
2006-02-17,9.04384994506836
2006-02-21,9.062958717346191
2006-02-22,9.158510208129883
2006-02-23,9.053404808044434
2006-02-24,9.091625213623047
2006-02-27,9.005630493164062
2006-02-28,8.867080688476562
2006-03-01,8.814528465270996
2006-03-02,8.766754150390625
2006-03-03,8.709423065185547
2006-03-06,8.680763244628906
2006-03-07,8.623427391052246
2006-03-08,8.695089340209961
2006-03-09,8.652092933654785
2006-03-10,8.690314292907715
2006-03-13,8.79063892364502
2006-03-14,8.804974555969238
2006-03-15,8.847970008850098
2006-03-16,8.933964729309082
2006-03-17,8.838415145874023
2006-03-20,8.742860794067383
2006-03-21,8.80019474029541
2006-03-22,8.824084281921387
2006-03-23,8.824084281921387
2006-03-24,8.804974555969238
2006-03-27,8.785861015319824
2006-03-28,8.754441261291504
2006-03-29,8.841449737548828
2006-03-30,8.754441261291504
2006-03-31,8.773776054382324
2006-04-03,8.84628677368164
2006-04-04,8.962307929992676
2006-04-05,8.952635765075684
2006-04-06,8.84628677368164
2006-04-07,8.735103607177734
2006-04-10,8.735103607177734
2006-04-11,8.71576976776123
2006-04-12,8.64809513092041
2006-04-13,8.662595748901367
2006-04-17,8.662595748901367
2006-04-18,8.79794692993164
2006-04-19,8.807618141174316
2006-04-20,8.89946174621582
2006-04-21,8.84628677368164
2006-04-24,8.918798446655273
2006-04-25,8.802785873413086
2006-04-26,8.749608039855957
2006-04-27,8.962307929992676
2006-04-28,9.107328414916992
2006-05-01,8.889793395996094
2006-05-02,8.88496208190918
2006-05-03,8.947803497314453
2006-05-04,9.058991432189941
2006-05-05,9.208843231201172
2006-05-08,9.160501480102539
2006-05-09,9.102493286132812
2006-05-10,9.160501480102539
2006-05-11,9.054149627685547
2006-05-12,8.894627571105957
2006-05-15,9.015484809875488
2006-05-16,8.986478805541992
2006-05-17,8.79794692993164
2006-05-18,8.759279251098633
2006-05-19,8.822115898132324
2006-05-22,8.92363166809082
2006-05-23,8.807618141174316
2006-05-24,8.89946174621582
2006-05-25,8.991312980651855
2006-05-26,8.986478805541992
2006-05-30,8.952635765075684
2006-05-31,9.073488235473633
2006-06-01,9.160501480102539
2006-06-02,9.189508438110352
2006-06-05,9.092826843261719
2006-06-06,9.112163543701172
2006-06-07,9.145998001098633
2006-06-08,9.373200416564941
2006-06-09,9.450541496276855
2006-06-12,9.324859619140625
2006-06-13,9.28618335723877
2006-06-14,9.165332794189453
2006-06-15,9.271684646606445
2006-06-16,9.291016578674316
2006-06-19,9.257183074951172
2006-06-20,9.247512817382812
2006-06-21,9.189508438110352
2006-06-22,9.102493286132812
2006-06-23,9.116997718811035
2006-06-26,9.266850471496582
2006-06-27,9.150936126708984
2006-06-28,9.282990455627441
2006-06-29,9.366133689880371
2006-06-30,9.380809783935547
2006-07-03,9.419938087463379
2006-07-05,9.419938087463379
2006-07-06,9.331900596618652
2006-07-07,9.473739624023438
2006-07-10,9.507978439331055
2006-07-11,9.512866973876953
2006-07-12,9.449283599853516
2006-07-13,9.42482852935791
2006-07-14,9.40526294708252
2006-07-17,9.454174995422363
2006-07-18,9.454174995422363
2006-07-19,9.551992416381836
2006-07-20,9.654699325561523
2006-07-21,9.674264907836914
2006-07-24,9.796537399291992
2006-07-25,9.801427841186523
2006-07-26,9.909027099609375
2006-07-27,9.781867980957031
2006-07-28,9.865009307861328
2006-07-31,9.801427841186523
2006-08-01,9.879684448242188
2006-08-02,10.001957893371582
2006-08-03,9.933487892150879
2006-08-04,9.982393264770508
2006-08-07,9.899251937866211
2006-08-08,9.982393264770508
2006-08-09,9.938375473022461
2006-08-10,10.006845474243164
2006-08-11,10.016631126403809
2006-08-14,10.104665756225586
2006-08-15,10.163359642028809
2006-08-16,10.119338035583496
2006-08-17,10.070430755615234
2006-08-18,10.178031921386719
2006-08-21,10.138904571533203
2006-08-22,10.226941108703613
2006-08-23,9.97260856628418
2006-08-24,10.036195755004883
2006-08-25,9.953046798706055
2006-08-28,10.134008407592773
2006-08-29,10.070430755615234
2006-08-30,9.997065544128418
2006-08-31,10.173136711120605
2006-09-01,10.158469200134277
2006-09-05,9.933487892150879
2006-09-06,9.938375473022461
2006-09-07,9.913920402526855
2006-09-08,9.923700332641602
2006-09-11,9.909027099609375
2006-09-12,9.865009307861328
2006-09-13,9.830779075622559
2006-09-14,9.904139518737793
2006-09-15,10.045975685119629
2006-09-18,9.938375473022461
2006-09-19,9.913920402526855
2006-09-20,10.026411056518555
2006-09-21,10.01174259185791
2006-09-22,10.109557151794434
2006-09-25,10.173136711120605
2006-09-26,10.214174270629883
2006-09-27,10.357553482055664
2006-09-28,10.30810546875
2006-09-29,10.209233283996582
2006-10-02,10.263612747192383
2006-10-03,10.263612747192383
2006-10-04,10.32788372039795
2006-10-05,10.313055038452148
2006-10-06,10.248783111572266
2006-10-09,10.243836402893066
2006-10-10,10.248783111572266
2006-10-11,10.387212753295898
2006-10-12,10.402047157287598
2006-10-13,10.32788372039795
2006-10-16,10.456430435180664
2006-10-17,10.505870819091797
2006-10-18,10.604741096496582
2006-10-19,10.659125328063965
2006-10-20,10.802501678466797
2006-10-23,10.842057228088379
2006-10-24,10.758005142211914
2006-10-25,10.851943016052246
2006-10-26,10.861830711364746
2006-10-27,10.817338943481445
2006-10-30,10.88160228729248
2006-10-31,10.911267280578613
2006-11-01,10.921156883239746
2006-11-02,10.83710765838623
2006-11-03,10.846999168395996
2006-11-06,10.856888771057129
2006-11-07,10.827223777770996
2006-11-08,10.931041717529297
2006-11-09,10.955768585205078
2006-11-10,10.990371704101562
2006-11-13,11.049702644348145
2006-11-14,11.059589385986328
2006-11-15,11.029925346374512
2006-11-16,11.128801345825195
2006-11-17,11.188131332397461
2006-11-20,11.188131332397461
2006-11-21,11.21779727935791
2006-11-22,11.202962875366211
2006-11-24,11.21779727935791
2006-11-27,11.113968849182129
2006-11-28,11.198017120361328
2006-11-29,11.296897888183594
2006-11-30,11.351275444030762
2006-12-01,11.296897888183594
2006-12-04,11.37105655670166
2006-12-05,11.375999450683594
2006-12-06,11.326560974121094
2006-12-07,11.331501007080078
2006-12-08,11.282060623168945
2006-12-11,11.37105655670166
2006-12-12,11.44521713256836
2006-12-13,11.51937484741211
2006-12-14,11.60342025756836
2006-12-15,11.52926254272461
2006-12-18,11.440269470214844
2006-12-19,11.524320602416992
2006-12-20,11.51937484741211
2006-12-21,11.549038887023926
2006-12-22,11.479825973510742
2006-12-26,11.531240463256836
2006-12-27,11.596135139465332
2006-12-28,11.556200981140137
2006-12-29,11.511271476745605
2007-01-03,11.695969581604004
2007-01-04,11.705958366394043
2007-01-05,11.471334457397461
2007-01-08,11.471334457397461
2007-01-09,11.466341018676758
2007-01-10,11.526246070861816
2007-01-11,11.511271476745605
2007-01-12,11.416424751281738
2007-01-16,11.48631477355957
2007-01-17,11.501285552978516
2007-01-18,11.416424751281738
2007-01-19,11.466341018676758
2007-01-22,11.476327896118164
2007-01-23,11.476327896118164
2007-01-24,11.64106273651123
2007-01-25,11.591147422790527
2007-01-26,11.566179275512695
2007-01-29,11.60112476348877
2007-01-30,11.636067390441895
2007-01-31,11.64604663848877
2007-02-01,11.710946083068848
2007-02-02,11.755874633789062
2007-02-05,11.855713844299316
2007-02-06,11.9954833984375
2007-02-07,11.9954833984375
2007-02-08,12.070361137390137
2007-02-09,11.980504035949707
2007-02-12,11.975518226623535
2007-02-13,12.085341453552246
2007-02-14,12.130269050598145
2007-02-15,12.110294342041016
2007-02-16,12.110294342041016
2007-02-20,12.15522575378418
2007-02-21,12.130269050598145
2007-02-22,12.105301856994629
2007-02-23,12.070361137390137
2007-02-26,12.200150489807129
2007-02-27,11.835744857788086
2007-02-28,11.795804023742676
2007-03-01,11.750889778137207
2007-03-02,11.626083374023438
2007-03-05,11.386473655700684
2007-03-06,11.506272315979004
2007-03-07,11.53623104095459
2007-03-08,11.68598747253418
2007-03-09,11.695969581604004
2007-03-12,11.750889778137207
2007-03-13,11.591147422790527
2007-03-14,11.64106273651123
2007-03-15,11.835744857788086
2007-03-16,11.735907554626465
2007-03-19,11.825761795043945
2007-03-20,12.045401573181152
2007-03-21,12.260055541992188
2007-03-22,12.230103492736816
2007-03-23,12.255059242248535
2007-03-26,12.364883422851562
2007-03-27,12.386540412902832
2007-03-28,12.376470565795898
2007-03-29,12.537660598754883
2007-03-30,12.436915397644043
2007-04-02,12.588024139404297
2007-04-03,12.562844276428223
2007-04-04,12.431879043579102
2007-04-05,12.426846504211426
2007-04-09,12.436915397644043
2007-04-10,12.517511367797852
2007-04-11,12.38150691986084
2007-04-12,12.361353874206543
2007-04-13,12.341209411621094
2007-04-16,12.37143325805664
2007-04-17,12.467137336730957
2007-04-18,12.416765213012695
2007-04-19,12.356318473815918
2007-04-20,12.421802520751953
2007-04-23,12.331130981445312
2007-04-24,12.436915397644043
2007-04-25,12.452027320861816
2007-04-26,12.391579627990723
2007-04-27,12.285799026489258
2007-04-30,12.134686470031738
2007-05-01,12.23038387298584
2007-05-02,12.23038387298584
2007-05-03,12.190085411071777
2007-05-04,12.154827117919922
2007-05-07,12.205204010009766
2007-05-08,12.144755363464355
2007-05-09,12.079272270202637
2007-05-10,11.877784729003906
2007-05-11,11.92312240600586
2007-05-14,12.038971900939941
2007-05-15,12.154827117919922
2007-05-16,12.260613441467285
2007-05-17,12.139716148376465
2007-05-18,12.195131301879883
2007-05-21,12.159862518310547
2007-05-22,12.094383239746094
2007-05-23,11.686367988586426
2007-05-24,11.308573722839355
2007-05-25,11.545330047607422
2007-05-29,11.47480583190918
2007-05-30,11.51510238647461
2007-05-31,11.560439109802246
2007-06-01,11.464728355407715
2007-06-04,11.43450927734375
2007-06-05,11.258201599121094
2007-06-06,11.09700870513916
2007-06-07,10.774632453918457
2007-06-08,10.83004093170166
2007-06-11,10.835074424743652
2007-06-12,10.608404159545898
2007-06-13,10.819964408874512
2007-06-14,10.93078327178955
2007-06-15,11.00634479522705
2007-06-18,10.850189208984375
2007-06-19,10.870340347290039
2007-06-20,10.68899917602539
2007-06-21,10.804850578308105
2007-06-22,10.477431297302246
2007-06-25,10.432099342346191
2007-06-26,10.304752349853516
2007-06-27,10.523791313171387
2007-06-28,10.452474594116211
2007-06-29,10.427006721496582
2007-07-02,10.605287551879883
2007-07-03,10.569632530212402
2007-07-05,10.442288398742676
2007-07-06,10.427006721496582
2007-07-09,10.457565307617188
2007-07-10,10.32003116607666
2007-07-11,10.33022403717041
2007-07-12,10.569632530212402
2007-07-13,10.68679141998291
2007-07-16,10.544163703918457
2007-07-17,10.47794246673584
2007-07-18,10.554347038269043
2007-07-19,10.737725257873535
2007-07-20,10.630757331848145
2007-07-23,10.6816987991333
2007-07-24,10.294563293457031
2007-07-25,10.6816987991333
2007-07-26,10.640947341918945
2007-07-27,10.34550666809082
2007-07-30,10.421908378601074
2007-07-31,10.340412139892578
2007-08-01,10.574721336364746
2007-08-02,10.600193977355957
2007-08-03,10.085718154907227
2007-08-06,10.47794246673584
2007-08-07,10.691882133483887
2007-08-08,10.768293380737305
2007-08-09,10.233441352844238
2007-08-10,10.651132583618164
2007-08-13,10.67151165008545
2007-08-14,10.630757331848145
2007-08-15,10.279282569885254
2007-08-16,10.360785484313965
2007-08-17,10.544163703918457
2007-08-20,10.569632530212402
2007-08-21,10.523791313171387
2007-08-22,10.574721336364746
2007-08-23,10.610376358032227
2007-08-24,10.68679141998291
2007-08-27,10.325132369995117
2007-08-28,10.22325611114502
2007-08-29,10.574721336364746
2007-08-30,10.43719482421875
2007-08-31,10.498316764831543
2007-09-04,10.584911346435547
2007-09-05,10.457565307617188
2007-09-06,10.610376358032227
2007-09-07,10.579819679260254
2007-09-10,10.691882133483887
2007-09-11,10.727543830871582
2007-09-12,10.737725257873535
2007-09-13,10.696974754333496
2007-09-14,10.727543830871582
2007-09-17,10.712255477905273
2007-09-18,11.165607452392578
2007-09-19,11.206357955932617
2007-09-20,11.180886268615723
2007-09-21,11.216544151306152
2007-09-24,11.129949569702148
2007-09-25,11.207169532775879
2007-09-26,11.315276145935059
2007-09-27,11.253498077392578
2007-09-28,11.08876895904541
2007-10-01,11.351313591003418
2007-10-02,11.325573921203613
2007-10-03,11.299833297729492
2007-10-04,11.28438949584961
2007-10-05,11.366758346557617
2007-10-08,11.279240608215332
2007-10-09,11.387347221374512
2007-10-10,11.310127258300781
2007-10-11,11.196870803833008
2007-10-12,11.186574935913086
2007-10-15,11.021839141845703
2007-10-16,11.037282943725586
2007-10-17,11.073318481445312
2007-10-18,10.990955352783203
2007-10-19,10.82107162475586
2007-10-22,10.908589363098145
2007-10-23,10.86225414276123
2007-10-24,10.831366539001465
2007-10-25,11.253498077392578
2007-10-26,11.377050399780273
2007-10-29,11.387347221374512
2007-10-30,11.413091659545898
2007-10-31,11.608715057373047
2007-11-01,11.202018737792969
2007-11-02,11.135095596313477
2007-11-05,11.14539623260498
2007-11-06,11.325573921203613
2007-11-07,11.150542259216309
2007-11-08,11.428536415100098
2007-11-09,11.402791023254395
2007-11-12,11.289538383483887
2007-11-13,11.407937049865723
2007-11-14,11.356461524963379
2007-11-15,11.351313591003418
2007-11-16,11.402791023254395
2007-11-19,11.392498970031738
2007-11-20,11.3976469039917
2007-11-21,11.377050399780273
2007-11-23,11.407937049865723
2007-11-26,11.294681549072266
2007-11-27,11.371902465820312
2007-11-28,11.634453773498535
2007-11-29,11.685932159423828
2007-11-30,11.89699935913086
2007-12-03,11.809484481811523
2007-12-04,11.953630447387695
2007-12-05,11.963924407958984
2007-12-06,11.999957084655762
2007-12-07,12.056589126586914
2007-12-10,12.020554542541504
2007-12-11,11.763147354125977
2007-12-12,11.840372085571289
2007-12-13,11.999957084655762
2007-12-14,11.809484481811523
2007-12-17,11.619009017944336
2007-12-18,11.665339469909668
2007-12-19,11.737410545349121
2007-12-20,11.788887023925781
2007-12-21,11.943333625793457
2007-12-24,11.953728675842285
2007-12-26,11.901734352111816
2007-12-27,11.771747589111328
2007-12-28,11.813335418701172
2007-12-31,11.735353469848633
2008-01-02,11.52737045288086
2008-01-03,11.59496021270752
2008-01-04,11.46497631072998
2008-01-07,11.641759872436523
2008-01-08,11.522172927856445
2008-01-09,11.71975326538086
2008-01-10,11.828938484191895
2008-01-11,11.730146408081055
2008-01-14,11.730146408081055
2008-01-15,11.652154922485352
2008-01-16,11.626154899597168
2008-01-17,11.25699520111084
2008-01-18,11.080207824707031
2008-01-22,10.76823902130127
2008-01-23,10.981415748596191
2008-01-24,10.695442199707031
2008-01-25,10.534252166748047
2008-01-28,10.726640701293945
2008-01-29,10.711042404174805
2008-01-30,10.809832572937012
2008-01-31,10.789032936096191
2008-02-01,11.017815589904785
2008-02-04,11.106206893920898
2008-02-05,10.83582878112793
2008-02-06,10.711042404174805
2008-02-07,10.721442222595215
2008-02-08,10.71623706817627
2008-02-11,10.71623706817627
2008-02-12,10.861828804016113
2008-02-13,10.898222923278809
2008-02-14,10.763038635253906
2008-02-15,10.773436546325684
2008-02-19,10.757838249206543
2008-02-20,10.752640724182129
2008-02-21,10.534252166748047
2008-02-22,10.596652030944824
2008-02-25,10.721442222595215
2008-02-26,10.763038635253906
2008-02-27,10.58105754852295
2008-02-28,10.523856163024902
2008-02-29,10.305475234985352
2008-03-03,10.357471466064453
2008-03-04,10.523856163024902
2008-03-05,10.518657684326172
2008-03-06,10.232683181762695
2008-03-07,10.253486633300781
2008-03-10,10.217083930969238
2008-03-11,10.586248397827148
2008-03-12,10.34187126159668
2008-03-13,10.357471466064453
2008-03-14,10.336676597595215
2008-03-17,10.31067943572998
2008-03-18,10.58105754852295
2008-03-19,10.331474304199219
2008-03-20,10.477065086364746
2008-03-24,10.461469650268555
2008-03-25,10.487762451171875
2008-03-26,10.529841423034668
2008-03-27,10.493023872375488
2008-03-28,10.450946807861328
2008-03-31,10.493023872375488
2008-04-01,10.740224838256836
2008-04-02,10.803340911865234
2008-04-03,10.782303810119629
2008-04-04,10.84542179107666
2008-04-07,10.83489990234375
2008-04-08,10.913795471191406
2008-04-09,10.887495994567871
2008-04-10,10.782303810119629
2008-04-11,10.829644203186035
2008-04-14,10.7770414352417
2008-04-15,10.83489990234375
2008-04-16,11.045283317565918
2008-04-17,11.003210067749023
2008-04-18,11.076847076416016
2008-04-21,10.966391563415527
2008-04-22,10.850680351257324
2008-04-23,10.908533096313477
2008-04-24,10.866456031799316
2008-04-25,10.84542179107666
2008-04-28,10.903276443481445
2008-04-29,10.924315452575684
2008-04-30,10.940091133117676
2008-05-01,11.171524047851562
2008-05-02,11.281970024108887
2008-05-05,11.224116325378418
2008-05-06,11.21885871887207
2008-05-07,11.166261672973633
2008-05-08,11.182042121887207
2008-05-09,11.124178886413574
2008-05-12,11.213594436645508
2008-05-13,11.21885871887207
2008-05-14,11.266190528869629
2008-05-15,11.250409126281738
2008-05-16,11.292487144470215
2008-05-19,11.31352424621582
2008-05-20,11.287233352661133
2008-05-21,11.203078269958496
2008-05-22,11.176777839660645
2008-05-23,11.045283317565918
2008-05-27,11.040022850036621
2008-05-28,11.097882270812988
2008-05-29,11.176777839660645
2008-05-30,11.208333015441895
2008-06-02,11.055803298950195
2008-06-03,10.898017883300781
2008-06-04,11.06106185913086
2008-06-05,11.076847076416016
2008-06-06,10.83489990234375
2008-06-09,11.040022850036621
2008-06-10,10.940091133117676
2008-06-11,10.855937957763672
2008-06-12,10.808600425720215
2008-06-13,10.892759323120117
2008-06-16,10.84542179107666
2008-06-17,10.882240295410156
2008-06-18,10.908533096313477
2008-06-19,10.950611114501953
2008-06-20,10.75600814819336
2008-06-23,10.782303810119629
2008-06-24,10.680133819580078
2008-06-25,10.818489074707031
2008-06-26,10.62691593170166
2008-06-27,10.515165328979492
2008-06-30,10.680133819580078
2008-07-01,10.807845115661621
2008-07-02,10.743988990783691
2008-07-03,10.664168357849121
2008-07-07,10.57370376586914
2008-07-08,10.738666534423828
2008-07-09,10.850418090820312
2008-07-10,10.866377830505371
2008-07-11,10.807845115661621
2008-07-14,10.696096420288086
2008-07-15,10.669488906860352
2008-07-16,10.531131744384766
2008-07-17,10.520492553710938
2008-07-18,10.610954284667969
2008-07-21,10.680133819580078
2008-07-22,10.754631042480469
2008-07-23,10.53644847869873
2008-07-24,10.5577392578125
2008-07-25,10.53644847869873
2008-07-28,10.5577392578125
2008-07-29,10.584342956542969
2008-07-30,10.829132080078125
2008-07-31,10.674805641174316
2008-08-01,10.584342956542969
2008-08-04,10.547091484069824
2008-08-05,10.669488906860352
2008-08-06,10.616275787353516
2008-08-07,10.701417922973633
2008-08-08,10.9302396774292
2008-08-11,11.116490364074707
2008-08-12,10.96217155456543
2008-08-13,10.967488288879395
2008-08-14,10.908953666687012
2008-08-15,10.978134155273438
2008-08-18,11.031347274780273
2008-08-19,10.96217155456543
2008-08-20,10.919599533081055
2008-08-21,10.9302396774292
2008-08-22,10.994098663330078
2008-08-25,10.850418090820312
2008-08-26,10.898309707641602
2008-08-27,11.020705223083496
2008-08-28,11.105844497680664
2008-08-29,10.91427230834961
2008-09-02,10.877025604248047
2008-09-03,10.850418090820312
2008-09-04,10.79188346862793
2008-09-05,10.749308586120605
2008-09-08,11.068593978881836
2008-09-09,11.10052490234375
2008-09-10,10.775919914245605
2008-09-11,10.956849098205566
2008-09-12,10.94088363647461
2008-09-15,10.877025604248047
2008-09-16,11.105844497680664
2008-09-17,11.036664962768555
2008-09-18,11.579453468322754
2008-09-19,11.393204689025879
2008-09-22,11.052627563476562
2008-09-23,10.8954439163208
2008-09-24,11.013870239257812
2008-09-25,11.186131477355957
2008-09-26,11.040787696838379
2008-09-29,10.647815704345703
2008-09-30,10.760866165161133
2008-10-01,10.803934097290039
2008-10-02,10.583221435546875
2008-10-03,10.416345596313477
2008-10-06,10.071826934814453
2008-10-07,10.03414249420166
2008-10-08,10.201020240783691
2008-10-09,9.479682922363281
2008-10-10,9.00596809387207
2008-10-13,9.700390815734863
2008-10-14,9.528130531311035
2008-10-15,8.882153511047363
2008-10-16,9.059802055358887
2008-10-17,8.957517623901367
2008-10-20,9.63579273223877
2008-10-21,9.4204683303833
2008-10-22,8.849855422973633
2008-10-23,9.151311874389648
2008-10-24,8.995199203491211
2008-10-27,8.769110679626465
2008-10-28,9.323570251464844
2008-10-29,8.984434127807617
2008-10-30,9.452763557434082
2008-10-31,9.377403259277344
2008-11-03,9.592727661132812
2008-11-04,9.818819999694824
2008-11-05,9.544275283813477
2008-11-06,9.156696319580078
2008-11-07,9.565814018249512
2008-11-10,9.36663818359375
2008-11-11,9.312803268432617
2008-11-12,9.167462348937988
2008-11-13,9.840348243713379
2008-11-14,9.678858757019043
2008-11-17,9.770371437072754
2008-11-18,9.662707328796387
2008-11-19,9.436620712280273
2008-11-20,9.022116661071777
2008-11-21,9.711159706115723
2008-11-24,9.985697746276855
2008-11-25,9.937250137329102
2008-11-26,9.867264747619629
2008-11-28,10.125659942626953
2008-12-01,9.522744178771973
2008-12-02,9.630410194396973
2008-12-03,9.791900634765625
2008-12-04,9.458151817321777
2008-12-05,9.786516189575195
2008-12-08,9.829587936401367
2008-12-09,9.6950044631958
2008-12-10,9.781142234802246
2008-12-11,9.759603500366211
2008-12-12,9.68962574005127
2008-12-15,9.619644165039062
2008-12-16,9.98031234741211
2008-12-17,9.71653938293457
2008-12-18,9.840348243713379
2008-12-19,9.878030776977539
2008-12-22,9.942631721496582
2008-12-23,9.711159706115723
2008-12-24,9.726432800292969
2008-12-26,9.808259963989258
2008-12-29,9.819168090820312
2008-12-30,9.950089454650879
2008-12-31,10.119195938110352
2009-01-02,10.277396202087402
2009-01-05,10.179201126098633
2009-01-06,10.048282623291016
2009-01-07,9.944636344909668
2009-01-08,10.07555866241455
2009-01-09,9.950089454650879
2009-01-12,10.015552520751953
2009-01-13,9.862808227539062
2009-01-14,9.802802085876465
2009-01-15,9.868260383605957
2009-01-16,9.971907615661621
2009-01-20,9.808259963989258
2009-01-21,9.988272666931152
2009-01-22,10.059191703796387
2009-01-23,10.026459693908691
2009-01-26,10.162837982177734
2009-01-27,10.19011116027832
2009-01-28,10.195570945739746
2009-01-29,10.222844123840332
2009-01-30,10.070101737976074
2009-02-02,10.015552520751953
2009-02-03,10.070101737976074
2009-02-04,10.206478118896484
2009-02-05,10.299216270446777
2009-02-06,10.3810453414917
2009-02-09,10.26103401184082
2009-02-10,9.955548286437988
2009-02-11,9.89008617401123
2009-02-12,9.895538330078125
2009-02-13,9.83553409576416
2009-02-17,9.55186939239502
2009-02-18,9.655515670776367
2009-02-19,9.791888236999512
2009-02-20,9.67187786102295
2009-02-23,9.584598541259766
2009-02-24,9.840988159179688
2009-02-25,9.639147758483887
2009-02-26,9.546414375305176
2009-02-27,9.677331924438477
2009-03-02,9.355483055114746
2009-03-03,9.219107627868652
2009-03-04,9.224563598632812
2009-03-05,8.989992141723633
2009-03-06,9.039088249206543
2009-03-09,8.83179759979248
2009-03-10,9.066364288330078
2009-03-11,9.077276229858398
2009-03-12,9.306388854980469
2009-03-13,9.38276195526123
2009-03-16,9.333663940429688
2009-03-17,9.475494384765625
2009-03-18,9.660968780517578
2009-03-19,9.91735553741455
2009-03-20,9.966453552246094
2009-03-23,10.239209175109863
2009-03-24,10.011575698852539
2009-03-25,10.011575698852539
2009-03-26,10.15522575378418
2009-03-27,10.083403587341309
2009-03-30,10.055777549743652
2009-03-31,10.293355941772461
2009-04-01,10.15522575378418
2009-04-02,9.93974494934082
2009-04-03,10.033675193786621
2009-04-06,9.950794219970703
2009-04-07,9.950794219970703
2009-04-08,10.166276931762695
2009-04-09,10.193903923034668
2009-04-13,10.039200782775879
2009-04-14,9.901063919067383
2009-04-15,10.050249099731445
2009-04-16,10.133129119873047
2009-04-17,10.149701118469238
2009-04-20,10.088932991027832
2009-04-21,10.27678108215332
2009-04-22,10.18837833404541
2009-04-23,10.210477828979492
2009-04-24,10.160754203796387
2009-04-27,10.243630409240723
2009-04-28,10.243630409240723
2009-04-29,10.392812728881836
2009-04-30,10.18837833404541
2009-05-01,10.160754203796387
2009-05-04,10.099973678588867
2009-05-05,10.105500221252441
2009-05-06,10.039200782775879
2009-05-07,10.083403587341309
2009-05-08,10.088932991027832
2009-05-11,10.077875137329102
2009-05-12,10.099973678588867
2009-05-13,9.895548820495605
2009-05-14,9.796090126037598
2009-05-15,9.50326156616211
2009-05-18,9.5198335647583
2009-05-19,9.586136817932129
2009-05-20,9.420380592346191
2009-05-21,9.343031883239746
2009-05-22,9.35960578918457
2009-05-26,9.674540519714355
2009-05-27,9.47010612487793
2009-05-28,9.608237266540527
2009-05-29,9.475632667541504
2009-06-01,9.818196296691895
2009-06-02,9.762940406799316
2009-06-03,9.724265098571777
2009-06-04,9.669015884399414
2009-06-05,9.652438163757324
2009-06-08,9.691113471984863
2009-06-09,9.641390800476074
2009-06-10,9.773988723754883
2009-06-11,9.93974494934082
2009-06-12,10.077875137329102
2009-06-15,9.862391471862793
2009-06-16,9.873444557189941
2009-06-17,9.912124633789062
2009-06-18,10.122076034545898
2009-06-19,10.006049156188965
2009-06-22,10.066822052001953
2009-06-23,9.896011352539062
2009-06-24,10.008025169372559
2009-06-25,10.19843578338623
2009-06-26,10.19283676147461
2009-06-29,10.327245712280273
2009-06-30,10.310442924499512
2009-07-01,10.517662048339844
2009-07-02,10.254437446594238
2009-07-06,10.388851165771484
2009-07-07,10.176034927368164
2009-07-08,10.136828422546387
2009-07-09,10.142431259155273
2009-07-10,10.131230354309082
2009-07-13,10.327245712280273
2009-07-14,10.450453758239746
2009-07-15,10.624069213867188
2009-07-16,10.60727310180664
2009-07-17,10.523263931274414
2009-07-20,10.56246566772461
2009-07-21,10.65207290649414
2009-07-22,10.64647388458252
2009-07-23,10.932095527648926
2009-07-24,11.060909271240234
2009-07-27,11.072111129760742
2009-07-28,11.010499954223633
2009-07-29,11.139311790466309
2009-07-30,11.256921768188477
2009-07-31,11.167314529418945
2009-08-03,11.038503646850586
2009-08-04,11.049705505371094
2009-08-05,10.943297386169434
2009-08-06,11.010499954223633
2009-08-07,11.072111129760742
2009-08-10,11.116909980773926
2009-08-11,11.111310005187988
2009-08-12,11.139311790466309
2009-08-13,11.105711936950684
2009-08-14,11.010499954223633
2009-08-17,10.870488166809082
2009-08-18,10.808887481689453
2009-08-19,10.859292030334473
2009-08-20,10.932095527648926
2009-08-21,11.128111839294434
2009-08-24,11.150513648986816
2009-08-25,11.111310005187988
2009-08-26,11.172917366027832
2009-08-27,11.156116485595703
2009-08-28,11.139311790466309
2009-08-31,11.060909271240234
2009-09-01,11.021705627441406
2009-09-02,10.926496505737305
2009-09-03,10.98249626159668
2009-09-04,10.98249626159668
2009-09-08,10.943297386169434
2009-09-09,10.876091003417969
2009-09-10,10.898494720458984
2009-09-11,10.904091835021973
2009-09-14,10.999303817749023
2009-09-15,11.172917366027832
2009-09-16,11.318524360656738
2009-09-17,11.284926414489746
2009-09-18,11.212120056152344
2009-09-21,11.223319053649902
2009-09-22,11.095747947692871
2009-09-23,11.056059837341309
2009-09-24,11.107090950012207
2009-09-25,11.061734199523926
2009-09-28,11.146773338317871
2009-09-29,11.090079307556152
2009-09-30,10.908649444580078
2009-10-01,10.942667961120605
2009-10-02,10.885968208312988
2009-10-05,10.965344429016113
2009-10-06,10.925657272338867
2009-10-07,10.999366760253906
2009-10-08,10.959672927856445
2009-10-09,10.954007148742676
2009-10-12,10.936996459960938
2009-10-13,11.02204418182373
2009-10-14,11.141104698181152
2009-10-15,11.129769325256348
2009-10-16,11.141104698181152
2009-10-19,11.248833656311035
2009-10-20,11.112757682800293
2009-10-21,11.129769325256348
2009-10-22,11.175125122070312
2009-10-23,11.0277099609375
2009-10-26,10.919987678527832
2009-10-27,10.91431999206543
2009-10-28,10.902976036071777
2009-10-29,10.800921440124512
2009-10-30,10.693195343017578
2009-11-02,10.613822937011719
2009-11-03,10.596808433532715
2009-11-04,10.636500358581543
2009-11-05,10.817931175231934
2009-11-06,10.778244018554688
2009-11-09,10.94834041595459
2009-11-10,11.118428230285645
2009-11-11,11.090079307556152
2009-11-12,11.016373634338379
2009-11-13,11.288522720336914
2009-11-16,11.356560707092285
2009-11-17,11.265841484069824
2009-11-18,11.32820987701416
2009-11-19,11.356560707092285
2009-11-20,11.3508882522583
2009-11-23,11.526653289794922
2009-11-24,11.577682495117188
2009-11-25,11.623042106628418
2009-11-27,11.447279930114746
2009-11-30,11.52098560333252
2009-12-01,11.651385307312012
2009-12-02,11.668395042419434
2009-12-03,11.770454406738281
2009-12-04,11.696743965148926
2009-12-07,11.798805236816406
2009-12-08,11.793132781982422
2009-12-09,11.872506141662598
2009-12-10,11.917869567871094
2009-12-11,12.13898754119873
2009-12-14,12.201358795166016
2009-12-15,12.178675651550293
2009-12-16,12.178675651550293
2009-12-17,12.07662582397461
2009-12-18,12.241047859191895
2009-12-21,12.343098640441895
2009-12-22,12.225545883178711
2009-12-23,12.2714204788208
2009-12-24,12.3861083984375
2009-12-28,12.300089836120605
2009-12-29,12.294361114501953
2009-12-30,12.300089836120605
2009-12-31,12.16820240020752
2010-01-04,12.08792495727539
2010-01-05,11.944561958312988
2010-01-06,11.967503547668457
2010-01-07,11.915897369384766
2010-01-08,11.921629905700684
2010-01-11,12.036316871643066
2010-01-12,12.179678916931152
2010-01-13,12.368911743164062
2010-01-14,12.391844749450684
2010-01-15,12.277154922485352
2010-01-19,12.3861083984375
2010-01-20,12.351704597473145
2010-01-21,12.25422191619873
2010-01-22,11.950300216674805
2010-01-25,11.921629905700684
2010-01-26,11.927363395690918
2010-01-27,12.007640838623047
2010-01-28,11.961769104003906
2010-01-29,11.915897369384766
2010-02-01,11.956034660339355
2010-02-02,12.139530181884766
2010-02-03,11.996175765991211
2010-02-04,11.600507736206055
2010-02-05,11.54316234588623
2010-02-08,11.491555213928223
2010-02-09,11.583303451538086
2010-02-10,11.503019332885742
2010-02-11,11.634910583496094
2010-02-12,11.600507736206055
2010-02-16,11.8126802444458
2010-02-17,11.784001350402832
2010-02-18,11.950300216674805
2010-02-19,12.08792495727539
2010-02-22,12.064992904663086
2010-02-23,12.0305814743042
2010-02-24,12.059249877929688
2010-02-25,12.024847030639648
2010-02-26,11.933100700378418
2010-03-01,12.053520202636719
2010-03-02,12.16820240020752
2010-03-03,12.173937797546387
2010-03-04,12.076455116271973
2010-03-05,12.15100383758545
2010-03-08,12.128063201904297
2010-03-09,12.116589546203613
2010-03-10,12.10512924194336
2010-03-11,12.093655586242676
2010-03-12,12.059249877929688
2010-03-15,12.128063201904297
2010-03-16,12.21981143951416
2010-03-17,12.294361114501953
2010-03-18,12.294361114501953
2010-03-19,12.374639511108398
2010-03-22,12.328766822814941
2010-03-23,12.354867935180664
2010-03-24,12.227256774902344
2010-03-25,12.215657234191895
2010-03-26,12.204059600830078
2010-03-29,12.320069313049316
2010-03-30,12.308463096618652
2010-03-31,12.296862602233887
2010-04-01,12.412869453430176
2010-04-05,12.546281814575195
2010-04-06,12.668087005615234
2010-04-07,12.546281814575195
2010-04-08,12.46507740020752
2010-04-09,12.546281814575195
2010-04-12,12.610084533691406
2010-04-13,12.47087574005127
2010-04-14,12.482478141784668
2010-04-15,12.314263343811035
2010-04-16,12.459272384643555
2010-04-19,12.453472137451172
2010-04-20,12.528878211975098
2010-04-21,12.53468132019043
2010-04-22,12.633285522460938
2010-04-23,12.726089477539062
2010-04-26,12.662288665771484
2010-04-27,12.447669982910156
2010-04-28,12.46507740020752
2010-04-29,12.53468132019043
2010-04-30,12.61588191986084
2010-05-03,12.818897247314453
2010-05-04,12.610084533691406
2010-05-05,12.610084533691406
2010-05-06,12.244661331176758
2010-05-07,12.105448722839355
2010-05-10,12.459272384643555
2010-05-11,12.511483192443848
2010-05-12,12.5056791305542
2010-05-13,12.43027114868164
2010-05-14,12.337464332580566
2010-05-17,12.447669982910156
2010-05-18,12.354867935180664
2010-05-19,12.337464332580566
2010-05-20,11.954636573791504
2010-05-21,11.989439964294434
2010-05-24,11.879234313964844
2010-05-25,11.774823188781738
2010-05-26,11.757426261901855
2010-05-27,11.908238410949707
2010-05-28,11.885029792785645
2010-06-01,11.682016372680664
2010-06-02,11.91403865814209
2010-06-03,12.012642860412598
2010-06-04,11.705218315124512
2010-06-07,11.670418739318848
2010-06-08,11.821227073669434
2010-06-09,11.687821388244629
2010-06-10,11.919835090637207
2010-06-11,11.925634384155273
2010-06-14,11.937233924865723
2010-06-15,12.215657234191895
2010-06-16,12.279458999633789
2010-06-17,12.447669982910156
2010-06-18,12.511483192443848
2010-06-21,12.46507740020752
2010-06-22,12.243796348571777
2010-06-23,12.132272720336914
2010-06-24,12.173358917236328
2010-06-25,12.18509292602539
2010-06-28,12.284880638122559
2010-06-29,12.120530128479004
2010-06-30,12.097051620483398
2010-07-01,12.102926254272461
2010-07-02,12.155753135681152
2010-07-06,12.302491188049316
2010-07-07,12.54313850402832
2010-07-08,12.678135871887207
2010-07-09,12.719225883483887
2010-07-12,12.78965950012207
2010-07-13,12.854226112365723
2010-07-14,12.742701530456543
2010-07-15,12.836618423461914
2010-07-16,12.590094566345215
2010-07-19,12.807267189025879
2010-07-20,12.901178359985352
2010-07-21,12.730960845947266
2010-07-22,12.924656867980957
2010-07-23,13.059656143188477
2010-07-26,13.18291187286377
2010-07-27,13.353135108947754
2010-07-28,13.294438362121582
2010-07-29,13.065526008605957
2010-07-30,12.907051086425781
2010-08-02,13.112479209899902
2010-08-03,12.971610069274902
2010-08-04,12.8307466506958
2010-08-05,12.948132514953613
2010-08-06,12.983348846435547
2010-08-09,13.071392059326172
2010-08-10,13.153569221496582
2010-08-11,13.000957489013672
2010-08-12,13.077263832092285
2010-08-13,13.15943717956543
2010-08-16,13.024435043334961
2010-08-17,13.118349075317383
2010-08-18,13.006832122802734
2010-08-19,12.766181945800781
2010-08-20,12.836618423461914
2010-08-23,12.889437675476074
2010-08-24,12.971610069274902
2010-08-25,13.024435043334961
2010-08-26,13.018566131591797
2010-08-27,13.247478485107422
2010-08-30,13.047905921936035
2010-08-31,13.094874382019043
2010-09-01,13.382475852966309
2010-09-02,13.31791877746582
2010-09-03,13.382475852966309
2010-09-07,13.388345718383789
2010-09-08,13.26508617401123
2010-09-09,13.411825180053711
2010-09-10,13.34726333618164
2010-09-13,13.435302734375
2010-09-14,13.529210090637207
2010-09-15,13.482261657714844
2010-09-16,13.405959129333496
2010-09-17,13.394216537475586
2010-09-20,13.582037925720215
2010-09-21,13.554146766662598
2010-09-22,13.548213958740234
2010-09-23,13.376117706298828
2010-09-24,13.607559204101562
2010-09-27,13.595687866210938
2010-09-28,13.660971641540527
2010-09-29,13.702515602111816
2010-09-30,13.631295204162598
2010-10-01,13.785591125488281
2010-10-04,13.755921363830566
2010-10-05,13.981427192687988
2010-10-06,13.922080993652344
2010-10-07,13.904275894165039
2010-10-08,13.928020477294922
2010-10-11,13.892410278320312
2010-10-12,13.785591125488281
2010-10-13,13.838998794555664
2010-10-14,13.838998794555664
2010-10-15,13.981427192687988
2010-10-18,14.100113868713379
2010-10-19,14.058573722839355
2010-10-20,14.18319320678711
2010-10-21,14.100113868713379
2010-10-22,14.177258491516113
2010-10-25,14.18319320678711
2010-10-26,14.260344505310059
2010-10-27,14.159460067749023
2010-10-28,14.123851776123047
2010-10-29,14.159460067749023
2010-11-01,14.046707153320312
2010-11-02,14.189132690429688
2010-11-03,14.1713285446167
2010-11-04,14.313753128051758
2010-11-05,14.438373565673828
2010-11-08,14.39089584350586
2010-11-09,14.313753128051758
2010-11-10,14.290010452270508
2010-11-11,14.313753128051758
2010-11-12,14.177258491516113
2010-11-15,14.106045722961426
2010-11-16,13.957687377929688
2010-11-17,13.886470794677734
2010-11-18,14.005169868469238
2010-11-19,13.981427192687988
2010-11-22,14.022965431213379
2010-11-23,13.85680866241455
2010-11-24,13.945828437805176
2010-11-26,13.916150093078613
2010-11-29,13.910208702087402
2010-11-30,13.945828437805176
2010-12-01,14.129789352416992
2010-12-02,14.129789352416992
2010-12-03,14.165396690368652
2010-12-06,14.017033576965332
2010-12-07,13.89834213256836
2010-12-08,13.86274242401123
2010-12-09,13.892410278320312
2010-12-10,13.89834213256836
2010-12-13,13.963623046875
2010-12-14,14.058573722839355
2010-12-15,13.945828437805176
2010-12-16,14.058573722839355
2010-12-17,14.08231258392334
2010-12-20,14.100113868713379
2010-12-21,14.125906944274902
2010-12-22,14.083913803100586
2010-12-23,14.077923774719238
2010-12-27,14.071919441223145
2010-12-28,14.107912063598633
2010-12-29,14.09592342376709
2010-12-30,14.125906944274902
2010-12-31,14.125906944274902
2011-01-03,14.131905555725098
2011-01-04,14.191890716552734
2011-01-05,14.107912063598633
2011-01-06,14.09592342376709
2011-01-07,14.221877098083496
2011-01-10,14.131905555725098
2011-01-11,14.083913803100586
2011-01-12,14.119911193847656
2011-01-13,14.065925598144531
2011-01-14,14.077923774719238
2011-01-18,14.263871192932129
2011-01-19,14.221877098083496
2011-01-20,14.371833801269531
2011-01-21,14.341846466064453
2011-01-24,14.437819480895996
2011-01-25,14.437819480895996
2011-01-26,14.365835189819336
2011-01-27,14.407827377319336
2011-01-28,14.125906944274902
2011-01-31,14.137897491455078
2011-02-01,14.323850631713867
2011-02-02,14.23387622833252
2011-02-03,14.197888374328613
2011-02-04,14.185892105102539
2011-02-07,14.305859565734863
2011-02-08,14.263871192932129
2011-02-09,14.281864166259766
2011-02-10,14.275862693786621
2011-02-11,14.353837966918945
2011-02-14,14.221877098083496
2011-02-15,14.251869201660156
2011-02-16,14.281864166259766
2011-02-17,14.263871192932129
2011-02-18,14.281864166259766
2011-02-22,14.167895317077637
2011-02-23,14.161895751953125
2011-02-24,14.107912063598633
2011-02-25,14.287860870361328
2011-02-28,14.359838485717773
2011-03-01,14.071919441223145
2011-03-02,14.179889678955078
2011-03-03,14.353837966918945
2011-03-04,14.32984447479248
2011-03-07,14.395825386047363
2011-03-08,14.683747291564941
2011-03-09,14.767723083496094
2011-03-10,14.509796142578125
2011-03-11,14.58177375793457
2011-03-14,14.3898286819458
2011-03-15,14.173891067504883
2011-03-16,14.017938613891602
2011-03-17,14.113908767700195
2011-03-18,14.065925598144531
2011-03-21,14.209883689880371
2011-03-22,14.217763900756836
2011-03-23,14.18744945526123
2011-03-24,14.229889869689941
2011-03-25,14.248087882995605
2011-03-28,14.193514823913574
2011-03-29,14.326892852783203
2011-03-30,14.508788108825684
2011-03-31,14.484538078308105
2011-04-01,14.599735260009766
2011-04-04,14.654303550720215
2011-04-05,14.58760929107666
2011-04-06,14.672489166259766
2011-04-07,14.557297706604004
2011-04-08,14.484538078308105
2011-04-11,14.254146575927734
2011-04-12,14.229889869689941
2011-04-13,14.296582221984863
2011-04-14,14.393587112426758
2011-04-15,14.623988151550293
2011-04-18,14.526979446411133
2011-04-19,14.460285186767578
2011-04-20,14.575481414794922
2011-04-21,14.581544876098633
2011-04-25,14.58760929107666
2011-04-26,14.63610553741455
2011-04-27,14.696741104125977
2011-04-28,14.73918342590332
2011-04-29,14.751309394836426
2011-05-02,14.793744087219238
2011-05-03,14.81800365447998
2011-05-04,14.836194038391113
2011-05-05,14.702804565429688
2011-05-06,14.72705364227295
2011-05-09,14.733116149902344
2011-05-10,14.927135467529297
2011-05-11,14.836194038391113
2011-05-12,15.054458618164062
2011-05-13,15.127215385437012
2011-05-16,15.163597106933594
2011-05-17,15.296979904174805
2011-05-18,15.266660690307617
2011-05-19,15.303046226501465
2011-05-20,15.315165519714355
2011-05-23,15.102965354919434
2011-05-24,15.054458618164062
2011-05-25,14.969571113586426
2011-05-26,14.969571113586426
2011-05-27,14.902883529663086
2011-05-31,14.999894142150879
2011-06-01,14.878632545471191
2011-06-02,14.830127716064453
2011-06-03,14.745245933532715
2011-06-06,14.672489166259766
2011-06-07,14.696741104125977
2011-06-08,14.672489166259766
2011-06-09,14.654303550720215
2011-06-10,14.569417953491211
2011-06-13,14.660358428955078
2011-06-14,14.696741104125977
2011-06-15,14.617920875549316
2011-06-16,14.745245933532715
2011-06-17,14.890756607055664
2011-06-20,14.915011405944824
2011-06-21,14.951776504516602
2011-06-22,14.810834884643555
2011-06-23,14.65151596069336
2011-06-24,14.718918800354004
2011-06-27,14.835349082946777
2011-06-28,14.939522743225098
2011-06-29,14.939522743225098
2011-06-30,14.890497207641602
2011-07-01,15.111104011535645
2011-07-05,15.025307655334473
2011-07-06,15.080463409423828
2011-07-07,15.104968070983887
2011-07-08,15.00693130493164
2011-07-11,14.816961288452148
2011-07-12,14.896624565124512
2011-07-13,14.841480255126953
2011-07-14,14.725049018859863
2011-07-15,14.725049018859863
2011-07-18,14.559600830078125
2011-07-19,14.70053482055664
2011-07-20,14.853734016418457
2011-07-21,15.104968070983887
2011-07-22,15.037567138671875
2011-07-25,15.019185066223145
2011-07-26,15.00693130493164
2011-07-27,15.00693130493164
2011-07-28,14.859857559204102
2011-07-29,14.706668853759766
2011-08-01,14.731175422668457
2011-08-02,14.424784660339355
2011-08-03,14.369640350341797
2011-08-04,13.977458000183105
2011-08-05,14.23482894897461
2011-08-08,13.45047664642334
2011-08-09,13.664947509765625
2011-08-10,13.370810508728027
2011-08-11,14.00197696685791
2011-08-12,14.026476860046387
2011-08-15,14.424784660339355
2011-08-16,14.375761985778809
2011-08-17,14.492192268371582
2011-08-18,14.332868576049805
2011-08-19,14.283845901489258
2011-08-22,14.375761985778809
2011-08-23,14.743430137634277
2011-08-24,14.951776504516602
2011-08-25,14.7679443359375
2011-08-26,14.718918800354004
2011-08-29,14.933394432067871
2011-08-30,14.970163345336914
2011-08-31,15.117222785949707
2011-09-01,14.98853874206543
2011-09-02,14.835349082946777
2011-09-06,14.737302780151367
2011-09-07,14.908883094787598
2011-09-08,14.853734016418457
2011-09-09,14.565726280212402
2011-09-12,14.688277244567871
2011-09-13,14.994665145874023
2011-09-14,15.147866249084473
2011-09-15,15.331701278686523
2011-09-16,15.484890937805176
2011-09-19,15.435872077941895
2011-09-20,15.634005546569824
2011-09-21,15.392533302307129
2011-09-22,15.169628143310547
2011-09-23,15.287271499633789
2011-09-26,15.380143165588379
2011-09-27,15.373954772949219
2011-09-28,15.237736701965332
2011-09-29,15.42348575592041
2011-09-30,15.287271499633789
2011-10-03,15.045790672302246
2011-10-04,14.822895050048828
2011-10-05,14.946727752685547
2011-10-06,15.268702507019043
2011-10-07,15.237736701965332
2011-10-10,15.435872077941895
2011-10-11,15.250123023986816
2011-10-12,15.287271499633789
2011-10-13,15.287271499633789
2011-10-14,15.404914855957031
2011-10-17,15.342997550964355
2011-10-18,15.528748512268066
2011-10-19,15.584470748901367
2011-10-20,15.745455741882324
2011-10-21,15.912625312805176
2011-10-24,15.807372093200684
2011-10-25,15.658772468566895
2011-10-26,15.776410102844238
2011-10-27,16.22221565246582
2011-10-28,16.04265594482422
2011-10-31,16.00550651550293
2011-11-01,15.609232902526855
2011-11-02,15.993120193481445
2011-11-03,16.22221565246582
2011-11-04,16.13553237915039
2011-11-07,16.21602439880371
2011-11-08,16.308897018432617
2011-11-09,15.925013542175293
2011-11-10,16.092185974121094
2011-11-11,16.290327072143555
2011-11-14,16.06123161315918
2011-11-15,16.21602439880371
2011-11-16,15.993120193481445
2011-11-17,15.850714683532715
2011-11-18,16.048851013183594
2011-11-21,15.887862205505371
2011-11-22,15.640193939208984
2011-11-23,15.442062377929688
2011-11-25,15.603049278259277
2011-11-28,15.708307266235352
2011-11-29,15.918825149536133
2011-11-30,16.277942657470703
2011-12-01,16.21602439880371
2011-12-02,15.999313354492188
2011-12-05,16.092185974121094
2011-12-06,16.154102325439453
2011-12-07,16.13553237915039
2011-12-08,15.881669998168945
2011-12-09,16.085996627807617
2011-12-12,16.04265594482422
2011-12-13,16.07361602783203
2011-12-14,16.017887115478516
2011-12-15,16.358427047729492
2011-12-16,16.35223960876465
2011-12-19,16.296518325805664
2011-12-20,16.78565788269043
2011-12-21,16.98998260498047
2011-12-22,16.877477645874023
2011-12-23,17.00248146057129
2011-12-27,17.26502227783203
2011-12-28,17.165006637573242
2011-12-29,17.3212833404541
2011-12-30,17.27753448486328
2012-01-03,17.08999252319336
2012-01-04,16.97748374938965
2012-01-05,17.052492141723633
2012-01-06,17.00248146057129
2012-01-09,17.01499366760254
2012-01-10,17.152507781982422
2012-01-11,16.933725357055664
2012-01-12,16.683687210083008
2012-01-13,16.7211971282959
2012-01-17,16.6899471282959
2012-01-18,16.764957427978516
2012-01-19,16.62117576599121
2012-01-20,16.62743377685547
2012-01-23,16.62743377685547
2012-01-24,16.577423095703125
2012-01-25,16.92747688293457
2012-01-26,17.133756637573242
2012-01-27,16.864973068237305
2012-01-30,16.59617805480957
2012-01-31,16.62743377685547
2012-02-01,16.62743377685547
2012-02-02,16.471160888671875
2012-02-03,16.577423095703125
2012-02-06,16.508663177490234
2012-02-07,16.60242462158203
2012-02-08,16.614925384521484
2012-02-09,16.608678817749023
2012-02-10,16.564922332763672
2012-02-13,16.527414321899414
2012-02-14,16.502416610717773
2012-02-15,16.389894485473633
2012-02-16,16.471160888671875
2012-02-17,16.47740936279297
2012-02-21,16.521162033081055
2012-02-22,16.55242347717285
2012-02-23,16.55242347717285
2012-02-24,16.55242347717285
2012-02-27,16.583675384521484
2012-02-28,16.508663177490234
2012-02-29,16.558671951293945
2012-03-01,16.49616241455078
2012-03-02,16.452411651611328
2012-03-05,16.527414321899414
2012-03-06,16.408655166625977
2012-03-07,16.471160888671875
2012-03-08,16.5711727142334
2012-03-09,16.683687210083008
2012-03-12,16.902469635009766
2012-03-13,16.958730697631836
2012-03-14,16.639938354492188
2012-03-15,16.49616241455078
2012-03-16,16.502416610717773
2012-03-19,16.396142959594727
2012-03-20,16.61080551147461
2012-03-21,16.585554122924805
2012-03-22,16.57923698425293
2012-03-23,16.528736114501953
2012-03-26,16.648691177368164
2012-03-27,16.71182632446289
2012-03-28,16.598182678222656
2012-03-29,16.654998779296875
2012-03-30,16.71182632446289
2012-04-02,16.781267166137695
2012-04-03,16.894914627075195
2012-04-04,16.812833786010742
2012-04-05,16.718135833740234
2012-04-09,16.661317825317383
2012-04-10,16.45296859741211
2012-04-11,16.415088653564453
2012-04-12,16.50979232788086
2012-04-13,16.427715301513672
2012-04-16,16.661317825317383
2012-04-17,16.73707389831543
2012-04-18,16.648691177368164
2012-04-19,16.61080551147461
2012-04-20,16.894914627075195
2012-04-23,16.73076057434082
2012-04-24,16.863344192504883
2012-04-25,17.002241134643555
2012-04-26,17.01487159729004
2012-04-27,17.090627670288086
2012-04-30,17.08431625366211
2012-05-01,17.08431625366211
2012-05-02,16.98961639404297
2012-05-03,16.98961639404297
2012-05-04,17.033809661865234
2012-05-07,17.002241134643555
2012-05-08,17.22952651977539
2012-05-09,17.160079956054688
2012-05-10,17.362112045288086
2012-05-11,17.362112045288086
2012-05-14,17.35580062866211
2012-05-15,17.153766632080078
2012-05-16,17.330541610717773
2012-05-17,17.204275131225586
2012-05-18,17.210586547851562
2012-05-21,17.24847412109375
2012-05-22,17.551513671875
2012-05-23,17.488380432128906
2012-05-24,17.538883209228516
2012-05-25,17.551513671875
2012-05-29,17.59571647644043
2012-05-30,17.425247192382812
2012-05-31,17.690414428710938
2012-06-01,17.652530670166016
2012-06-04,17.75355339050293
2012-06-05,17.854562759399414
2012-06-06,18.01871681213379
2012-06-07,17.9366455078125
2012-06-08,17.949262619018555
2012-06-11,18.03765869140625
2012-06-12,17.949262619018555
2012-06-13,17.96820068359375
2012-06-14,18.151294708251953
2012-06-15,18.227060317993164
2012-06-18,18.321767807006836
2012-06-19,18.25802993774414
2012-06-20,17.93939971923828
2012-06-21,17.748214721679688
2012-06-22,17.760957717895508
2012-06-25,17.748214721679688
2012-06-26,17.703601837158203
2012-06-27,17.8629207611084
2012-06-28,17.882043838500977
2012-06-29,18.105083465576172
2012-07-02,18.309019088745117
2012-07-03,18.302644729614258
2012-07-05,18.251663208007812
2012-07-06,18.21979331970215
2012-07-09,18.25802993774414
2012-07-10,18.251663208007812
2012-07-11,18.353618621826172
2012-07-12,18.328140258789062
2012-07-13,18.41098403930664
2012-07-16,18.404605865478516
2012-07-17,18.50657844543457
2012-07-18,18.583051681518555
2012-07-19,18.500202178955078
2012-07-20,18.608535766601562
2012-07-23,18.43009376525879
2012-07-24,18.302644729614258
2012-07-25,18.277156829833984
2012-07-26,18.56393051147461
2012-07-27,18.76785659790039
2012-07-30,18.850709915161133
2012-07-31,18.672266006469727
2012-08-01,18.634021759033203
2012-08-02,18.449220657348633
2012-08-03,18.685014724731445
2012-08-06,18.659517288208008
2012-08-07,18.449220657348633
2012-08-08,18.398239135742188
2012-08-09,18.309019088745117
2012-08-10,18.39185905456543
2012-08-13,18.32176399230957
2012-08-14,18.33450698852539
2012-08-15,18.238916397094727
2012-08-16,18.20705795288086
2012-08-17,18.15607261657715
2012-08-20,18.149694442749023
2012-08-21,18.015872955322266
2012-08-22,17.958518981933594
2012-08-23,17.620759963989258
2012-08-24,17.799190521240234
2012-08-27,17.824687957763672
2012-08-28,17.81194496154785
2012-08-29,17.81194496154785
2012-08-30,17.74184226989746
2012-08-31,17.773700714111328
2012-09-04,17.894786834716797
2012-09-05,17.8629207611084
2012-09-06,18.06048011779785
2012-09-07,17.907533645629883
2012-09-10,17.913908004760742
2012-09-11,17.850177764892578
2012-09-12,17.799190521240234
2012-09-13,18.054105758666992
2012-09-14,17.933025360107422
2012-09-17,17.748214721679688
2012-09-18,17.664552688598633
2012-09-19,17.645254135131836
2012-09-20,17.651687622070312
2012-09-21,17.580900192260742
2012-09-24,17.75465202331543
2012-09-25,17.79326057434082
2012-09-26,17.857606887817383
2012-09-27,17.664552688598633
2012-09-28,17.831871032714844
2012-10-01,17.677417755126953
2012-10-02,17.79326057434082
2012-10-03,17.909090042114258
2012-10-04,17.999187469482422
2012-10-05,17.97988510131836
2012-10-08,17.986318588256836
2012-10-09,17.915529251098633
2012-10-10,17.831871032714844
2012-10-11,17.83830451965332
2012-10-12,17.773962020874023
2012-10-15,17.851177215576172
2012-10-16,17.909090042114258
2012-10-17,18.15363311767578
2012-10-18,18.192243576049805
2012-10-19,18.04422950744629
2012-10-22,18.018489837646484
2012-10-23,17.94769859313965
2012-10-24,17.79326057434082
2012-10-25,18.03779411315918
2012-10-26,18.012052536010742
2012-10-31,18.179372787475586
2012-11-01,18.102153778076172
2012-11-02,17.954145431518555
2012-11-05,17.696725845336914
2012-11-06,17.690298080444336
2012-11-07,17.349231719970703
2012-11-08,17.233396530151367
2012-11-09,17.0532169342041
2012-11-12,16.8022403717041
2012-11-13,16.892332077026367
2012-11-14,16.963123321533203
2012-11-15,16.750764846801758
2012-11-16,16.90520668029785
2012-11-19,16.821544647216797
2012-11-20,16.8022403717041
2012-11-21,16.815113067626953
2012-11-23,16.744327545166016
2012-11-26,16.930944442749023
2012-11-27,17.021038055419922
2012-11-28,17.07251739501953
2012-11-29,17.194791793823242
2012-11-30,17.40714454650879
2012-12-03,17.336353302001953
2012-12-04,17.20765495300293
2012-12-05,17.5294189453125
2012-12-06,17.47793960571289
2012-12-07,17.452198028564453
2012-12-10,17.52298355102539
2012-12-11,17.555160522460938
2012-12-12,17.510116577148438
2012-12-13,17.4843692779541
2012-12-14,17.336353302001953
2012-12-17,17.593765258789062
2012-12-18,17.773962020874023
2012-12-19,17.613073348999023
2012-12-20,17.664552688598633
2012-12-21,17.510116577148438
2012-12-24,17.49061393737793
2012-12-26,17.269628524780273
2012-12-27,17.263126373291016
2012-12-28,17.061634063720703
2012-12-31,17.360618591308594
2013-01-02,17.796092987060547
2013-01-03,17.744096755981445
2013-01-04,17.809097290039062
2013-01-07,17.62060546875
2013-01-08,17.653106689453125
2013-01-09,17.679096221923828
2013-01-10,17.679096221923828
2013-01-11,17.65960121154785
2013-01-14,17.60110855102539
2013-01-15,17.581607818603516
2013-01-16,17.49061393737793
2013-01-17,17.529605865478516
2013-01-18,17.55560874938965
2013-01-22,17.815597534179688
2013-01-23,17.750598907470703
2013-01-24,17.82209014892578
2013-01-25,17.90658950805664
2013-01-28,17.809097290039062
2013-01-29,17.93259048461914
2013-01-30,17.854595184326172
2013-01-31,18.056087493896484
2013-02-01,18.205577850341797
2013-02-04,18.03008270263672
2013-02-05,18.056087493896484
2013-02-06,18.088584899902344
2013-02-07,18.0430850982666
2013-02-08,18.095081329345703
2013-02-11,18.160078048706055
2013-02-12,18.199079513549805
2013-02-13,18.147079467773438
2013-02-14,18.12757682800293
2013-02-15,18.270572662353516
2013-02-19,18.39406967163086
2013-02-20,18.329069137573242
2013-02-21,18.23157501220703
2013-02-22,18.348567962646484
2013-02-25,18.22507667541504
2013-02-26,18.433063507080078
2013-02-27,18.55655288696289
2013-02-28,18.654054641723633
2013-03-01,18.660554885864258
2013-03-04,18.914033889770508
2013-03-05,18.99853515625
2013-03-06,18.914033889770508
2013-03-07,18.823041915893555
2013-03-08,18.829540252685547
2013-03-11,18.849040985107422
2013-03-12,18.823041915893555
2013-03-13,18.875043869018555
2013-03-14,18.862043380737305
2013-03-15,18.940038681030273
2013-03-18,18.784048080444336
2013-03-19,18.73155403137207
2013-03-20,18.862775802612305
2013-03-21,18.76436424255371
2013-03-22,18.81029510498047
2013-03-25,18.79060935974121
2013-03-26,19.013675689697266
2013-03-27,19.210508346557617
2013-03-28,19.486072540283203
2013-04-01,19.407344818115234
2013-04-02,19.453264236450195
2013-04-03,19.571361541748047
2013-04-04,19.774747848510742
2013-04-05,19.800996780395508
2013-04-08,19.945344924926758
2013-04-09,19.866605758666992
2013-04-10,20.050310134887695
2013-04-11,20.089675903320312
2013-04-12,20.286514282226562
2013-04-15,19.8469181060791
2013-04-16,20.010942459106445
2013-04-17,19.899412155151367
2013-04-18,19.997819900512695
2013-04-19,20.391481399536133
2013-04-22,20.32586669921875
2013-04-23,20.293067932128906
2013-04-24,20.46365737915039
2013-04-25,20.54894256591797
2013-04-26,20.48333740234375
2013-04-29,20.719532012939453
2013-04-30,20.85730743408203
2013-05-01,20.6276798248291
2013-05-02,20.568632125854492
2013-05-03,20.46365737915039
2013-05-06,20.129047393798828
2013-05-07,20.450531005859375
2013-05-08,20.24057960510254
2013-05-09,19.833803176879883
2013-05-10,19.8469181060791
2013-05-13,19.702587127685547
2013-05-14,19.702587127685547
2013-05-15,19.899412155151367
2013-05-16,19.774747848510742
2013-05-17,19.95846176147461
2013-05-20,19.8469181060791
2013-05-21,19.860042572021484
2013-05-22,19.65009117126465
2013-05-23,19.558237075805664
2013-05-24,19.400775909423828
2013-05-28,19.26955795288086
2013-05-29,18.797168731689453
2013-05-30,18.94806671142578
2013-05-31,18.843093872070312
2013-06-03,18.941505432128906
2013-06-04,18.934946060180664
2013-06-05,18.685638427734375
2013-06-06,18.96775245666504
2013-06-07,19.125215530395508
2013-06-10,19.118654251098633
2013-06-11,19.013675689697266
2013-06-12,18.875896453857422
2013-06-13,19.210508346557617
2013-06-14,19.3023624420166
2013-06-17,19.341732025146484
2013-06-18,19.44771385192871
2013-06-19,18.911178588867188
2013-06-20,18.35477066040039
2013-06-21,18.553489685058594
2013-06-24,18.56011199951172
2013-06-25,18.798568725585938
2013-06-26,18.984039306640625
2013-06-27,19.010534286499023
2013-06-28,18.772079467773438
2013-07-01,18.586610794067383
2013-07-02,18.632970809936523
2013-07-03,18.719087600708008
2013-07-05,18.61310386657715
2013-07-08,18.917797088623047
2013-07-09,19.109893798828125
2013-07-10,19.169511795043945
2013-07-11,19.388092041015625
2013-07-12,19.414594650268555
2013-07-15,19.778905868530273
2013-07-16,19.7325382232666
2013-07-17,19.692792892456055
2013-07-18,19.865015029907227
2013-07-19,19.931251525878906
2013-07-22,19.9113826751709
2013-07-23,19.951126098632812
2013-07-24,19.6596736907959
2013-07-25,19.739160537719727
2013-07-26,19.706043243408203
2013-07-29,19.78553009033203
2013-07-30,19.990873336791992
2013-07-31,19.83852195739746
2013-08-01,20.09685516357422
2013-08-02,20.110095977783203
2013-08-05,19.918004989624023
2013-08-06,19.752412796020508
2013-08-07,19.706043243408203
2013-08-08,19.87164878845215
2013-08-09,19.507322311401367
2013-08-12,19.36822509765625
2013-08-13,19.222497940063477
2013-08-14,19.076772689819336
2013-08-15,18.745576858520508
2013-08-16,18.51374053955078
2013-08-19,18.348148345947266
2013-08-20,18.427627563476562
2013-08-21,18.17592430114746
2013-08-22,18.348148345947266
2013-08-23,18.493873596191406
2013-08-26,18.35477066040039
2013-08-27,18.35477066040039
2013-08-28,18.467376708984375
2013-08-29,18.414384841918945
2013-08-30,18.493873596191406
2013-09-03,18.20904541015625
2013-09-04,18.10968589782715
2013-09-05,18.063318252563477
2013-09-06,18.12955665588379
2013-09-09,18.18916893005371
2013-09-10,18.36139488220215
2013-09-11,18.308401107788086
2013-09-12,18.25541114807129
2013-09-13,18.308401107788086
2013-09-16,18.149433135986328
2013-09-17,18.13604164123535
2013-09-18,18.698198318481445
2013-09-19,18.624576568603516
2013-09-20,18.571043014526367
2013-09-23,18.872196197509766
2013-09-24,18.832040786743164
2013-09-25,18.644655227661133
2013-09-26,18.658042907714844
2013-09-27,18.5308895111084
2013-09-30,18.47734832763672
2013-10-01,18.597814559936523
2013-10-02,18.57773780822754
2013-10-03,18.243120193481445
2013-10-04,18.26988983154297
2013-10-07,18.182891845703125
2013-10-08,18.457273483276367
2013-10-09,18.584428787231445
2013-10-10,18.83873748779297
2013-10-11,18.919044494628906
2013-10-14,18.76511573791504
2013-10-15,18.5308895111084
2013-10-16,18.745044708251953
2013-10-17,19.066268920898438
2013-10-18,19.13988494873047
2013-10-21,19.119810104370117
2013-10-22,19.454423904418945
2013-10-23,19.454423904418945
2013-10-24,19.3272647857666
2013-10-25,19.474496841430664
2013-10-28,19.461116790771484
2013-10-29,19.50126838684082
2013-10-30,19.340654373168945
2013-10-31,19.313884735107422
2013-11-01,19.354042053222656
2013-11-04,19.394189834594727
2013-11-05,19.220197677612305
2013-11-06,19.374114990234375
2013-11-07,19.15995979309082
2013-11-08,19.086345672607422
2013-11-11,19.13988494873047
2013-11-12,18.985965728759766
2013-11-13,19.07965660095215
2013-11-14,19.13319206237793
2013-11-15,19.13988494873047
2013-11-18,19.15327262878418
2013-11-19,19.066268920898438
2013-11-20,18.805273056030273
2013-11-21,18.872196197509766
2013-11-22,18.972579956054688
2013-11-25,18.878887176513672
2013-11-26,18.805273056030273
2013-11-27,18.771814346313477
2013-11-29,18.75173568725586
2013-12-02,18.684814453125
2013-12-03,18.658042907714844
2013-12-04,18.72495460510254
2013-12-05,18.771814346313477
2013-12-06,19.03950309753418
2013-12-09,18.85880470275879
2013-12-10,18.671432495117188
2013-12-11,18.470664978027344
2013-12-12,18.59112548828125
2013-12-13,18.564353942871094
2013-12-16,18.73166275024414
2013-12-17,18.651350021362305
2013-12-18,18.992650985717773
2013-12-19,18.83873748779297
2013-12-20,18.878887176513672
2013-12-23,18.832040786743164
2013-12-24,18.91315269470215
2013-12-26,18.81175994873047
2013-12-27,18.8320369720459
2013-12-30,18.872596740722656
2013-12-31,18.886117935180664
2014-01-02,18.595457077026367
2014-01-03,18.588699340820312
2014-01-06,18.487306594848633
2014-01-07,18.805004119873047
2014-01-08,18.730642318725586
2014-01-09,18.805004119873047
2014-01-10,19.09566307067871
2014-01-13,18.953706741333008
2014-01-14,19.00778579711914
2014-01-15,18.940196990966797
2014-01-16,19.061864852905273
2014-01-17,19.061864852905273
2014-01-21,19.230854034423828
2014-01-22,19.298452377319336
2014-01-23,19.251140594482422
2014-01-24,18.967227935791016
2014-01-27,19.048341751098633
2014-01-28,19.061864852905273
2014-01-29,19.03482437133789
2014-01-30,19.420116424560547
2014-01-31,19.54178810119629
2014-02-03,19.339004516601562
2014-02-04,19.2105770111084
2014-02-05,19.10918617248535
2014-02-06,19.237613677978516
2014-02-07,19.352521896362305
2014-02-10,19.433635711669922
2014-02-11,19.609386444091797
2014-02-12,19.683738708496094
2014-02-13,19.89328384399414
2014-02-14,20.041988372802734
2014-02-18,20.06903839111328
2014-02-19,19.9676456451416
2014-02-20,20.163667678833008
2014-02-21,20.312381744384766
2014-02-24,20.265058517456055
2014-02-25,20.278579711914062
2014-02-26,20.217748641967773
2014-02-27,20.231266021728516
2014-02-28,20.474609375
2014-03-03,20.28533935546875
2014-03-04,20.461084365844727
2014-03-05,20.298860549926758
2014-03-06,20.190706253051758
2014-03-07,20.204225540161133
2014-03-10,20.109588623046875
2014-03-11,20.00143814086914
2014-03-12,20.224502563476562
2014-03-13,20.535444259643555
2014-03-14,20.63007354736328
2014-03-17,20.77202796936035
2014-03-18,20.744722366333008
2014-03-19,20.3761043548584
2014-03-20,20.26006317138672
2014-03-21,20.266889572143555
2014-03-24,20.294191360473633
2014-03-25,20.492158889770508
2014-03-26,20.36928367614746
2014-03-27,20.53310775756836
2014-03-28,20.53310775756836
2014-03-31,20.724245071411133
2014-04-01,20.662803649902344
2014-04-02,20.628671646118164
2014-04-03,20.669631958007812
2014-04-04,20.92902374267578
2014-04-07,20.840286254882812
2014-04-08,21.09285545349121
2014-04-09,20.963159561157227
2014-04-10,20.867589950561523
2014-04-11,20.881240844726562
2014-04-14,21.038240432739258
2014-04-15,21.45463752746582
2014-04-16,21.584341049194336
2014-04-17,21.38637924194336
2014-04-21,21.365903854370117
2014-04-22,21.37955665588379
2014-04-23,21.37955665588379
2014-04-24,21.502418518066406
2014-04-25,21.809606552124023
2014-04-28,21.84372901916504
2014-04-29,21.714033126831055
2014-04-30,21.7549991607666
2014-05-01,21.789121627807617
2014-05-02,21.29081153869629
2014-05-05,21.324939727783203
2014-05-06,21.283987045288086
2014-05-07,21.597991943359375
2014-05-08,21.29081153869629
2014-05-09,20.990463256835938
2014-05-12,20.79932975769043
2014-05-13,20.867589950561523
2014-05-14,21.0587215423584
2014-05-15,20.874420166015625
2014-05-16,20.819805145263672
2014-05-19,20.519460678100586
2014-05-20,20.539932250976562
2014-05-21,20.50581169128418
2014-05-22,20.683284759521484
2014-05-23,20.64232635498047
2014-05-27,20.731060028076172
2014-05-28,20.819805145263672
2014-05-29,20.867589950561523
2014-05-30,20.99728775024414
2014-06-02,20.93585968017578
2014-06-03,20.94268226623535
2014-06-04,20.983638763427734
2014-06-05,21.1542911529541
2014-06-06,21.277158737182617
2014-06-09,21.16112518310547
2014-06-10,20.990463256835938
2014-06-11,20.77202796936035
2014-06-12,20.92220115661621
2014-06-13,20.949508666992188
2014-06-16,21.099674224853516
2014-06-17,21.11347007751465
2014-06-18,21.671804428100586
2014-06-19,21.823448181152344
2014-06-20,21.775197982788086
2014-06-23,21.671804428100586
2014-06-24,21.685588836669922
2014-06-25,21.78898811340332
2014-06-26,21.871706008911133
2014-06-27,21.968212127685547
2014-06-30,22.216360092163086
2014-07-01,22.08538818359375
2014-07-02,21.720056533813477
2014-07-03,21.733842849731445
2014-07-07,21.816556930541992
2014-07-08,21.78898811340332
2014-07-09,21.809667587280273
2014-07-10,21.919952392578125
2014-07-11,21.775197982788086
2014-07-14,21.602874755859375
2014-07-15,21.740732192993164
2014-07-16,21.857921600341797
2014-07-17,21.720056533813477
2014-07-18,21.926847457885742
2014-07-21,21.84412956237793
2014-07-22,21.851024627685547
2014-07-23,21.740732192993164
2014-07-24,21.878602981567383
2014-07-25,21.733842849731445
2014-07-28,22.10606575012207
2014-07-29,21.857921600341797
2014-07-30,21.45122718811035
2014-07-31,21.23065185546875
2014-08-01,21.354724884033203
2014-08-04,21.182395935058594
2014-08-05,20.837743759155273
2014-08-06,20.43105697631836
2014-08-07,20.665416717529297
2014-08-08,21.065216064453125
2014-08-11,20.989397048950195
2014-08-12,21.023855209350586
2014-08-13,21.134145736694336
2014-08-14,21.29269027709961
2014-08-15,21.382295608520508
2014-08-18,21.29269027709961
2014-08-19,21.61665916442871
2014-08-20,21.62355613708496
2014-08-21,21.658023834228516
2014-08-22,21.63734245300293
2014-08-25,21.761415481567383
2014-08-26,21.54083824157715
2014-08-27,21.795883178710938
2014-08-28,21.947525024414062
2014-08-29,22.0922794342041
2014-09-02,21.84412956237793
2014-09-03,22.009567260742188
2014-09-04,21.96131706237793
2014-09-05,22.388687133789062
2014-09-08,22.181901931762695
2014-09-09,21.86480140686035
2014-09-10,21.761415481567383
2014-09-11,21.98199462890625
2014-09-12,21.55462646484375
2014-09-15,21.59598159790039
2014-09-16,21.839569091796875
2014-09-17,21.749095916748047
2014-09-18,21.54726219177246
2014-09-19,21.70734214782715
2014-09-22,21.505508422851562
2014-09-23,21.4637508392334
2014-09-24,21.408069610595703
2014-09-25,21.19927978515625
2014-09-26,21.15056037902832
2014-09-29,21.087923049926758
2014-09-30,21.157520294189453
2014-10-01,21.20623779296875
2014-10-02,21.143598556518555
2014-10-03,21.303682327270508
2014-10-06,21.303682327270508
2014-10-07,21.456789016723633
2014-10-08,22.020524978637695
2014-10-09,21.763019561767578
2014-10-10,21.9787654876709
2014-10-13,22.104045867919922
2014-10-14,22.758255004882812
2014-10-15,22.424184799194336
2014-10-16,22.194515228271484
2014-10-17,22.194515228271484
2014-10-20,22.465938568115234
2014-10-21,22.584259033203125
2014-10-22,22.758255004882812
2014-10-23,22.758255004882812
2014-10-24,22.89744758605957
2014-10-27,22.84873390197754
2014-10-28,23.022722244262695
2014-10-29,22.862642288208008
2014-10-30,23.328950881958008
2014-10-31,23.29414939880371
2014-11-03,23.48902702331543
2014-11-04,23.29414939880371
2014-11-05,23.725645065307617
2014-11-06,23.001840591430664
2014-11-07,23.38463020324707
2014-11-10,23.656057357788086
2014-11-11,23.57950210571289
2014-11-12,23.25238800048828
2014-11-13,23.120153427124023
2014-11-14,22.99488639831543
2014-11-17,23.266305923461914
2014-11-18,23.468143463134766
2014-11-19,23.36374855041504
2014-11-20,23.356792449951172
2014-11-21,23.440309524536133
2014-11-24,23.231517791748047
2014-11-25,23.196712493896484
2014-11-26,23.315027236938477
2014-11-28,23.62126350402832
2014-12-01,23.850929260253906
2014-12-02,24.12235450744629
2014-12-03,24.20587730407715
2014-12-04,24.226757049560547
2014-12-05,24.03188133239746
2014-12-08,24.282432556152344
2014-12-09,24.372909545898438
2014-12-10,24.129314422607422
2014-12-11,24.352027893066406
2014-12-12,24.101478576660156
2014-12-15,23.83701515197754
2014-12-16,23.81613540649414
2014-12-17,24.184988021850586
2014-12-18,24.602582931518555
2014-12-19,24.637372970581055
2014-12-22,24.811368942260742
2014-12-23,24.86751365661621
2014-12-24,25.429018020629883
2014-12-26,25.674678802490234
2014-12-29,26.14493179321289
2014-12-30,25.5343017578125
2014-12-31,25.211441040039062
2015-01-02,25.351806640625
2015-01-05,25.06404685974121
2015-01-06,25.197399139404297
2015-01-07,25.41497802734375
2015-01-08,25.709779739379883
2015-01-09,25.393932342529297
2015-01-12,25.169328689575195
2015-01-13,25.372873306274414
2015-01-14,25.59747314453125
2015-01-15,25.822072982788086
2015-01-16,25.983497619628906
2015-01-20,26.158971786499023
2015-01-21,26.37656021118164
2015-01-22,26.334444046020508
2015-01-23,26.502893447875977
2015-01-26,26.432706832885742
2015-01-27,26.48183822631836
2015-01-28,26.285308837890625
2015-01-29,26.748552322387695
2015-01-30,26.341463088989258
2015-02-02,26.36953353881836
2015-02-03,26.41866111755371
2015-02-04,26.10983657836914
2015-02-05,26.362524032592773
2015-02-06,25.06404685974121
2015-02-09,24.804349899291992
2015-02-10,25.44306182861328
2015-02-11,24.95174217224121
2015-02-12,24.937707901000977
2015-02-13,24.565715789794922
2015-02-17,24.699071884155273
2015-02-18,25.478151321411133
2015-02-19,25.42201042175293
2015-02-20,25.211441040039062
2015-02-23,25.5343017578125
2015-02-24,25.51324462890625
2015-02-25,25.000877380371094
2015-02-26,24.860498428344727
2015-02-27,24.762235641479492
2015-03-02,24.15160369873047
2015-03-03,24.348134994506836
2015-03-04,24.270933151245117
2015-03-05,24.51658058166504
2015-03-06,23.618183135986328
2015-03-09,23.919984817504883
2015-03-10,23.976137161254883
2015-03-11,23.758546829223633
2015-03-12,24.1796817779541
2015-03-13,23.90338706970215
2015-03-16,24.243440628051758
2015-03-17,24.179683685302734
2015-03-18,24.767698287963867
2015-03-19,24.427640914916992
2015-03-20,24.640178680419922
2015-03-23,24.796043395996094
2015-03-24,24.590587615966797
2015-03-25,24.385133743286133
2015-03-26,24.30012321472168
2015-03-27,24.363876342773438
2015-03-30,24.611845016479492
2015-03-31,24.661434173583984
2015-04-01,24.70394515991211
2015-04-02,24.626001358032227
2015-04-06,24.831464767456055
2015-04-07,24.448898315429688
2015-04-08,24.39222526550293
2015-04-09,24.314289093017578
2015-04-10,24.562246322631836
2015-04-13,24.27886962890625
2015-04-14,24.420551300048828
2015-04-15,24.434728622436523
2015-04-16,24.30012321472168
2015-04-17,24.349706649780273
2015-04-20,24.633089065551758
2015-04-21,24.28594970703125
2015-04-22,24.307205200195312
2015-04-23,24.455976486206055
2015-04-24,24.70394515991211
2015-04-27,24.378047943115234
2015-04-28,24.590587615966797
2015-04-29,24.455976486206055
2015-04-30,24.023813247680664
2015-05-01,24.059232711791992
2015-05-04,24.342615127563477
2015-05-05,23.839630126953125
2015-05-06,23.740432739257812
2015-05-07,23.719179153442383
2015-05-08,23.81836700439453
2015-05-11,23.676668167114258
2015-05-12,23.527896881103516
2015-05-13,23.27285385131836
2015-05-14,23.719179153442383
2015-05-15,23.91046142578125
2015-05-18,24.20093536376953
2015-05-19,24.349706649780273
2015-05-20,24.52682113647461
2015-05-21,24.448898315429688
2015-05-22,24.413471221923828
2015-05-26,24.080493927001953
2015-05-27,24.15842628479004
2015-05-28,24.179683685302734
2015-05-29,24.123008728027344
2015-06-01,24.137170791625977
2015-06-02,23.66250228881836
2015-06-03,23.26576805114746
2015-06-04,23.21617889404297
2015-06-05,22.918622970581055
2015-06-08,22.904451370239258
2015-06-09,22.92570686340332
2015-06-10,22.92570686340332
2015-06-11,23.244508743286133
2015-06-12,23.166587829589844
2015-06-15,23.0248966217041
2015-06-16,23.167991638183594
2015-06-17,23.303937911987305
2015-06-18,23.647375106811523
2015-06-19,23.447040557861328
2015-06-22,23.39695167541504
2015-06-23,23.060670852661133
2015-06-24,22.88895034790039
2015-06-25,22.83885955810547
2015-06-26,23.067827224731445
2015-06-29,23.017732620239258
2015-06-30,23.0248966217041
2015-07-01,23.253856658935547
2015-07-02,23.482812881469727
2015-07-06,23.568668365478516
2015-07-07,24.248403549194336
2015-07-08,24.11962127685547
2015-07-09,23.84772300720215
2015-07-10,24.0051326751709
2015-07-13,23.99798011779785
2015-07-14,23.99798011779785
2015-07-15,24.055219650268555
2015-07-16,24.412973403930664
2015-07-17,24.11246109008789
2015-07-20,23.955039978027344
2015-07-21,23.718929290771484
2015-07-22,23.897808074951172
2015-07-23,23.547212600708008
2015-07-24,23.511432647705078
2015-07-27,23.854881286621094
2015-07-28,24.033754348754883
2015-07-29,24.13391876220703
2015-07-30,24.47736167907715
2015-07-31,24.80649185180664
2015-08-03,24.706321716308594
2015-08-04,24.434438705444336
2015-08-05,24.62761688232422
2015-08-06,24.920978546142578
2015-08-07,25.22149085998535
2015-08-10,24.999677658081055
2015-08-11,25.307344436645508
2015-08-12,25.557783126831055
2015-08-13,25.44329833984375
2015-08-14,25.61501121520996
2015-08-17,25.750953674316406
2015-08-18,25.693727493286133
2015-08-19,25.98706817626953
2015-08-20,25.765274047851562
2015-08-21,25.44329833984375
2015-08-24,24.398656845092773
2015-08-25,23.668848037719727
2015-08-26,23.99798011779785
2015-08-27,24.327116012573242
2015-08-28,24.291339874267578
2015-08-31,24.13391876220703
2015-09-01,23.597293853759766
2015-09-02,23.683155059814453
2015-09-03,23.819101333618164
2015-09-04,23.346872329711914
2015-09-08,23.668848037719727
2015-09-09,23.29678726196289
2015-09-10,23.40410804748535
2015-09-11,23.726085662841797
2015-09-14,23.726085662841797
2015-09-15,23.921152114868164
2015-09-16,24.101768493652344
2015-09-17,24.44856071472168
2015-09-18,24.296842575073242
2015-09-21,24.64362907409668
2015-09-22,24.506351470947266
2015-09-23,24.64362907409668
2015-09-24,24.853153228759766
2015-09-25,25.221607208251953
2015-09-28,25.026535034179688
2015-09-29,25.06989097595215
2015-09-30,25.58285140991211
2015-10-01,25.29385757446289
2015-10-02,25.525049209594727
2015-10-05,25.655088424682617
2015-10-06,25.31553077697754
2015-10-07,25.308305740356445
2015-10-08,25.655088424682617
2015-10-09,25.4744815826416
2015-10-12,25.893510818481445
2015-10-13,25.92963218688965
2015-10-14,26.001876831054688
2015-10-15,26.261972427368164
2015-10-16,26.31976890563965
2015-10-19,26.19695281982422
2015-10-20,26.46426773071289
2015-10-21,26.428146362304688
2015-10-22,26.832731246948242
2015-10-23,26.327009201049805
2015-10-26,26.5726318359375
2015-10-27,26.529294967651367
2015-10-28,26.03800392150879
2015-10-29,25.67677879333496
2015-10-30,25.741792678833008
2015-11-02,25.90073013305664
2015-11-03,25.92963218688965
2015-11-04,26.03078269958496
2015-11-05,26.088577270507812
2015-11-06,25.185483932495117
2015-11-09,25.29385757446289
2015-11-10,25.705671310424805
2015-11-11,26.045228958129883
2015-11-12,25.510595321655273
2015-11-13,25.29385757446289
2015-11-16,25.712890625
2015-11-17,25.44558334350586
2015-11-18,25.73456382751465
2015-11-19,25.806825637817383
2015-11-20,25.90796661376953
2015-11-23,25.69843864440918
2015-11-24,25.814043045043945
2015-11-25,25.647871017456055
2015-11-27,25.749019622802734
2015-11-30,25.76346206665039
2015-12-01,25.98743438720703
2015-12-02,25.44558334350586
2015-12-03,24.86759376525879
2015-12-04,25.26496124267578
2015-12-07,25.48170280456543
2015-12-08,25.4383544921875
2015-12-09,25.488927841186523
2015-12-10,25.134912490844727
2015-12-11,25.24327850341797
2015-12-14,25.496145248413086
2015-12-15,25.69843864440918
2015-12-16,26.312541961669922
2015-12-17,26.298099517822266
2015-12-18,25.72011947631836
2015-12-21,25.58285140991211
2015-12-22,25.757823944091797
2015-12-23,26.136924743652344
2015-12-24,26.05674171447754
2015-12-28,26.34836196899414
2015-12-29,26.406692504882812
2015-12-30,26.537918090820312
2015-12-31,26.180683135986328
2016-01-04,26.027578353881836
2016-01-05,26.290037155151367
2016-01-06,26.567096710205078
2016-01-07,26.669151306152344
2016-01-08,26.377525329589844
2016-01-11,26.588951110839844
2016-01-12,26.48689079284668
2016-01-13,26.326492309570312
2016-01-14,26.763925552368164
2016-01-15,26.61082649230957
2016-01-19,27.12846565246582
2016-01-20,26.698314666748047
2016-01-21,26.34107208251953
2016-01-22,26.705610275268555
2016-01-25,26.63269805908203
2016-01-26,26.80767250061035
2016-01-27,26.742061614990234
2016-01-28,27.390926361083984
2016-01-29,27.86481475830078
2016-02-01,28.11269760131836
2016-02-02,28.41891098022461
2016-02-03,28.61574935913086
2016-02-04,28.484529495239258
2016-02-05,28.819887161254883
2016-02-08,28.61574935913086
2016-02-09,28.88551139831543
2016-02-10,28.68865203857422
2016-02-11,28.426189422607422
2016-02-12,28.302255630493164
2016-02-16,28.309551239013672
2016-02-17,28.38974380493164
2016-02-18,28.900089263916016
2016-02-19,28.674076080322266
2016-02-22,28.92195701599121
2016-02-23,29.03860855102539
2016-02-24,29.09693717956543
2016-02-25,29.308368682861328
2016-02-26,28.630334854125977
2016-02-29,28.827178955078125
2016-03-01,28.76885414123535
2016-03-02,28.86362648010254
2016-03-03,28.870922088623047
2016-03-04,29.118797302246094
2016-03-07,29.206287384033203
2016-03-08,29.64374351501465
2016-03-09,29.68747329711914
2016-03-10,29.702062606811523
2016-03-11,29.687360763549805
2016-03-14,29.716758728027344
2016-03-15,29.775575637817383
2016-03-16,30.08436393737793
2016-03-17,30.510774612426758
2016-03-18,30.18729019165039
2016-03-21,30.179933547973633
2016-03-22,29.97408103942871
2016-03-23,30.231401443481445
2016-03-24,30.312274932861328
2016-03-28,30.260807037353516
2016-03-29,30.628406524658203
2016-03-30,30.554889678955078
2016-03-31,30.746036529541016
2016-04-01,30.834266662597656
2016-04-04,30.775442123413086
2016-04-05,30.106416702270508
2016-04-06,30.032894134521484
2016-04-07,29.98879051208496
2016-04-08,30.15053367614746
2016-04-11,29.996129989624023
2016-04-12,30.135828018188477
2016-04-13,29.915260314941406
2016-04-14,29.834402084350586
2016-04-15,30.01819610595703
2016-04-18,30.24611473083496
2016-04-19,30.260807037353516
2016-04-20,29.209474563598633
2016-04-21,28.386049270629883
2016-04-22,28.709545135498047
2016-04-25,28.783052444458008
2016-04-26,28.81245994567871
2016-04-27,29.19476890563965
2016-04-28,29.36385726928711
2016-04-29,29.430044174194336
2016-05-02,29.782926559448242
2016-05-03,29.812335968017578
2016-05-04,30.15053367614746
2016-05-05,30.025537490844727
2016-05-06,29.74616813659668
2016-05-09,30.260807037353516
2016-05-10,30.407854080200195
2016-05-11,30.42255401611328
2016-05-12,30.768096923828125
2016-05-13,30.665151596069336
2016-05-16,30.694576263427734
2016-05-17,30.040246963500977
2016-05-18,29.474138259887695
2016-05-19,29.782926559448242
2016-05-20,29.75351333618164
2016-05-23,29.452083587646484
2016-05-24,29.81969451904297
2016-05-25,29.679996490478516
2016-05-26,30.062307357788086
2016-05-27,30.08436393737793
2016-05-31,30.415199279785156
2016-06-01,30.554889678955078
2016-06-02,30.437253952026367
2016-06-03,31.018056869506836
2016-06-06,30.915132522583008
2016-06-07,30.885725021362305
2016-06-08,31.00336265563965
2016-06-09,31.393009185791016
2016-06-10,31.429777145385742
2016-06-13,31.400373458862305
2016-06-14,31.71163558959961
2016-06-15,31.378128051757812
2016-06-16,31.74127769470215
2016-06-17,31.756084442138672
2016-06-20,31.681982040405273
2016-06-21,31.74869155883789
2016-06-22,31.622705459594727
2016-06-23,31.64492416381836
2016-06-24,32.089595794677734
2016-06-27,32.400856018066406
2016-06-28,32.4230842590332
2016-06-29,32.497188568115234
2016-06-30,33.18642044067383
2016-07-01,33.18642044067383
2016-07-05,33.54955291748047
2016-07-06,33.594017028808594
2016-07-07,32.84550857543945
2016-07-08,33.04560852050781
2016-07-11,32.91221618652344
2016-07-12,32.23781967163086
2016-07-13,32.57131576538086
2016-07-14,32.31932067871094
2016-07-15,32.4230842590332
2016-07-18,32.497188568115234
2016-07-19,32.452728271484375
2016-07-20,32.31932067871094
2016-07-21,32.519432067871094
2016-07-22,32.84550857543945
2016-07-25,32.78622055053711
2016-07-26,32.452728271484375
2016-07-27,32.23781967163086
2016-07-28,32.43048858642578
2016-07-29,32.59354782104492
2016-08-01,32.56389617919922
2016-08-02,32.400856018066406
2016-08-03,31.985830307006836
2016-08-04,32.09699630737305
2016-08-05,31.622705459594727
2016-08-08,31.548593521118164
2016-08-09,31.60787582397461
2016-08-10,31.63752555847168
2016-08-11,31.6523494720459
2016-08-12,31.719038009643555
2016-08-15,31.2150936126709
2016-08-16,30.85936737060547
2016-08-17,31.3707218170166
2016-08-18,31.837621688842773
2016-08-19,31.43742561340332
2016-08-22,31.55600357055664
2016-08-23,31.2669677734375
2016-08-24,31.274385452270508
2016-08-25,31.33367919921875
2016-08-26,30.674089431762695
2016-08-29,30.903837203979492
2016-08-30,30.5258731842041
2016-08-31,30.65186309814453
2016-09-01,30.585153579711914
2016-09-02,30.911218643188477
2016-09-06,31.274385452270508
2016-09-07,31.407785415649414
2016-09-08,31.40036964416504
2016-09-09,30.222021102905273
2016-09-12,30.69631576538086
2016-09-13,30.337650299072266
2016-09-14,30.457195281982422
2016-09-15,30.531930923461914
2016-09-16,30.78599739074707
2016-09-19,31.1446590423584
2016-09-20,31.025104522705078
2016-09-21,31.794740676879883
2016-09-22,32.0562858581543
2016-09-23,32.18332290649414
2016-09-26,32.20573425292969
2016-09-27,31.660255432128906
2016-09-28,31.57058334350586
2016-09-29,31.24180030822754
2016-09-30,30.741165161132812
2016-10-03,30.32270622253418
2016-10-04,29.582948684692383
2016-10-05,29.523164749145508
2016-10-06,29.605365753173828
2016-10-07,29.597900390625
2016-10-10,29.80710792541504
2016-10-11,29.47833251953125
2016-10-12,29.680089950561523
2016-10-13,30.143367767333984
2016-10-14,29.926681518554688
2016-10-17,30.143367767333984
2016-10-18,30.29281234741211
2016-10-19,30.128427505493164
2016-10-20,30.18073272705078
2016-10-21,29.85194969177246
2016-10-24,30.03876495361328
2016-10-25,30.24798583984375
2016-10-26,30.337650299072266
2016-10-27,30.218093872070312
2016-10-28,30.397441864013672
2016-10-31,31.047527313232422
2016-11-01,30.531930923461914
2016-11-02,30.23303985595703
2016-11-03,30.35259437561035
2016-11-04,30.158306121826172
2016-11-07,30.748638153076172
2016-11-08,31.025104522705078
2016-11-09,29.57547378540039
2016-11-10,28.902963638305664
2016-11-11,29.022518157958984
2016-11-14,28.775930404663086
2016-11-15,29.32888412475586
2016-11-16,29.149547576904297
2016-11-17,29.142078399658203
2016-11-18,29.044939041137695
2016-11-21,29.396141052246094
2016-11-22,29.358776092529297
2016-11-23,28.97022247314453
2016-11-25,29.53064727783203
2016-11-28,30.128427505493164
2016-11-29,30.25545310974121
2016-11-30,29.149547576904297
2016-12-01,28.798349380493164
2016-12-02,28.947797775268555
2016-12-05,28.985157012939453
2016-12-06,28.97022247314453
2016-12-07,29.403606414794922
2016-12-08,29.32888412475586
2016-12-09,29.777219772338867
2016-12-12,30.24050521850586
2016-12-13,30.427318572998047
2016-12-14,29.9191951751709
2016-12-15,30.0537052154541
2016-12-16,30.4049072265625
2016-12-19,30.457195281982422
2016-12-20,30.62160873413086
2016-12-21,30.569290161132812
2016-12-22,30.644641876220703
2016-12-23,30.644641876220703
2016-12-27,30.68985939025879
2016-12-28,30.358320236206055
2016-12-29,30.848073959350586
2016-12-30,30.667255401611328
2017-01-03,30.606971740722656
2017-01-04,30.742603302001953
2017-01-05,30.742603302001953
2017-01-06,30.8330078125
2017-01-09,30.36585235595703
2017-01-10,30.358320236206055
2017-01-11,30.65970802307129
2017-01-12,30.7802791595459
2017-01-13,30.629573822021484
2017-01-17,31.043989181518555
2017-01-18,31.141952514648438
2017-01-19,30.810420989990234
2017-01-20,30.94605827331543
2017-01-23,30.750137329101562
2017-01-24,30.735065460205078
2017-01-25,30.719993591308594
2017-01-26,30.82548713684082
2017-01-27,30.682313919067383
2017-01-30,30.68985939025879
2017-01-31,31.134418487548828
2017-02-01,30.61449432373047
2017-02-02,31.187152862548828
2017-02-03,31.23237419128418
2017-02-06,31.270050048828125
2017-02-07,31.390600204467773
2017-02-08,31.69200325012207
2017-02-09,31.465951919555664
2017-02-10,31.601572036743164
2017-02-13,31.66938018798828
2017-02-14,31.435823440551758
2017-02-15,31.352924346923828
2017-02-16,31.563905715942383
2017-02-17,31.64679718017578
2017-02-21,31.970792770385742
2017-02-22,32.01600646972656
2017-02-23,32.36260223388672
2017-02-24,32.6564826965332
2017-02-27,32.633872985839844
2017-02-28,32.93527603149414
2017-03-01,32.777034759521484
2017-03-02,33.040748596191406
2017-03-03,32.94280242919922
2017-03-06,32.867454528808594
2017-03-07,33.018150329589844
2017-03-08,32.43795394897461
2017-03-09,32.45303726196289
2017-03-10,32.777034759521484
2017-03-13,32.84540939331055
2017-03-14,32.860618591308594
2017-03-15,33.46843719482422
2017-03-16,33.111331939697266
2017-03-17,33.31647872924805
2017-03-20,33.118934631347656
2017-03-21,33.7039794921875
2017-03-22,33.81793212890625
2017-03-23,33.871116638183594
2017-03-24,34.0154914855957
2017-03-27,34.0154914855957
2017-03-28,34.13705825805664
2017-03-29,33.78754425048828
2017-03-30,33.66598129272461
2017-03-31,33.77235794067383
2017-04-03,33.734375
2017-04-04,33.81793212890625
2017-04-05,34.053466796875
2017-04-06,33.878719329833984
2017-04-07,33.734375
2017-04-10,33.871116638183594
2017-04-11,33.871116638183594
2017-04-12,34.114261627197266
2017-04-13,34.053466796875
2017-04-17,34.25101852416992
2017-04-18,34.266212463378906
2017-04-19,34.03827667236328
2017-04-20,33.92430877685547
2017-04-21,34.06105422973633
2017-04-24,34.20542526245117
2017-04-25,34.19782257080078
2017-04-26,34.068668365478516
2017-04-27,34.28900146484375
2017-04-28,34.22821044921875
2017-05-01,34.03827667236328
2017-05-02,34.04587936401367
2017-05-03,33.96989059448242
2017-05-04,34.129451751708984
2017-05-05,34.22821044921875
2017-05-08,34.28900146484375
2017-05-09,34.0154914855957
2017-05-10,34.10665512084961
2017-05-11,34.30418395996094
2017-05-12,34.63091278076172
2017-05-15,34.805660247802734
2017-05-16,34.623313903808594
2017-05-17,34.653709411621094
2017-05-18,34.676490783691406
2017-05-19,34.83604049682617
2017-05-22,35.177947998046875
2017-05-23,35.33750915527344
2017-05-24,35.53505325317383
2017-05-25,35.90732955932617
2017-05-26,35.93772888183594
2017-05-30,36.15046310424805
2017-05-31,36.40119934082031
2017-06-01,36.568363189697266
2017-06-02,36.712711334228516
2017-06-05,36.34800720214844
2017-06-06,36.12007522583008
2017-06-07,36.39360809326172
2017-06-08,35.968116760253906
2017-06-09,35.97572708129883
2017-06-12,35.8465690612793
2017-06-13,36.0379638671875
2017-06-14,36.26765441894531
2017-06-15,36.43608093261719
2017-06-16,36.589210510253906
2017-06-19,36.43608093261719
2017-06-20,36.5049934387207
2017-06-21,36.40546417236328
2017-06-22,36.24467849731445
2017-06-23,36.083900451660156
2017-06-26,36.27531051635742
2017-06-27,35.99202346801758
2017-06-28,35.5786018371582
2017-06-29,35.1881217956543
2017-06-30,35.12687301635742
2017-07-03,34.88953399658203
2017-07-05,34.85890197753906
2017-07-06,34.88953399658203
2017-07-07,34.98139190673828
2017-07-10,34.88187026977539
2017-07-11,34.86656188964844
2017-07-12,35.13452911376953
2017-07-13,34.966087341308594
2017-07-14,35.157493591308594
2017-07-17,35.31063461303711
2017-07-18,35.525001525878906
2017-07-19,35.69343185424805
2017-07-20,36.083900451660156
2017-07-21,36.30592727661133
2017-07-24,35.907814025878906
2017-07-25,35.75468063354492
2017-07-26,36.19108581542969
2017-07-27,36.489681243896484
2017-07-28,36.10686492919922
2017-07-31,36.221710205078125
2017-08-01,36.420780181884766
2017-08-02,36.5279655456543
2017-08-03,36.83421325683594
2017-08-04,36.72703552246094
2017-08-07,36.90312576293945
2017-08-08,37.08687210083008
2017-08-09,36.95671844482422
2017-08-10,37.239994049072266
2017-08-11,36.89546585083008
2017-08-14,37.079219818115234
2017-08-15,37.30889129638672
2017-08-16,37.46968078613281
2017-08-17,37.262969970703125
2017-08-18,37.5156135559082
2017-08-21,37.67639923095703
2017-08-22,37.61515808105469
2017-08-23,37.79888916015625
2017-08-24,37.7835693359375
2017-08-25,37.79888916015625
2017-08-28,37.92905807495117
2017-08-29,37.898433685302734
2017-08-30,37.88312530517578
2017-08-31,37.898433685302734
2017-09-01,37.7912483215332
2017-09-05,38.01327896118164
2017-09-06,37.94437026977539
2017-09-07,38.19702911376953
2017-09-08,38.457340240478516
2017-09-11,38.671714782714844
2017-09-12,37.92139434814453
2017-09-13,37.63810729980469
2017-09-14,37.869503021240234
2017-09-15,37.85408020019531
2017-09-18,37.49928665161133
2017-09-19,37.36045837402344
2017-09-20,37.12136459350586
2017-09-21,37.028812408447266
2017-09-22,36.56604766845703
2017-09-25,36.78971862792969
2017-09-26,36.797428131103516
2017-09-27,36.28068161010742
2017-09-28,36.53520202636719
2017-09-29,36.49662780761719
2017-10-02,36.5274772644043
2017-10-03,36.38865661621094
2017-10-04,36.843711853027344
2017-10-05,36.697174072265625
2017-10-06,36.55062484741211
2017-10-09,36.697174072265625
2017-10-10,36.974815368652344
2017-10-11,37.23704528808594
2017-10-12,37.60727310180664
2017-10-13,37.491580963134766
2017-10-16,37.3990364074707
2017-10-17,37.576412200927734
2017-10-18,37.584129333496094
2017-10-19,37.98518371582031
2017-10-20,37.9929084777832
2017-10-23,38.00061798095703
2017-10-24,38.14716339111328
2017-10-25,38.0854606628418
2017-10-26,37.83094787597656
2017-10-27,37.95433807373047
2017-10-30,38.01604461669922
2017-10-31,38.19343566894531
2017-11-01,37.96976089477539
2017-11-02,37.9929084777832
2017-11-03,38.24742126464844
2017-11-06,38.10090255737305
2017-11-07,38.58678436279297
2017-11-08,38.75646209716797
2017-11-09,38.957000732421875
2017-11-10,38.71790313720703
2017-11-13,39.17295837402344
2017-11-14,39.95194625854492
2017-11-15,39.473751068115234
2017-11-16,39.473751068115234
2017-11-17,39.250083923339844
2017-11-20,39.01870346069336
2017-11-21,39.034122467041016
2017-11-22,38.972434997558594
2017-11-24,39.11125183105469
2017-11-27,39.22694396972656
2017-11-28,39.527740478515625
2017-11-29,39.535457611083984
2017-11-30,39.80540084838867
2017-12-01,39.612586975097656
2017-12-04,39.3966178894043
2017-12-05,39.1806640625
2017-12-06,39.404327392578125
2017-12-07,39.211509704589844
2017-12-08,39.48917770385742
2017-12-11,39.67428207397461
2017-12-12,38.98014450073242
2017-12-13,39.20381164550781
2017-12-14,38.864444732666016
2017-12-15,39.165245056152344
2017-12-18,38.63306427001953
2017-12-19,38.04689407348633
2017-12-20,37.3990364074707
2017-12-21,37.3218994140625
2017-12-22,37.21391677856445
2017-12-26,36.889991760253906
2017-12-27,37.14643096923828
2017-12-28,37.36403274536133
2017-12-29,37.3873405456543
2018-01-02,37.15421676635742
2018-01-03,36.905521392822266
2018-01-04,36.61798858642578
2018-01-05,36.36154556274414
2018-01-08,36.633522033691406
2018-01-09,36.20612335205078
2018-01-10,35.84864044189453
2018-01-11,35.37458801269531
2018-01-12,35.08707046508789
2018-01-16,35.195858001708984
2018-01-17,35.5067024230957
2018-01-18,35.265804290771484
2018-01-19,35.07151412963867
2018-01-22,35.149227142333984
2018-01-23,35.5300178527832
2018-01-24,35.39790344238281
2018-01-25,35.74762725830078
2018-01-26,35.514488220214844
2018-01-29,34.85392379760742
2018-01-30,35.13368606567383
2018-01-31,35.467838287353516
2018-02-01,34.822837829589844
2018-02-02,34.56639099121094
2018-02-05,33.90583801269531
2018-02-06,33.20642852783203
2018-02-07,32.99660873413086
2018-02-08,32.981056213378906
2018-02-09,33.688232421875
2018-02-12,34.00686264038086
2018-02-13,34.162288665771484
2018-02-14,33.58721160888672
2018-02-15,34.341026306152344
2018-02-16,34.72182846069336
2018-02-20,34.286624908447266
2018-02-21,33.96023941040039
2018-02-22,33.89028549194336
2018-02-23,34.7917594909668
2018-02-26,34.6130256652832
2018-02-27,33.96023941040039
2018-02-28,33.63383102416992
2018-03-01,33.54836654663086
2018-03-02,33.43955993652344
2018-03-05,34.06126403808594
2018-03-06,33.3463020324707
2018-03-07,33.19864273071289
2018-03-08,33.51727294921875
2018-03-09,33.63383102416992
2018-03-12,33.92914962768555
2018-03-13,33.812583923339844
2018-03-14,34.13401412963867
2018-03-15,34.220237731933594
2018-03-16,34.596553802490234
2018-03-19,34.62790298461914
2018-03-20,34.69846725463867
2018-03-21,34.85525894165039
2018-03-22,34.94149398803711
2018-03-23,34.290802001953125
2018-03-26,34.60438919067383
2018-03-27,35.364837646484375
2018-03-28,35.54515838623047
2018-03-29,35.6549072265625
2018-04-02,35.239410400390625
2018-04-03,35.43539810180664
2018-04-04,35.443233489990234
2018-04-05,35.81953811645508
2018-04-06,35.64707946777344
2018-04-09,35.67842483520508
2018-04-10,35.30211639404297
2018-04-11,35.153167724609375
2018-04-12,34.510311126708984
2018-04-13,34.87093734741211
2018-04-16,35.49812316894531
2018-04-17,35.75682067871094
2018-04-18,35.52947998046875
2018-04-19,35.584346771240234
2018-04-20,35.356998443603516
2018-04-23,35.52162551879883
2018-04-24,35.811702728271484
2018-04-25,35.88226318359375
2018-04-26,36.438873291015625
2018-04-27,36.924930572509766
2018-04-30,36.72109603881836
2018-05-01,36.572147369384766
2018-05-02,36.48591232299805
2018-05-03,36.438873291015625
2018-05-04,36.368316650390625
2018-05-07,36.164485931396484
2018-05-08,35.27859115600586
2018-05-09,35.129642486572266
2018-05-10,35.47459030151367
2018-05-11,35.4824333190918
2018-05-14,35.286441802978516
2018-05-15,34.925811767578125
2018-05-16,34.69062042236328
2018-05-17,34.361358642578125
2018-05-18,34.25944137573242
2018-05-21,34.141849517822266
2018-05-22,34.26728439331055
2018-05-23,34.77686309814453
2018-05-24,35.153167724609375
2018-05-25,35.42755889892578
2018-05-29,35.47459030151367
2018-05-30,35.75682067871094
2018-05-31,35.68626403808594
2018-06-01,35.074771881103516
2018-06-04,34.60438919067383
2018-06-05,33.96153259277344
2018-06-06,33.20107650756836
2018-06-07,33.491153717041016
2018-06-08,33.491153717041016
2018-06-11,33.02861404418945
2018-06-12,33.38139724731445
2018-06-13,33.31867980957031
2018-06-14,33.91195297241211
2018-06-15,34.275840759277344
2018-06-18,34.489418029785156
2018-06-19,34.956138610839844
2018-06-20,34.71091079711914
2018-06-21,34.687191009521484
2018-06-22,34.687191009521484
2018-06-25,35.715545654296875
2018-06-26,35.8579216003418
2018-06-27,36.1427001953125
2018-06-28,36.11897277832031
2018-06-29,36.134788513183594
2018-07-02,36.569862365722656
2018-07-03,36.585689544677734
2018-07-05,36.85464096069336
2018-07-06,37.1473274230957
2018-07-09,35.72344970703125
2018-07-10,36.1427001953125
2018-07-11,36.69643020629883
2018-07-12,36.65687561035156
2018-07-13,36.601497650146484
2018-07-16,36.44329071044922
2018-07-17,36.277183532714844
2018-07-18,36.08733367919922
2018-07-19,36.31673049926758
2018-07-20,36.09524154663086
2018-07-23,35.818382263183594
2018-07-24,36.02404022216797
2018-07-25,36.1427001953125
2018-07-26,37.084041595458984
2018-07-27,36.85464096069336
2018-07-30,36.61732482910156
2018-07-31,37.06821823120117
2018-08-01,36.69643020629883
2018-08-02,36.862545013427734
2018-08-03,37.321346282958984
2018-08-06,37.400455474853516
2018-08-07,37.33717346191406
2018-08-08,37.43209457397461
2018-08-09,37.68522644042969
2018-08-10,37.59821319580078
2018-08-13,37.59821319580078
2018-08-14,37.542842864990234
2018-08-15,37.89089584350586
2018-08-16,38.10448455810547
2018-08-17,38.199405670166016
2018-08-20,38.151947021484375
2018-08-21,37.90672302246094
2018-08-22,37.51911544799805
2018-08-23,37.72478103637695
2018-08-24,37.93046569824219
2018-08-27,37.58240509033203
2018-08-28,37.62985610961914
2018-08-29,38.001651763916016
2018-08-30,38.23896026611328
2018-08-31,38.009552001953125
2018-09-04,38.36552810668945
2018-09-05,38.98253631591797
2018-09-06,38.990440368652344
2018-09-07,38.50000762939453
2018-09-10,38.768959045410156
2018-09-11,38.53955841064453
2018-09-12,38.436737060546875
2018-09-13,38.62807083129883
2018-09-14,38.58820343017578
2018-09-17,38.580230712890625
2018-09-18,38.36497116088867
2018-09-19,37.623497009277344
2018-09-20,37.751068115234375
2018-09-21,37.8626823425293
2018-09-24,37.503910064697266
2018-09-25,37.16107940673828
2018-09-26,36.73054504394531
2018-09-27,37.13715744018555
2018-09-28,37.63944625854492
2018-10-01,37.56768035888672
2018-10-02,38.06996536254883
2018-10-03,37.58363723754883
2018-10-04,37.83078384399414
2018-10-05,38.564273834228516
2018-10-08,38.89117431640625
2018-10-09,39.07454299926758
2018-10-10,38.939002990722656
2018-10-11,37.966339111328125
2018-10-12,37.99024200439453
2018-10-15,37.982261657714844
2018-10-16,38.48455810546875
2018-10-17,38.46064376831055
2018-10-18,38.54036331176758
2018-10-19,39.17021560668945
2018-10-22,38.96293258666992
2018-10-23,38.97887420654297
2018-10-24,40.07114028930664
2018-10-25,39.40940475463867
2018-10-26,38.6759033203125
2018-10-29,39.393455505371094
2018-10-30,39.61668014526367
2018-10-31,39.07454299926758
2018-11-01,38.64401626586914
2018-11-02,38.04604721069336
2018-11-05,38.58820343017578
2018-11-06,39.178192138671875
2018-11-07,39.4652099609375
2018-11-08,39.329673767089844
2018-11-09,40.13491439819336
2018-11-12,40.74882507324219
2018-11-13,40.964088439941406
2018-11-14,40.78868103027344
2018-11-15,40.95612335205078
2018-11-16,40.70896530151367
2018-11-19,41.15542984008789
2018-11-20,41.306922912597656
2018-11-21,40.4618034362793
2018-11-23,40.549495697021484
2018-11-26,40.740840911865234
2018-11-27,41.25111389160156
2018-11-28,41.10760498046875
2018-11-29,41.08367156982422
2018-11-30,41.81718063354492
2018-12-03,42.20784378051758
2018-12-04,42.120155334472656
2018-12-06,42.42310333251953
2018-12-07,42.40715789794922
2018-12-10,42.62242889404297
2018-12-11,42.67026138305664
2018-12-12,42.20784378051758
2018-12-13,42.79782485961914
2018-12-14,42.3672981262207
2018-12-17,41.24312973022461
2018-12-18,41.05178451538086
2018-12-19,40.59733200073242
2018-12-20,40.95612335205078
2018-12-21,40.58139419555664
2018-12-24,38.7476692199707
2018-12-26,39.5130500793457
2018-12-27,39.85047912597656
2018-12-28,39.56928253173828
2018-12-31,39.58535385131836
2019-01-02,38.74174880981445
2019-01-03,38.58909225463867
2019-01-04,38.966712951660156
2019-01-07,38.7979850769043
2019-01-08,39.2479133605957
2019-01-09,38.934566497802734
2019-01-10,39.58535385131836
2019-01-11,39.601417541503906
2019-01-14,39.31218719482422
2019-01-15,40.083492279052734
2019-01-16,40.37272644042969
2019-01-17,40.726234436035156
2019-01-18,40.73426818847656
2019-01-22,40.6941032409668
2019-01-23,41.079742431640625
2019-01-24,41.288631439208984
2019-01-25,40.60572052001953
2019-01-28,40.53340530395508
2019-01-29,40.68606185913086
2019-01-30,40.91101837158203
2019-01-31,42.06797409057617
2019-02-01,41.891212463378906
2019-02-04,42.08404541015625
2019-02-05,42.1001091003418
2019-02-06,42.12421798706055
2019-02-07,42.68661117553711
2019-02-08,42.96782684326172
2019-02-11,43.040138244628906
2019-02-12,42.96782684326172
2019-02-13,42.799102783203125
2019-02-14,42.799102783203125
2019-02-15,42.95176315307617
2019-02-19,43.21689987182617
2019-02-20,43.465965270996094
2019-02-21,44.012290954589844
2019-02-22,44.405975341796875
2019-02-25,43.9560661315918
2019-02-26,43.76322937011719
2019-02-27,43.6989631652832
2019-02-28,44.07656478881836
2019-03-01,44.12477111816406
2019-03-04,44.253326416015625
2019-03-05,44.108707427978516
2019-03-06,44.26136016845703
2019-03-07,44.60683822631836
2019-03-08,44.727352142333984
2019-03-11,45.03266143798828
2019-03-12,45.362064361572266
2019-03-13,45.51471710205078
2019-03-14,45.4459342956543
2019-03-15,45.721073150634766
2019-03-18,45.41356658935547
2019-03-19,45.04133224487305
2019-03-20,45.178897857666016
2019-03-21,45.70489501953125
2019-03-22,46.18233871459961
2019-03-25,46.18233871459961
2019-03-26,46.416996002197266
2019-03-27,46.0528564453125
2019-03-28,45.4459342956543
2019-03-29,45.48640060424805
2019-04-01,44.96849822998047
2019-04-02,44.976585388183594
2019-04-03,44.8066520690918
2019-04-04,44.73382568359375
2019-04-05,45.081790924072266
2019-04-08,44.75809860229492
2019-04-09,45.122257232666016
2019-04-10,44.790462493896484
2019-04-11,45.04942321777344
2019-04-12,45.21126174926758
2019-04-15,45.13843536376953
2019-04-16,44.393943786621094
2019-04-17,44.32112503051758
2019-04-18,44.2482795715332
2019-04-22,44.32920455932617
2019-04-23,44.652896881103516
2019-04-24,44.83901596069336
2019-04-25,45.30836486816406
2019-04-26,45.251731872558594
2019-04-29,44.87138366699219
2019-04-30,45.721073150634766
2019-05-01,45.23554229736328
2019-05-02,45.251731872558594
2019-05-03,45.78582000732422
2019-05-06,45.72916030883789
2019-05-07,45.78582000732422
2019-05-08,45.21935272216797
2019-05-09,45.365013122558594
2019-05-10,46.29561996459961
2019-05-13,46.75687026977539
2019-05-14,46.376548767089844
2019-05-15,46.3037223815918
2019-05-16,46.71641159057617
2019-05-17,47.1048469543457
2019-05-20,47.25050735473633
2019-05-21,46.99965286254883
2019-05-22,47.34761047363281
2019-05-23,47.81696319580078
2019-05-24,47.73603439331055
2019-05-28,46.95918273925781
2019-05-29,46.287532806396484
2019-05-30,46.416996002197266
2019-05-31,46.400821685791016
2019-06-03,46.89445114135742
2019-06-04,46.75687026977539
2019-06-05,48.003074645996094
2019-06-06,48.39150619506836
2019-06-07,48.09208679199219
2019-06-10,47.95452880859375
2019-06-11,47.49327087402344
2019-06-12,48.16492462158203
2019-06-13,48.4378776550293
2019-06-14,48.91043472290039
2019-06-17,48.788230895996094
2019-06-18,48.951175689697266
2019-06-19,49.54594421386719
2019-06-20,49.95334243774414
2019-06-21,50.14073181152344
2019-06-24,49.920745849609375
2019-06-25,49.69261169433594
2019-06-26,48.4378776550293
2019-06-27,48.29936599731445
2019-06-28,48.470462799072266
2019-07-01,48.42157745361328
2019-07-02,49.00820541381836
2019-07-03,49.464481353759766
2019-07-05,49.44818115234375
2019-07-08,49.57854080200195
2019-07-09,49.61112976074219
2019-07-10,49.83927536010742
2019-07-11,49.85556411743164
2019-07-12,49.537803649902344
2019-07-15,49.8474235534668
2019-07-16,49.70075607299805
2019-07-17,49.928890228271484
2019-07-18,50.458492279052734
2019-07-19,49.51336669921875
2019-07-22,49.464481353759766
2019-07-23,49.22005081176758
2019-07-24,49.26078414916992
2019-07-25,49.040794372558594
2019-07-26,49.301517486572266
2019-07-29,49.68446350097656
2019-07-30,49.366703033447266
2019-07-31,48.5682373046875
2019-08-01,49.50520706176758
2019-08-02,48.73932647705078
2019-08-05,48.58452224731445
2019-08-06,49.2363395690918
2019-08-07,49.52965545654297
2019-08-08,50.222206115722656
2019-08-09,50.328125
2019-08-12,50.13258361816406
2019-08-13,50.0103759765625
2019-08-14,49.521514892578125
2019-08-15,50.13258361816406
2019-08-16,50.35257339477539
2019-08-19,50.63774490356445
2019-08-20,50.8414306640625
2019-08-21,51.330291748046875
2019-08-22,51.55842590332031
2019-08-23,50.88217544555664
2019-08-26,51.77025604248047
2019-08-27,52.136898040771484
2019-08-28,52.128761291503906
2019-08-29,52.6339225769043
2019-08-30,52.32431411743164
2019-09-03,53.39164352416992
2019-09-04,53.6279411315918
2019-09-05,53.082035064697266
2019-09-06,52.796878814697266
2019-09-09,51.648048400878906
2019-09-10,51.32215118408203
2019-09-11,51.53398132324219
2019-09-12,51.71849060058594
2019-09-13,51.34128189086914
2019-09-16,51.52168273925781
2019-09-17,52.259700775146484
2019-09-18,52.48931121826172
2019-09-19,52.69430923461914
2019-09-20,52.9895133972168
2019-09-23,52.97311019897461
2019-09-24,53.653724670410156
2019-09-25,53.342132568359375
2019-09-26,53.76852035522461
2019-09-27,53.5963249206543
2019-09-30,53.21092224121094
2019-10-01,53.26011657714844
2019-10-02,51.939884185791016
2019-10-03,52.04648971557617
2019-10-04,52.997711181640625
2019-10-07,52.7107048034668
2019-10-08,52.144893646240234
2019-10-09,52.415504455566406
2019-10-10,52.44009017944336
2019-10-11,51.931697845458984
2019-10-14,51.89069366455078
2019-10-15,51.784088134765625
2019-10-16,52.062889099121094
2019-10-17,52.210487365722656
2019-10-18,52.48931121826172
2019-10-21,52.718902587890625
2019-10-22,52.6533088684082
2019-10-23,52.841915130615234
2019-10-24,52.92390823364258
2019-10-25,52.185890197753906
2019-10-28,51.201873779296875
2019-10-29,51.316688537597656
2019-10-30,51.92348861694336
2019-10-31,52.07929611206055
2019-11-01,51.74308776855469
2019-11-04,50.55406951904297
2019-11-05,49.64384078979492
2019-11-06,50.23426818847656
2019-11-07,49.47163772583008
2019-11-08,49.26663589477539
2019-11-11,49.2584342956543
2019-11-12,49.34043502807617
2019-11-13,50.545867919921875
2019-11-14,50.26705551147461
2019-11-15,49.91444396972656
2019-11-18,49.92264938354492
2019-11-19,50.2834587097168
2019-11-20,50.58686447143555
2019-11-21,50.59506607055664
2019-11-22,50.23426818847656
2019-11-25,49.8570556640625
2019-11-26,50.16865539550781
2019-11-27,50.480262756347656
2019-11-29,50.422855377197266
2019-12-02,50.18505859375
2019-12-03,50.398250579833984
2019-12-04,50.849273681640625
2019-12-05,50.955875396728516
2019-12-06,50.841060638427734
2019-12-09,50.61966323852539
2019-12-10,50.677059173583984
2019-12-11,50.97227096557617
2019-12-12,50.316253662109375
2019-12-13,51.05427932739258
2019-12-16,51.68568420410156
2019-12-17,52.03828430175781
2019-12-18,52.30891036987305
2019-12-19,52.358097076416016
2019-12-20,52.604103088378906
2019-12-23,51.67748260498047
2019-12-24,51.87968826293945
2019-12-26,51.82191848754883
2019-12-27,52.09427261352539
2019-12-30,52.23457336425781
2019-12-31,52.3996467590332
2020-01-02,51.48354721069336
2020-01-03,51.731136322021484
2020-01-06,51.656856536865234
2020-01-07,51.549564361572266
2020-01-08,51.50004577636719
2020-01-09,51.61558532714844
2020-01-10,51.6981086730957
2020-01-13,52.30060577392578
2020-01-14,52.38313674926758
2020-01-15,53.20845413208008
2020-01-16,53.670631408691406
2020-01-17,53.95124816894531
2020-01-21,54.471195220947266
2020-01-22,54.652767181396484
2020-01-23,55.213985443115234
2020-01-24,55.43682861328125
2020-01-27,55.23048400878906
2020-01-28,55.478092193603516
2020-01-29,55.64316177368164
2020-01-30,56.74909210205078
2020-01-31,57.103981018066406
2020-02-03,57.31855773925781
2020-02-04,57.194759368896484
2020-02-05,57.194759368896484
2020-02-06,57.194759368896484
2020-02-07,56.707820892333984
2020-02-10,56.9966926574707
2020-02-11,56.91414260864258
2020-02-12,56.971920013427734
2020-02-13,57.62392044067383
2020-02-14,57.987064361572266
2020-02-18,58.72987365722656
2020-02-19,58.42448425292969
2020-02-20,58.32545471191406
2020-02-21,58.449249267578125
2020-02-24,58.077857971191406
2020-02-25,56.81510925292969
2020-02-26,56.41069412231445
2020-02-27,53.52207565307617
2020-02-28,51.43402099609375
2020-03-02,54.363914489746094
2020-03-03,54.23185729980469
2020-03-04,57.11223220825195
2020-03-05,57.15349197387695
2020-03-06,57.896278381347656
2020-03-09,56.11358642578125
2020-03-10,56.526248931884766
2020-03-11,55.14796829223633
2020-03-12,50.911563873291016
2020-03-13,55.521759033203125
2020-03-16,48.47770309448242
2020-03-17,53.93518829345703
2020-03-18,50.97801208496094
2020-03-19,48.170372009277344
2020-03-20,42.05664825439453
2020-03-23,41.53334426879883
2020-03-24,44.897544860839844
2020-03-25,46.14353561401367
2020-03-26,48.103904724121094
2020-03-27,48.81828689575195
2020-03-30,51.96650695800781
2020-03-31,50.089195251464844
2020-04-01,48.245121002197266
2020-04-02,50.18887710571289
2020-04-03,48.062374114990234
2020-04-06,50.795265197753906
2020-04-07,49.20038986206055
2020-04-08,52.16586685180664
2020-04-09,55.04828643798828
2020-04-13,52.88025665283203
2020-04-14,55.031673431396484
2020-04-15,53.4118766784668
2020-04-16,54.20100402832031
2020-04-17,55.77927017211914
2020-04-20,53.453407287597656
2020-04-21,52.672569274902344
2020-04-22,54.25914764404297
2020-04-23,53.47832107543945
2020-04-24,53.63615036010742
2020-04-27,54.38374710083008
2020-04-28,54.9652099609375
2020-04-29,54.05978775024414
2020-04-30,52.79717254638672
2020-05-01,51.65085983276367
2020-05-04,51.82529830932617
2020-05-05,52.56459045410156
2020-05-06,50.853416442871094
2020-05-07,49.80678176879883
2020-05-08,50.097503662109375
2020-05-11,49.94799041748047
2020-05-12,48.834896087646484
2020-05-13,48.2285041809082
2020-05-14,48.34479522705078
2020-05-15,48.0872917175293
2020-05-18,49.94799041748047
2020-05-19,49.59080505371094
2020-05-20,50.04766845703125
2020-05-21,49.9646110534668
2020-05-22,50.14734649658203
2020-05-26,50.72051239013672
2020-05-27,51.27705383300781
2020-05-28,53.170982360839844
2020-05-29,54.018245697021484
2020-06-01,54.616336822509766
2020-06-02,54.88214111328125
2020-06-03,55.505149841308594
2020-06-04,54.018245697021484
2020-06-05,54.20931625366211
2020-06-08,55.61314392089844
2020-06-09,55.13135528564453
2020-06-10,55.59651565551758
2020-06-11,54.05978775024414
2020-06-12,53.223602294921875
2020-06-15,53.106529235839844
2020-06-16,53.298858642578125
2020-06-17,53.42428207397461
2020-06-18,53.942718505859375
2020-06-19,53.524635314941406
2020-06-22,54.4778938293457
2020-06-23,53.675140380859375
2020-06-24,53.24868392944336
2020-06-25,52.5964469909668
2020-06-26,52.10309982299805
2020-06-29,52.22853088378906
2020-06-30,52.26197814941406
2020-07-01,53.675140380859375
2020-07-02,53.59988021850586
2020-07-06,53.165061950683594
2020-07-07,53.181785583496094
2020-07-08,53.32394027709961
2020-07-09,52.88075637817383
2020-07-10,53.32394027709961
2020-07-13,53.65841293334961
2020-07-14,54.05142593383789
2020-07-15,53.68349838256836
2020-07-16,54.34410095214844
2020-07-17,55.51475524902344
2020-07-20,55.14683151245117
2020-07-21,55.37260437011719
2020-07-22,57.17878341674805
2020-07-23,57.0868034362793
2020-07-24,56.76068878173828
2020-07-27,56.4512939453125
2020-07-28,57.1704216003418
2020-07-29,57.47145080566406
2020-07-30,57.69721984863281
2020-07-31,57.730674743652344
2020-08-03,57.496543884277344
2020-08-04,58.47488784790039
2020-08-05,58.35780715942383
2020-08-06,58.617027282714844
2020-08-07,60.49010467529297
2020-08-10,60.58208465576172
2020-08-11,58.96823501586914
2020-08-12,59.77097702026367
2020-08-13,59.603729248046875
2020-08-14,59.14384460449219
2020-08-17,58.700645446777344
2020-08-18,58.53341293334961
2020-08-19,58.18220520019531
2020-08-20,57.705589294433594
2020-08-21,58.20730209350586
2020-08-24,58.876251220703125
2020-08-25,57.67214584350586
2020-08-26,56.9697380065918
2020-08-27,57.3878288269043
2020-08-28,57.404537200927734
2020-08-31,58.09022521972656
2020-09-01,57.3209342956543
2020-09-02,59.829505920410156
2020-09-03,59.076942443847656
2020-09-04,58.55013656616211
2020-09-08,57.78920364379883
2020-09-09,59.026763916015625
2020-09-10,57.8059196472168
2020-09-11,57.580162048339844
2020-09-14,58.5141716003418
2020-09-15,59.246219635009766
2020-09-16,59.67534255981445
2020-09-17,57.588565826416016
2020-09-18,56.29273223876953
2020-09-21,56.073974609375
2020-09-22,56.26750946044922
2020-09-23,55.69533157348633
2020-09-24,56.43579864501953
2020-09-25,57.63905334472656
2020-09-28,57.933563232421875
2020-09-29,57.7652587890625
2020-09-30,58.06819534301758
2020-10-01,59.22096633911133
2020-10-02,59.305118560791016
2020-10-05,60.13816452026367
2020-10-06,60.9627685546875
2020-10-07,60.65983581542969
2020-10-08,61.013248443603516
2020-10-09,61.18156433105469
2020-10-12,61.94724655151367
2020-10-13,61.425567626953125
2020-10-14,60.87862777709961
2020-10-15,60.752403259277344
2020-10-16,61.534942626953125
2020-10-19,60.32326889038086
2020-10-20,60.18862533569336
2020-10-21,60.18862533569336
2020-10-22,60.08766174316406
2020-10-23,60.13816452026367
2020-10-26,60.32326889038086
2020-10-27,60.86178970336914
2020-10-28,59.12000274658203
2020-10-29,59.52389144897461
2020-10-30,58.92647171020508
2020-11-02,60.39899444580078
2020-11-03,61.40873718261719
2020-11-04,61.18996047973633
2020-11-05,62.03982925415039
2020-11-06,61.68642044067383
2020-11-09,61.787391662597656
2020-11-10,62.03982925415039
2020-11-11,62.84761428833008
2020-11-12,62.065059661865234
2020-11-13,62.334327697753906
2020-11-16,62.86442947387695
2020-11-17,61.11421585083008
2020-11-18,59.32193374633789
2020-11-19,58.35427474975586
2020-11-20,58.32063293457031
2020-11-23,57.52125930786133
2020-11-24,57.33613586425781
2020-11-25,57.310882568359375
2020-11-27,56.89857482910156
2020-11-30,56.6797981262207
2020-12-01,57.563323974609375
2020-12-02,57.790531158447266
2020-12-03,56.63773727416992
2020-12-04,55.3250846862793
2020-12-07,56.04872512817383
2020-12-08,55.56911087036133
2020-12-09,55.16520309448242
2020-12-10,54.845455169677734
2020-12-11,54.69398880004883
2020-12-14,54.72765350341797
2020-12-15,55.5522575378418
2020-12-16,55.1904411315918
2020-12-17,56.38530349731445
2020-12-18,55.61958312988281
2020-12-21,55.022159576416016
2020-12-22,54.91203689575195
2020-12-23,54.471595764160156
2020-12-24,54.74264144897461
2020-12-28,55.32707595825195
2020-12-29,55.41178512573242
2020-12-30,55.60660171508789
2020-12-31,56.47055435180664
2021-01-04,55.61506652832031
2021-01-05,55.07297897338867
2021-01-06,56.29268264770508
2021-01-07,55.19156265258789
2021-01-08,55.69978332519531
2021-01-11,54.54783248901367
2021-01-12,53.70082092285156
2021-01-13,55.06451416015625
2021-01-14,53.836334228515625
2021-01-15,55.02215576171875
2021-01-19,54.81039810180664
2021-01-20,55.42025375366211
2021-01-21,55.14921188354492
2021-01-22,54.852745056152344
2021-01-25,56.326560974121094
2021-01-26,55.74211883544922
2021-01-27,54.05656051635742
2021-01-28,53.90410232543945
2021-01-29,54.20055389404297
2021-02-01,54.158199310302734
2021-02-02,54.3784294128418
2021-02-03,53.514461517333984
2021-02-04,53.86174392700195
2021-02-05,53.73469161987305
2021-02-08,52.726741790771484
2021-02-09,52.61663055419922
2021-02-10,52.752166748046875
2021-02-11,52.15077590942383
2021-02-12,52.1253662109375
2021-02-16,51.25293731689453
2021-02-17,51.5832633972168
2021-02-18,52.76909637451172
2021-02-19,52.574283599853516
2021-02-22,51.18517303466797
2021-02-23,52.4556999206543
2021-02-24,50.99883270263672
2021-02-25,50.6854362487793
2021-02-26,49.626670837402344
2021-03-01,50.10099411010742
2021-03-02,49.957000732421875
2021-03-03,49.152347564697266
2021-03-04,49.90617752075195
2021-03-05,51.96442794799805
2021-03-08,52.48111343383789
2021-03-09,52.64204406738281
2021-03-10,52.667457580566406
2021-03-11,52.39641189575195
2021-03-12,52.9749755859375
2021-03-15,53.819766998291016
2021-03-16,54.109901428222656
2021-03-17,53.49549865722656
2021-03-18,53.2480354309082
2021-03-19,53.751502990722656
2021-03-22,54.40003204345703
2021-03-23,55.8421745300293
2021-03-24,55.96163558959961
2021-03-25,56.320037841796875
2021-03-26,56.58456802368164
2021-03-29,57.17338180541992
2021-03-30,56.32856750488281
2021-03-31,56.755252838134766
2021-04-01,56.99416732788086
2021-04-05,58.120567321777344
2021-04-06,58.16322708129883
2021-04-07,58.069366455078125
2021-04-08,57.787757873535156
2021-04-09,57.54030990600586
2021-04-12,57.94990921020508
2021-04-13,58.436302185058594
2021-04-14,58.60698318481445
2021-04-15,59.69923782348633
2021-04-16,60.049110412597656
2021-04-19,60.151512145996094
2021-04-20,61.0560417175293
2021-04-21,60.859771728515625
2021-04-22,60.689109802246094
2021-04-23,60.654972076416016
2021-04-26,60.2453727722168
2021-04-27,59.73337173461914
2021-04-28,59.57123565673828
2021-04-29,60.21121597290039
2021-04-30,60.842708587646484
2021-05-03,61.11577606201172
2021-05-04,61.303504943847656
2021-05-05,60.37336730957031
2021-05-06,61.0560417175293
2021-05-07,60.859771728515625
2021-05-10,61.943504333496094
2021-05-11,60.6123161315918
2021-05-12,59.878440856933594
2021-05-13,60.689109802246094
2021-05-14,61.201107025146484
2021-05-17,60.416046142578125
2021-05-18,60.42457580566406
2021-05-19,60.21977996826172
2021-05-20,61.0816535949707
2021-05-21,61.47417449951172
2021-05-24,61.15843200683594
2021-05-25,60.791507720947266
2021-05-26,60.58670425415039
2021-05-27,59.963768005371094
2021-05-28,60.48429870605469
2021-06-01,59.73337173461914
2021-06-02,59.93817901611328
2021-06-03,60.14297103881836
2021-06-04,59.8016471862793
2021-06-07,59.83576965332031
2021-06-08,58.70936965942383
2021-06-09,59.17869186401367
2021-06-10,59.417640686035156
2021-06-11,59.34084701538086
2021-06-14,59.339111328125
2021-06-15,59.43362045288086
2021-06-16,58.20524978637695
2021-06-17,58.71205520629883
2021-06-18,57.208824157714844
2021-06-21,57.67266845703125
2021-06-22,57.33766555786133
2021-06-23,56.89099884033203
2021-06-24,56.916770935058594
2021-06-25,57.6383171081543
2021-06-28,57.60396194458008
2021-06-29,56.44432067871094
2021-06-30,56.59035110473633
2021-07-01,57.57817840576172
2021-07-02,57.39780044555664
2021-07-06,57.6125602722168
2021-07-07,58.14512634277344
2021-07-08,57.98192596435547
2021-07-09,58.12793731689453
2021-07-12,58.27396774291992
2021-07-13,58.050628662109375
2021-07-14,58.48871994018555
2021-07-15,59.02988052368164
2021-07-16,59.3820686340332
2021-07-19,58.643333435058594
2021-07-20,58.5488395690918
2021-07-21,57.60396194458008
2021-07-22,57.75857162475586
2021-07-23,58.643333435058594
2021-07-26,58.67768859863281
2021-07-27,59.6655387878418
2021-07-28,59.0126953125
2021-07-29,59.09001922607422
2021-07-30,58.626163482666016
2021-08-02,58.892459869384766
2021-08-03,59.0126953125
2021-08-04,59.227439880371094
2021-08-05,59.4765625
2021-08-06,59.339111328125
2021-08-09,59.373477935791016
2021-08-10,59.02129364013672
2021-08-11,59.33052444458008
2021-08-12,59.09001922607422
2021-08-13,59.30475616455078
2021-08-16,59.93181610107422
2021-08-17,60.08644104003906
2021-08-18,59.55387496948242
2021-08-19,60.232460021972656
2021-08-20,60.65339279174805
2021-08-23,59.26179885864258
2021-08-24,58.6605224609375
2021-08-25,58.67768859863281
2021-08-26,58.66911315917969
2021-08-27,59.0126953125
2021-08-30,59.29617691040039
2021-08-31,59.0556526184082
2021-09-01,59.9146614074707
2021-09-02,60.40427017211914
2021-09-03,59.957603454589844
2021-09-07,58.32550811767578
2021-09-08,59.53668975830078
2021-09-09,59.502323150634766
2021-09-10,58.20524978637695
2021-09-13,57.62113571166992
2021-09-14,57.17831039428711
2021-09-15,56.607479095458984
2021-09-16,56.21826934814453
2021-09-17,55.3533821105957
2021-09-20,54.86903762817383
2021-09-21,54.73929977416992
2021-09-22,54.65281295776367
2021-09-23,54.40199661254883
2021-09-24,54.76524353027344
2021-09-27,53.839805603027344
2021-09-28,53.121952056884766
2021-09-29,54.203067779541016
2021-09-30,54.05603790283203
2021-10-01,54.0473747253418
2021-10-04,55.26689147949219
2021-10-05,54.74795913696289
2021-10-06,55.638797760009766
2021-10-07,55.32742691040039
2021-10-08,54.66145706176758
2021-10-11,54.00414276123047
2021-10-12,54.48847579956055
2021-10-13,55.69069290161133
2021-10-14,56.59017562866211
2021-10-15,57.02263641357422
2021-10-18,55.94150924682617
2021-10-19,56.1577262878418
2021-10-20,56.711265563964844
2021-10-21,56.74586486816406
2021-10-22,56.693965911865234
2021-10-25,55.9242057800293
2021-10-26,55.76853942871094
2021-10-27,54.82579040527344
2021-10-28,55.638797760009766
2021-10-29,55.86366271972656
2021-11-01,55.78582763671875
2021-11-02,55.96745300292969
2021-11-03,54.92093276977539
2021-11-04,54.54901885986328
2021-11-05,55.180397033691406
2021-11-08,54.263614654541016
2021-11-09,55.007415771484375
2021-11-10,55.69069290161133
2021-11-11,54.92093276977539
2021-11-12,54.60092544555664
2021-11-15,55.62149429321289
2021-11-16,55.448524475097656
2021-11-17,56.19233322143555
2021-11-18,55.638797760009766
2021-11-19,56.30476379394531
2021-11-22,57.351295471191406
2021-11-23,56.94478225708008
2021-11-24,56.693965911865234
2021-11-26,56.01068878173828
2021-11-29,56.72856140136719
2021-11-30,55.11985397338867
2021-12-01,55.535003662109375
2021-12-02,55.915557861328125
2021-12-03,56.36530303955078
2021-12-06,56.37395477294922
2021-12-07,57.117774963378906
2021-12-08,58.043209075927734
2021-12-09,57.77509307861328
2021-12-10,57.5242805480957
2021-12-13,58.34591293334961
2021-12-14,58.285377502441406
2021-12-15,59.52218246459961
2021-12-16,59.634605407714844
2021-12-17,57.94807434082031
2021-12-20,58.051849365234375
2021-12-21,57.77143859863281
2021-12-22,58.11107635498047
2021-12-23,58.00657272338867
2021-12-27,58.18944549560547
2021-12-28,58.88611602783203
2021-12-29,59.18220520019531
2021-12-30,59.41733169555664
2021-12-31,58.955780029296875
2022-01-03,59.16478729248047
2022-01-04,59.539249420166016
2022-01-05,60.122703552246094
2022-01-06,59.65245819091797
2022-01-07,60.17497634887695
2022-01-10,60.836788177490234
2022-01-11,59.73952865600586
2022-01-12,59.73081588745117
2022-01-13,60.105281829833984
2022-01-14,60.06175994873047
2022-01-18,59.55664825439453
2022-01-19,59.3215446472168
2022-01-20,59.37378692626953
2022-01-21,59.408626556396484
2022-01-24,58.720664978027344
2022-01-25,59.11254119873047
2022-01-26,58.88611602783203
2022-01-27,60.0356330871582
2022-01-28,60.819374084472656
2022-01-31,60.662635803222656
2022-02-01,59.64374542236328
2022-02-02,60.60167694091797
2022-02-03,60.49716567993164
2022-02-04,59.896278381347656
2022-02-07,59.87016677856445
2022-02-08,59.94854736328125
2022-02-09,60.25334930419922
2022-02-10,58.415863037109375
2022-02-11,58.31137466430664
2022-02-14,57.82370376586914
2022-02-15,57.579864501953125
2022-02-16,57.42311477661133
2022-02-17,57.56244659423828
2022-02-18,57.47535705566406
2022-02-22,57.42311477661133
2022-02-23,56.543556213378906
2022-02-24,56.456478118896484
2022-02-25,58.54648971557617
2022-02-28,58.633567810058594
2022-03-01,57.91950225830078
2022-03-02,58.8338737487793
2022-03-03,60.20108413696289
2022-03-04,62.055965423583984
2022-03-07,62.308509826660156
2022-03-08,61.12417984008789
2022-03-09,60.819374084472656
2022-03-10,61.098045349121094
2022-03-11,61.28092575073242
2022-03-14,60.9547004699707
2022-03-15,61.58610534667969
2022-03-16,60.726707458496094
2022-03-17,61.12132263183594
2022-03-18,60.32332992553711
2022-03-21,60.7880973815918
2022-03-22,60.69163131713867
2022-03-23,60.77056121826172
2022-03-24,61.279170989990234
2022-03-25,61.99824142456055
2022-03-28,62.471778869628906
2022-03-29,62.98916244506836
2022-03-30,63.41885757446289
2022-03-31,63.28731918334961
2022-04-01,63.795936584472656
2022-04-04,63.752079010009766
2022-04-05,64.0765380859375
2022-04-06,65.76022338867188
2022-04-07,65.39192199707031
2022-04-08,65.61115264892578
2022-04-11,65.207763671875
2022-04-12,65.5322265625
2022-04-13,65.216552734375
2022-04-14,65.19025421142578
2022-04-18,65.06745147705078
2022-04-19,65.62867736816406
2022-04-20,66.075927734375
2022-04-21,66.03207397460938
2022-04-22,65.15515899658203
2022-04-25,64.62901306152344
2022-04-26,64.34839630126953
2022-04-27,63.98887252807617
2022-04-28,65.66377258300781
2022-04-29,64.2431640625
2022-05-02,63.72577667236328
2022-05-03,63.25224304199219
2022-05-04,64.3659439086914
2022-05-05,63.83100509643555
2022-05-06,64.08531951904297
2022-05-09,64.58515167236328
2022-05-10,64.4448471069336
2022-05-11,64.86577606201172
2022-05-12,64.4974594116211
2022-05-13,65.32176208496094
2022-05-16,65.61993408203125
2022-05-17,66.03207397460938
2022-05-18,65.67253875732422
2022-05-19,65.77777099609375
2022-05-20,65.08499908447266
2022-05-23,65.65499877929688
2022-05-24,66.87391662597656
2022-05-25,66.38285064697266
2022-05-26,65.73393249511719
2022-05-27,66.94407653808594
2022-05-31,66.06713104248047
2022-06-01,65.87423706054688
2022-06-02,66.18991088867188
2022-06-03,65.66377258300781
2022-06-06,65.51469421386719
2022-06-07,66.27762603759766
2022-06-08,64.16423797607422
2022-06-09,62.50685501098633
2022-06-10,62.27009201049805
2022-06-13,59.97254943847656
2022-06-14,58.18668746948242
2022-06-15,58.16018295288086
2022-06-16,57.36528778076172
2022-06-17,56.44673156738281
2022-06-21,57.19746780395508
2022-06-22,58.098358154296875
2022-06-23,59.423194885253906
2022-06-24,60.55373001098633
2022-06-27,61.23381042480469
2022-06-28,61.81671905517578
2022-06-29,62.01103973388672
2022-06-30,62.4968147277832
2022-07-01,64.1484375
2022-07-05,61.72840118408203
2022-07-06,62.71762466430664
2022-07-07,61.45459747314453
2022-07-08,61.47227478027344
2022-07-11,61.72840118408203
2022-07-12,61.38395690917969
2022-07-13,61.11899185180664
2022-07-14,61.21614074707031
2022-07-15,61.79023361206055
2022-07-18,60.54489517211914
2022-07-19,60.81869125366211
2022-07-20,59.705833435058594
2022-07-21,59.794151306152344
2022-07-22,60.65087127685547
2022-07-25,61.34862518310547
2022-07-26,62.01103973388672
2022-07-27,62.04636001586914
2022-07-28,63.7774772644043
2022-07-29,64.63420867919922
2022-08-01,64.64302062988281
2022-08-02,64.87267303466797
2022-08-03,65.63223266601562
2022-08-04,65.8530502319336
2022-08-05,65.18180084228516
2022-08-08,65.27014923095703
2022-08-09,66.08270263671875
2022-08-10,66.3388442993164
2022-08-11,65.897216796875
2022-08-12,67.0895767211914
2022-08-15,67.73433685302734
2022-08-16,68.01693725585938
2022-08-17,67.94629669189453
2022-08-18,67.99927520751953
2022-08-19,67.95512390136719
2022-08-22,67.30154418945312
2022-08-23,66.5508041381836
2022-08-24,66.60379791259766
2022-08-25,67.19554138183594
2022-08-26,66.17986297607422
2022-08-29,66.78926086425781
2022-08-30,65.9678726196289
2022-08-31,65.57925415039062
2022-09-01,66.61262512207031
2022-09-02,65.72056579589844
2022-09-06,65.74707794189453
2022-09-07,67.9904556274414
2022-09-08,67.64598846435547
2022-09-09,67.9904556274414
2022-09-12,68.37025451660156
2022-09-13,66.31233978271484
2022-09-14,66.95063781738281
2022-09-15,65.23485565185547
2022-09-16,65.69715881347656
2022-09-19,66.25720977783203
2022-09-20,65.32376861572266
2022-09-21,64.45254516601562
2022-09-22,64.40809631347656
2022-09-23,63.61687469482422
2022-09-26,62.18559265136719
2022-09-27,60.78097152709961
2022-09-28,61.26103210449219
2022-09-29,58.10507583618164
2022-09-30,56.89603805541992
2022-10-03,58.26510238647461
2022-10-04,59.091880798339844
2022-10-05,57.189414978027344
2022-10-06,54.9580192565918
2022-10-07,53.215576171875
2022-10-10,53.526729583740234
2022-10-11,53.18891143798828
2022-10-12,51.508689880371094
2022-10-13,53.108890533447266
2022-10-14,52.326576232910156
2022-10-17,53.873435974121094
2022-10-18,54.780216217041016
2022-10-19,54.317928314208984
2022-10-20,53.10000228881836
2022-10-21,54.14013671875
2022-10-24,54.744651794433594
2022-10-25,55.473636627197266
2022-10-26,55.62477111816406
2022-10-27,56.229278564453125
2022-10-28,58.11396408081055
2022-10-31,57.88282775878906
2022-11-01,58.58513641357422
2022-11-02,58.06062316894531
2022-11-03,57.91838455200195
2022-11-04,58.27398681640625
2022-11-07,58.007286071777344
2022-11-08,58.75404357910156
2022-11-09,58.32733154296875
2022-11-10,61.43883514404297
2022-11-11,59.998653411865234
2022-11-14,59.41190719604492
2022-11-15,59.909751892089844
2022-11-16,60.73651885986328
2022-11-17,59.68749237060547
2022-11-18,60.78985595703125
2022-11-21,61.05657196044922
2022-11-22,61.20768356323242
2022-11-23,61.51884460449219
2022-11-25,61.90110778808594
2022-11-28,61.687747955322266
2022-11-29,61.20768356323242
2022-11-30,62.42562484741211
2022-12-01,62.398948669433594
2022-12-02,61.465492248535156
2022-12-05,61.05657196044922
2022-12-06,61.625518798828125
2022-12-07,61.225467681884766
2022-12-08,62.061126708984375
2022-12-09,62.08779525756836
2022-12-12,63.643558502197266
2022-12-13,63.65245056152344
2022-12-14,63.34129333496094
2022-12-15,62.78121566772461
2022-12-16,62.15892028808594
2022-12-19,61.696632385253906
2022-12-20,61.77666473388672
2022-12-21,62.59453201293945
2022-12-22,62.2567138671875
2022-12-23,63.05680847167969
2022-12-27,63.625762939453125
2022-12-28,63.16748046875
2022-12-29,63.615028381347656
2022-12-30,62.75572204589844
2023-01-03,62.71992111206055
2023-01-04,63.256988525390625
2023-01-05,61.97698974609375
2023-01-06,63.81195831298828
2023-01-09,64.42958068847656
2023-01-10,64.54592895507812
2023-01-11,65.1456527709961
2023-01-12,64.4027099609375
2023-01-13,63.70452880859375
2023-01-17,63.6329231262207
2023-01-18,61.54734420776367
2023-01-19,60.867061614990234
2023-01-20,61.359371185302734
2023-01-23,60.876007080078125
2023-01-24,61.17139434814453
2023-01-25,61.368324279785156
2023-01-26,61.58313751220703
2023-01-27,61.25196075439453
2023-01-30,60.95656204223633
2023-01-31,61.55629348754883
2023-02-01,62.308170318603516
2023-02-02,62.26342010498047
2023-02-03,60.84916687011719
2023-02-06,61.58313751220703
2023-02-07,61.654747009277344
2023-02-08,60.73279571533203
2023-02-09,60.258392333984375
2023-02-10,61.296714782714844
2023-02-13,61.502586364746094
2023-02-14,60.84916687011719
2023-02-15,60.77754211425781
2023-02-16,60.20468521118164
2023-02-17,60.876007080078125
2023-02-21,60.150978088378906
2023-02-22,59.69447708129883
2023-02-23,59.37224578857422
2023-02-24,58.90677261352539
2023-02-27,58.539798736572266
2023-02-28,57.796852111816406
2023-03-01,56.633209228515625
2023-03-02,57.59096908569336
2023-03-03,58.27125549316406
2023-03-06,58.22651290893555
2023-03-07,56.93754959106445
2023-03-08,57.644683837890625
2023-03-09,57.510414123535156
2023-03-10,56.58846664428711
2023-03-13,58.450279235839844
2023-03-14,59.045799255371094
2023-03-15,60.73306655883789
2023-03-16,60.66990280151367
2023-03-17,60.345088958740234
2023-03-20,60.80525588989258
2023-03-21,59.09992980957031
2023-03-22,57.8818359375
2023-03-23,57.123924255371094
2023-03-24,59.14504623413086
2023-03-27,58.91044998168945
2023-03-28,59.009700775146484
2023-03-29,60.038299560546875
2023-03-30,60.37216567993164
2023-03-31,60.85036849975586
2023-04-03,60.92254638671875
2023-04-04,61.76167297363281
2023-04-05,64.17079162597656
2023-04-06,64.30612182617188
2023-04-10,63.845977783203125
2023-04-11,64.09860229492188
2023-04-12,64.09860229492188
2023-04-13,64.09860229492188
2023-04-14,63.28654861450195
2023-04-17,63.44895553588867
2023-04-18,62.94367980957031
2023-04-19,63.692569732666016
2023-04-20,63.782806396484375
2023-04-21,63.55723571777344
2023-04-24,64.0895767211914
2023-04-25,64.22492980957031
2023-04-26,62.871498107910156
2023-04-27,63.39482116699219
2023-04-28,63.07903289794922
2023-05-01,63.31361389160156
2023-05-02,62.34816360473633
2023-05-03,61.806793212890625
2023-05-04,62.3571891784668
2023-05-05,62.77223587036133
2023-05-08,62.54667282104492
2023-05-09,62.3571891784668
2023-05-10,62.52863693237305
2023-05-11,61.91508102416992
2023-05-12,62.15868377685547
2023-05-15,61.27444839477539
2023-05-16,60.08340835571289
2023-05-17,59.5871696472168
2023-05-18,59.433773040771484
2023-05-19,59.4879150390625
2023-05-22,59.44280242919922
2023-05-23,59.181129455566406
2023-05-24,58.76607894897461
2023-05-25,58.00815200805664
2023-05-26,58.035221099853516
2023-05-30,57.8818359375
2023-05-31,58.91044998168945
2023-06-01,57.34046936035156
2023-06-02,56.97052764892578
2023-06-05,57.701377868652344
2023-06-06,57.349483489990234
2023-06-07,58.02621078491211
2023-06-08,57.8728141784668
2023-06-09,57.25022888183594
2023-06-12,57.3585090637207
2023-06-13,56.96149826049805
2023-06-14,56.852325439453125
2023-06-15,58.5172233581543
2023-06-16,58.153316497802734
2023-06-20,57.380001068115234
2023-06-21,57.14345169067383
2023-06-22,57.097965240478516
2023-06-23,56.49750518798828
2023-06-26,57.18894577026367
2023-06-27,56.80683517456055
2023-06-28,55.7150993347168
2023-06-29,55.76058578491211
2023-06-30,56.561195373535156
2023-07-03,57.29811477661133
2023-07-05,58.0350456237793
2023-07-06,58.007747650146484
2023-07-07,57.25263214111328
2023-07-10,56.997894287109375
2023-07-11,57.42548751831055
2023-07-12,58.0350456237793
2023-07-13,58.52633285522461
2023-07-14,58.471736907958984
2023-07-17,57.50736618041992
2023-07-18,57.316307067871094
2023-07-19,57.67112731933594
2023-07-20,58.73556900024414
2023-07-21,59.326934814453125
2023-07-24,59.208656311035156
2023-07-25,59.09949493408203
2023-07-26,59.18138122558594
2023-07-27,57.19804382324219
2023-07-28,57.21623611450195
2023-07-31,57.07067108154297
2023-08-01,57.17984390258789
2023-08-02,57.2071418762207
2023-08-03,55.78788375854492
2023-08-04,54.94178009033203
2023-08-07,54.36861038208008
2023-08-08,54.25944900512695
2023-08-09,54.304931640625
2023-08-10,54.13207244873047
2023-08-11,54.314029693603516
2023-08-14,53.895530700683594
2023-08-15,52.87657165527344
2023-08-16,53.15861129760742
2023-08-17,52.922061920166016
2023-08-18,52.94026184082031
2023-08-21,52.73100662231445
2023-08-22,52.72190856933594
2023-08-23,52.3306999206543
2023-08-24,51.86671829223633
2023-08-25,52.38529586791992
2023-08-28,52.63092803955078
2023-08-29,52.72190856933594
2023-08-30,52.47626876831055
2023-08-31,51.975894927978516
2023-09-01,51.41181564331055
2023-09-05,50.57482147216797
2023-09-06,51.25716018676758
2023-09-07,51.49370574951172
2023-09-08,51.921302795410156
2023-09-11,52.24882125854492
2023-09-12,52.048675537109375
2023-09-13,52.885677337646484
2023-09-14,53.867919921875
2023-09-15,53.216148376464844
2023-09-18,53.23451232910156
2023-09-19,53.72105026245117
2023-09-20,55.04295349121094
2023-09-21,54.510520935058594
2023-09-22,54.831817626953125
2023-09-25,54.61149597167969
2023-09-26,52.986656188964844
2023-09-27,52.51847457885742
2023-09-28,52.206356048583984
2023-09-29,52.527652740478516
2023-10-02,50.517242431640625
2023-10-03,51.26082229614258
2023-10-04,51.98603820800781
2023-10-05,51.84833526611328
2023-10-06,52.64699172973633
2023-10-09,52.922393798828125
2023-10-10,53.298770904541016
2023-10-11,53.98727035522461
2023-10-12,53.38138961791992
2023-10-13,54.03316879272461
2023-10-16,54.67576599121094
2023-10-17,54.629859924316406
2023-10-18,54.464622497558594
2023-10-19,54.20758056640625
2023-10-20,53.335487365722656
2023-10-23,53.289588928222656
2023-10-24,54.235130310058594
2023-10-25,54.593143463134766
2023-10-26,54.8685417175293
2023-10-27,53.52827072143555
2023-10-30,53.92300796508789
2023-10-31,54.4095458984375
2023-11-01,55.575401306152344
2023-11-02,56.06193542480469
2023-11-03,56.02521514892578
2023-11-06,55.5937614440918
2023-11-07,54.923622131347656
2023-11-08,54.235130310058594
2023-11-09,53.886287689208984
2023-11-10,54.34528732299805
2023-11-13,53.49155044555664
2023-11-14,55.355072021484375
2023-11-15,55.16230392456055
2023-11-16,55.72227478027344
2023-11-17,55.5937614440918
2023-11-20,55.134761810302734
2023-11-21,55.09804153442383
2023-11-22,55.47441864013672
2023-11-24,55.557037353515625
2023-11-27,55.4927864074707
2023-11-28,55.97013854980469
2023-11-29,55.079681396484375
2023-11-30,55.85079574584961
2023-12-01,56.39242172241211
2023-12-04,56.429134368896484
2023-12-05,56.02521514892578
2023-12-06,56.88813400268555
2023-12-07,56.5025634765625
2023-12-08,55.91505432128906
2023-12-11,56.5025634765625
2023-12-12,56.144554138183594
2023-12-13,58.1366081237793
2023-12-14,57.43893051147461
2023-12-15,56.53010940551758
2023-12-18,57.23696517944336
2023-12-19,57.02582931518555
2023-12-20,56.28225326538086
2023-12-21,56.48421096801758
2023-12-22,56.97075271606445
2023-12-26,57.14516830444336
2023-12-27,56.96928024291992
2023-12-28,57.29328918457031
2023-12-29,57.311798095703125
2024-01-02,58.75593185424805
2024-01-03,58.85776901245117
2024-01-04,58.99662780761719
2024-01-05,58.99662780761719
2024-01-08,58.85776901245117
2024-01-09,58.5707893371582
2024-01-10,58.06163787841797
2024-01-11,56.469383239746094
2024-01-12,56.75636291503906
2024-01-16,56.386070251464844
2024-01-17,55.626976013183594
2024-01-18,55.21965408325195
2024-01-19,55.06228256225586
2024-01-22,54.553131103515625
2024-01-23,54.793819427490234
2024-01-24,53.89585876464844
2024-01-25,54.5161018371582
2024-01-26,54.97896194458008
2024-01-29,55.228912353515625
2024-01-30,55.321475982666016
2024-01-31,55.42331314086914
2024-02-01,56.59899139404297
2024-02-02,55.37702941894531
2024-02-05,54.173583984375
2024-02-06,54.099517822265625
2024-02-07,54.03472900390625
2024-02-08,53.692203521728516
2024-02-09,53.849571228027344
2024-02-12,54.59016036987305
2024-02-13,53.9514045715332
2024-02-14,54.321693420410156
2024-02-15,54.6271858215332
2024-02-16,54.68273162841797
2024-02-20,54.793819427490234
2024-02-21,55.367774963378906
2024-02-22,54.92341995239258
2024-02-23,54.92341995239258
2024-02-26,53.73849105834961
2024-02-27,53.9514045715332
2024-02-28,53.38671112060547
2024-02-29,48.776588439941406
2024-03-01,45.8883171081543
2024-03-04,47.26765441894531
2024-03-05,45.036651611328125
2024-03-06,44.842247009277344
2024-03-07,46.32341384887695
2024-03-08,47.230628967285156
2024-03-11,48.980247497558594
2024-03-12,48.04526138305664
2024-03-13,47.67496871948242
2024-03-14,48.54328918457031
2024-03-15,48.646217346191406
2024-03-18,48.69300079345703
2024-03-19,49.05791473388672
2024-03-20,49.198272705078125
2024-03-21,48.93627166748047
2024-03-22,48.90821075439453
2024-03-25,49.10470199584961
2024-03-26,48.46843719482422
2024-03-27,49.946815490722656
2024-03-28,50.29301834106445
2024-04-01,49.853248596191406
2024-04-02,50.6017951965332
2024-04-03,50.61115646362305
2024-04-04,50.31173324584961
2024-04-05,50.0871696472168
2024-04-08,50.6017951965332
2024-04-09,50.87314224243164
2024-04-10,50.29301834106445
2024-04-11,50.049747467041016
2024-04-12,49.75032043457031
2024-04-15,49.75032043457031
2024-04-16,49.1514892578125
2024-04-17,49.7690315246582
2024-04-18,50.30237579345703
2024-04-19,51.20063400268555
2024-04-22,51.425193786621094
2024-04-23,51.71525573730469
2024-04-24,51.77140808105469
2024-04-25,51.47198486328125
2024-04-26,50.4895133972168
2024-04-29,50.97606658935547
2024-04-30,50.2743034362793
2024-05-01,50.32108688354492
2024-05-02,50.3304443359375
2024-05-03,50.760860443115234
2024-05-06,50.863792419433594
2024-05-07,51.48133087158203
2024-05-08,51.39712905883789
2024-05-09,51.687191009521484
2024-05-10,51.893035888671875
2024-05-13,52.23923873901367
2024-05-14,51.98660659790039
2024-05-15,52.201820373535156
2024-05-16,52.25794982910156
2024-05-17,51.94918441772461
2024-05-20,52.46379852294922
2024-05-21,53.09071731567383
2024-05-22,51.94918441772461
2024-05-23,50.573726654052734
2024-05-24,50.26494598388672
2024-05-28,50.28366470336914
2024-05-29,49.8719596862793
2024-05-30,50.82635498046875
2024-05-31,51.88368606567383
2024-06-03,51.72461700439453
2024-06-04,52.4263801574707
2024-06-05,51.612335205078125
2024-06-06,51.2942008972168
2024-06-07,51.2193489074707
2024-06-10,51.687191009521484
2024-06-11,51.50005340576172
2024-06-12,51.2474250793457
2024-06-13,50.84506607055664
2024-06-14,50.824275970458984
2024-06-17,50.32331085205078
2024-06-18,50.20988464355469
2024-06-20,50.59742736816406
2024-06-21,50.44618606567383
2024-06-24,51.02277374267578
2024-06-25,50.79592514038086
2024-06-26,50.84318161010742
2024-06-27,50.89989471435547
2024-06-28,50.48400115966797
2024-07-01,49.55768585205078
2024-07-02,50.28550720214844
2024-07-03,49.86015319824219
2024-07-05,49.803443908691406
2024-07-08,49.255218505859375
2024-07-09,49.595497131347656
2024-07-10,49.708927154541016
2024-07-11,51.1172981262207
2024-07-12,51.306339263916016
2024-07-15,50.31386184692383
2024-07-16,50.97551345825195
2024-07-17,52.289363861083984
2024-07-18,52.724159240722656
2024-07-19,52.875396728515625
2024-07-22,52.68635559082031
2024-07-23,52.11922073364258
2024-07-24,53.27238845825195
2024-07-25,53.75444793701172
2024-07-26,54.21760559082031
2024-07-29,54.52952194213867
2024-07-30,55.41802215576172
2024-07-31,55.08720016479492
2024-08-01,55.871726989746094
2024-08-02,56.47666931152344
2024-08-05,54.813087463378906
2024-08-06,54.69021224975586
2024-08-07,55.162818908691406
2024-08-08,54.96432113647461
2024-08-09,54.78473663330078
2024-08-12,54.84144592285156
2024-08-13,56.391597747802734
2024-08-14,55.729949951171875
2024-08-15,55.67323303222656
2024-08-16,56.694068908691406
2024-08-19,56.85475540161133
2024-08-20,56.703521728515625
2024-08-21,56.675167083740234
2024-08-22,56.63734817504883
2024-08-23,56.82639694213867
2024-08-26,58.092987060546875
2024-08-27,57.55421447753906
2024-08-28,57.35572052001953
2024-08-29,58.02682113647461
2024-08-30,57.87559127807617
2024-09-03,59.09492492675781
2024-09-04,59.699859619140625
2024-09-05,59.98341751098633
2024-09-06,59.46354675292969
2024-09-09,60.01177978515625
2024-09-10,60.34260559082031
2024-09-11,60.35205078125
2024-09-12,60.389869689941406
2024-09-13,60.864654541015625
2024-09-16,61.55109786987305
2024-09-17,61.493896484375
2024-09-18,61.36042404174805
2024-09-19,61.07440185546875
2024-09-20,61.141136169433594
2024-09-23,60.979061126708984
2024-09-24,61.17927169799805
2024-09-25,61.19834518432617
2024-09-26,60.99812698364258
2024-09-27,61.56063461303711
2024-09-30,62.25661087036133
2024-10-01,62.275672912597656
2024-10-02,62.11360549926758
2024-10-03,61.3985595703125
2024-10-04,60.75978088378906
2024-10-07,60.07333755493164
2024-10-08,59.997066497802734
2024-10-09,59.66337966918945
2024-10-10,59.2629508972168
2024-10-11,59.40596389770508
2024-10-14,60.08287048339844
2024-10-15,60.4737663269043
2024-10-16,61.026737213134766
2024-10-17,60.30215072631836
2024-10-18,61.08393478393555
2024-10-21,60.4737663269043
2024-10-22,60.71211242675781
2024-10-23,61.32228469848633
2024-10-24,62.07546615600586
2024-10-25,61.45575714111328
2024-10-28,61.474830627441406
2024-10-29,60.38795471191406
2024-10-30,60.11146926879883
2024-10-31,63.696231842041016
2024-11-01,63.58183288574219
2024-11-04,62.75237274169922
2024-11-05,63.23860168457031
2024-11-06,63.39113998413086
2024-11-07,63.114662170410156
2024-11-08,64.23014068603516
2024-11-11,65.45047760009766
2024-11-12,65.412353515625
2024-11-13,65.45047760009766
2024-11-14,65.69837188720703
2024-11-15,66.22272491455078
2024-11-18,66.68035888671875
2024-11-19,66.32759857177734
2024-11-20,66.78522491455078
2024-11-21,68.0532455444336
2024-11-22,68.0246353149414
2024-11-25,68.26297760009766
2024-11-26,68.5204086303711
2024-11-27,69.52146911621094
2024-11-29,69.1782455444336
2024-12-02,67.88162994384766
2024-12-03,67.69094848632812
2024-12-04,67.42401123046875
2024-12-05,67.5574722290039
2024-12-06,66.48967742919922
2024-12-09,65.88904571533203
2024-12-10,65.92718505859375
2024-12-11,65.17400360107422
2024-12-12,65.29793548583984
2024-12-13,64.94517517089844
2024-12-16,64.50662231445312
2024-12-17,64.90705871582031
2024-12-18,63.30533981323242
2024-12-19,63.54368209838867
2024-12-20,64.25873565673828
2024-12-23,64.5638198852539
2024-12-24,65.03096771240234
2024-12-26,65.00238800048828
2024-12-27,64.96424865722656
2024-12-30,64.43988037109375
2024-12-31,64.37313842773438
2025-01-02,63.7439079284668
2025-01-03,63.58183288574219
2025-01-06,62.61860275268555
2025-01-07,63.09925842285156
2025-01-08,63.820220947265625
2025-01-10,60.917118072509766
2025-01-13,61.15744400024414
2025-01-14,61.599639892578125
2025-01-15,62.42635726928711
2025-01-16,63.63758087158203
2025-01-17,64.137451171875
2025-01-21,65.06029510498047
2025-01-22,64.38738250732422
2025-01-23,63.50299072265625
2025-01-24,64.0317153930664
2025-01-27,65.35829162597656
2025-01-28,63.858673095703125
2025-01-29,63.51260757446289
2025-01-30,64.27203369140625
2025-01-31,64.598876953125
2025-02-03,65.1275863647461
2025-02-04,64.71422576904297
2025-02-05,65.31983184814453
2025-02-06,64.52198028564453
2025-02-07,64.0220947265625
2025-02-10,64.29125213623047
2025-02-11,64.5892562866211
2025-02-12,64.79113006591797
2025-02-13,65.75242614746094
2025-02-14,65.95429229736328
2025-02-18,65.88700103759766
2025-02-19,66.39649200439453
2025-02-20,66.6368179321289
2025-02-21,67.23281860351562
2025-02-24,68.04029846191406
2025-02-25,67.72306823730469
2025-02-26,67.26165771484375
2025-02-27,68.02107238769531
2025-02-28,69.30919647216797
2025-03-03,69.11695098876953
2025-03-04,67.3193359375
2025-03-05,66.06965637207031
2025-03-06,65.04106903076172
2025-03-07,65.36790466308594
2025-03-10,66.66565704345703
2025-03-11,66.06965637207031
2025-03-12,66.18500518798828
2025-03-13,66.01197814941406
2025-03-14,67.61138153076172
2025-03-17,67.81494140625
2025-03-18,68.12512969970703
2025-03-19,68.08635711669922
2025-03-20,67.94095611572266
2025-03-21,66.99101257324219
2025-03-24,66.74866485595703
2025-03-25,65.84718322753906
2025-03-26,66.80683135986328
2025-03-27,67.19456481933594
2025-03-28,67.5822982788086
2025-03-31,68.61949920654297
2025-04-01,68.55164337158203
2025-04-02,68.72611999511719
2025-04-03,69.92809295654297
2025-04-04,65.80841064453125
2025-04-07,65.00386047363281
2025-04-08,64.9844741821289
2025-04-09,66.47726440429688
2025-04-10,66.3124771118164
2025-04-11,67.42720031738281
2025-04-14,68.56134033203125
2025-04-15,68.11542510986328
2025-04-16,66.98130798339844
2025-04-17,67.97972869873047
2025-04-21,66.85529327392578
2025-04-22,69.20109558105469
2025-04-23,69.35618591308594
2025-04-24,68.13481903076172
2025-04-25,66.8843765258789
2025-04-28,67.44659423828125
2025-04-29,68.503173828125
2025-04-30,68.5322494506836
2025-05-01,68.241455078125
2025-05-02,68.60010528564453
2025-05-05,68.7164306640625
2025-05-06,68.88121032714844
2025-05-07,69.17201232910156
2025-05-08,68.01850128173828
2025-05-09,68.44500732421875
2025-05-12,65.70177459716797
2025-05-13,66.21553802490234
2025-05-14,66.69049835205078
2025-05-15,69.07508850097656
2025-05-16,70.16073608398438
2025-05-19,69.9959487915039
2025-05-20,70.10257720947266
2025-05-21,67.77616882324219
2025-05-22,67.08793640136719
2025-05-23,67.59199523925781
2025-05-27,67.66954040527344
2025-05-28,66.81652069091797
2025-05-29,67.3399658203125
2025-05-30,67.95064544677734
2025-06-02,67.59199523925781
2025-06-03,67.20426177978516
2025-06-04,66.39970397949219
2025-06-05,66.46756744384766
2025-06-06,66.4094009399414
2025-06-09,66.28338623046875
2025-06-10,66.84559631347656
2025-06-11,66.1573715209961
2025-06-12,66.95223236083984
2025-06-13,66.09211730957031
2025-06-16,65.28087615966797
2025-06-17,64.1666259765625
2025-06-18,64.78239440917969
2025-06-20,65.13426208496094
2025-06-23,66.37556457519531
2025-06-24,66.6883316040039
2025-06-25,65.79889678955078
2025-06-26,66.21917724609375
2025-06-27,66.24848937988281
2025-06-30,66.56126403808594
2025-07-01,67.15748596191406
2025-07-02,66.03346252441406
2025-07-03,66.64923858642578
2025-07-07,66.34623718261719
2025-07-08,66.03346252441406
2025-07-09,66.30713653564453
2025-07-10,66.90335845947266
2025-07-11,67.06952667236328
2025-07-14,67.60709381103516
2025-07-15,66.78607177734375
2025-07-16,67.60709381103516
2025-07-17,68.07624816894531
2025-07-18,68.78974914550781
2025-07-21,69.9528579711914
2025-07-22,71.40918731689453
2025-07-23,70.86185455322266
2025-07-24,71.13552856445312
2025-07-25,71.01823425292969
2025-07-28,69.53257751464844
2025-07-29,70.70545959472656
2025-07-30,70.75433349609375
2025-07-31,71.78060913085938
2025-08-01,71.8099365234375
2025-08-04,72.56253814697266
2025-08-05,72.0640640258789
2025-08-06,71.6437759399414
2025-08-07,71.57535552978516
2025-08-08,71.673095703125
2025-08-11,71.03778076171875
2025-08-12,70.75433349609375
2025-08-13,71.27235412597656
2025-08-14,70.75433349609375
2025-08-15,70.30472564697266
2025-08-18,70.57839965820312
2025-08-19,71.56558227539062
2025-08-20,71.5167007446289
2025-08-21,71.50694274902344
2025-08-22,72.58208465576172
2025-08-25,71.37987518310547
2025-08-26,70.90094757080078
2025-08-27,71.2234878540039
2025-08-28,70.70545959472656
2025-08-29,70.75433349609375
2025-09-02,70.50997924804688
2025-09-03,70.7934341430664
2025-09-04,70.60772705078125
2025-09-05,71.03778076171875
2025-09-08,70.12879943847656
2025-09-09,70.39269256591797
2025-09-10,70.67613983154297
2025-09-11,71.20393371582031
2025-09-12,71.69264221191406
2025-09-15,71.95861053466797
2025-09-16,71.03265380859375
2025-09-17,70.97354888916016
2025-09-18,71.09175872802734
2025-09-19,71.03265380859375
2025-09-22,71.2690658569336
2025-09-23,71.94876098632812
2025-09-24,76.76570129394531
2025-09-25,76.09586334228516
2025-09-26,78.09553527832031
2025-09-29,78.85403442382812
2025-09-30,79.44506072998047
2025-10-01,79.11014556884766
2025-10-02,78.4107437133789
2025-10-03,79.0608901977539
2025-10-06,79.78983306884766
2025-10-07,80.62713623046875
2025-10-08,80.62713623046875
2025-10-09,80.04595184326172
2025-10-10,79.72087860107422
2025-10-13,78.96238708496094
2025-10-14,79.64207458496094
2025-10-15,80.57788848876953
2025-10-16,79.88834381103516
2025-10-17,79.94744110107422
2025-10-20,80.0656509399414
2025-10-21,79.43521118164062
2025-10-22,79.48446655273438
2025-10-23,79.20864868164062
2025-10-24,79.1889419555664
2025-10-27,79.48446655273438
2025-10-28,78.6274642944336
2025-10-29,78.49940490722656
2025-10-30,80.37101745605469
2025-10-31,79.95729064941406
2025-11-03,80.04595184326172
2025-11-04,80.37101745605469
2025-11-05,79.97699737548828
2025-11-06,79.33670806884766
2025-11-07,79.70117950439453
2025-11-10,79.19879913330078
2025-11-11,79.94744110107422
2025-11-12,79.5140151977539
2025-11-13,78.94268035888672
2025-11-14,79.37611389160156
2025-11-17,80.09519958496094
2025-11-18,79.78983306884766
2025-11-19,78.47969818115234
2025-11-20,78.3023910522461
2025-11-21,78.47969818115234
2025-11-24,79.0608901977539
2025-11-25,79.1889419555664
2025-11-26,80.03609466552734
2025-11-28,80.88325500488281
2025-12-01,78.53881072998047
2025-12-02,77.85912322998047
2025-12-03,77.21882629394531
2025-12-04,76.60809326171875
2025-12-05,76.02690887451172
2025-12-08,74.59857177734375
2025-12-09,74.5887222290039
2025-12-10,73.50515747070312
2025-12-11,73.56426239013672
2025-12-12,74.02723693847656
2025-12-15,74.5887222290039
2025-12-16,72.62844848632812
2025-12-17,72.0472640991211
2025-12-18,72.51024627685547
2025-12-19,71.58428955078125
2025-12-22,72.74665832519531
2025-12-23,72.90426635742188
2025-12-24,72.98307037353516
2025-12-26,73.30814361572266
2025-12-29,73.57616424560547
2025-12-30,73.6456527709961
2025-12-31,73.31806945800781
2026-01-02,74.13204956054688
2026-01-05,73.52652740478516
2026-01-06,73.8838882446289
2026-01-07,72.68276977539062
2026-01-08,72.84159088134766
2026-01-09,73.71513366699219
2026-01-12,73.45703887939453
2026-01-13,74.39014434814453
2026-01-14,75.64089965820312
2026-01-15,74.80706024169922
2026-01-16,75.05522918701172
2026-01-20,75.65082550048828
2026-01-21,75.94862365722656
2026-01-22,75.30339813232422
2026-01-23,74.45963287353516
2026-01-26,75.17435455322266
2026-01-27,75.76995086669922
2026-01-28,75.4522933959961
2026-01-29,75.41259002685547
2026-01-30,75.50192260742188
2026-02-02,73.95337677001953
2026-02-03,75.39273071289062
2026-02-04,75.64089965820312
2026-02-05,75.56149291992188
2026-02-06,75.34310150146484
2026-02-09,75.86920928955078
2026-02-10,76.93135833740234
2026-02-11,77.34827423095703
2026-02-12,78.40050506591797
2026-02-13,80.99134826660156
2026-02-17,80.15751647949219
2026-02-18,79.09536743164062
2026-02-19,80.22700500488281
2026-02-20,80.95164489746094
2026-02-23,82.73843383789062
2026-02-24,83.2943344116211
2026-02-25,82.93697357177734
2026-02-26,82.85755920410156
2026-02-27,82.74836730957031
2026-03-02,83.18514251708984
2026-03-03,82.55976104736328
2026-03-04,82.43071746826172
2026-03-05,81.77555084228516
2026-03-06,81.9145278930664
2026-03-09,81.49761199951172
2026-03-10,81.27922058105469
2026-03-11,80.40567779541016
2026-03-12,80.22700500488281
2026-03-13,81.91000366210938
2026-03-16,81.62999725341797
2026-03-17,81.41000366210938
2026-03-18,80.0199966430664
2026-03-19,79.52999877929688
2026-03-20,76.7699966430664
2026-03-23,76.94999694824219
2026-03-24,77.95999908447266
2026-03-25,77.69999694824219
2026-03-26,77.93000030517578
2026-03-27,78.08999633789062
2026-03-30,79.16999816894531
2026-03-31,79.44000244140625
2026-04-01,79.70999908447266
2026-04-02,80.73999786376953
2026-04-06,80.38999938964844
2026-04-07,80.54000091552734
2026-04-08,81.45999908447266
2026-04-09,82.7699966430664
2026-04-10,82.37999725341797
2026-04-13,80.44999694824219
2026-04-14,79.83000183105469
2026-04-15,78.6500015258789
2026-04-16,81.05000305175781
2026-04-17,81.08000183105469
2026-04-20,80.31999969482422
2026-04-21,79.08000183105469
2026-04-22,78.11000061035156
2026-04-23,79.4800033569336
2026-04-24,79.1500015258789
2026-04-27,79.41000366210938
2026-04-28,79.4800033569336
2026-04-29,78.81999969482422
2026-04-30,82.94999694824219
2026-05-01,82.58000183105469
2026-05-04,81.16999816894531
2026-05-05,81.44999694824219
2026-05-06,80.55000305175781
2026-05-07,80.43000030517578
2026-05-08,79.38999938964844
2026-05-11,80.51499938964844
